2.158562421774648521e-01
3.301686667482521265e-01
4.444810913190393453e-01
5.587935158898266197e-01
6.731059404606138941e-01
7.874183650314010574e-01
9.017307896021884428e-01
1.016043214172975606e+00
1.130355638743762992e+00
1.244668063314550155e+00
1.358980487885337318e+00
1.473292912456124704e+00
1.587605337026911867e+00
1.701917761597699252e+00
1.816230186168486416e+00
1.930542610739273801e+00
2.044855035310061186e+00
2.159167459880848128e+00
2.273479884451635513e+00
2.387792309022422899e+00
2.502104733593209840e+00
2.616417158163997225e+00
2.730729582734784611e+00
2.845042007305571996e+00
2.959354431876358937e+00
3.073666856447146323e+00
3.187979281017933708e+00
3.302291705588720649e+00
3.416604130159508035e+00
3.530916554730295420e+00
3.645228979301082806e+00
3.759541403871869747e+00
3.873853828442657132e+00
3.988166253013444518e+00
4.102478677584231903e+00
4.216791102155019288e+00
4.331103526725806674e+00
4.445415951296594059e+00
4.559728375867381445e+00
4.674040800438168830e+00
4.788353225008955327e+00
4.902665649579742713e+00
5.016978074150530098e+00
5.131290498721317483e+00
5.245602923292104869e+00
5.359915347862892254e+00
5.474227772433679640e+00
5.588540197004466137e+00
5.702852621575253522e+00
5.817165046146040908e+00
5.931477470716828293e+00
6.045789895287615678e+00
6.160102319858403064e+00
6.274414744429190449e+00
6.388727168999976946e+00
6.503039593570764332e+00
6.617352018141551717e+00
6.731664442712339103e+00
6.845976867283126488e+00
6.960289291853913873e+00
7.074601716424701259e+00
7.188914140995487756e+00
7.303226565566275141e+00
7.417538990137062527e+00
7.531851414707849912e+00
7.646163839278637298e+00
7.760476263849424683e+00
7.874788688420212068e+00
7.989101112990998566e+00
8.103413537561785063e+00
8.217725962132572448e+00
8.332038386703359834e+00
8.446350811274147219e+00
8.560663235844934604e+00
8.674975660415721990e+00
8.789288084986509375e+00
8.903600509557296760e+00
9.017912934128084146e+00
9.132225358698871531e+00
9.246537783269657140e+00
9.360850207840444526e+00
9.475162632411231911e+00
9.589475056982019296e+00
9.703787481552806682e+00
9.818099906123594067e+00
9.932412330694381453e+00
1.004672475526516884e+01
1.016103717983595622e+01
1.027534960440674361e+01
1.038966202897753099e+01
1.050397445354831838e+01
1.061828687811910576e+01
1.073259930268989315e+01
1.084691172726067876e+01
1.096122415183146614e+01
1.107553657640225353e+01
1.118984900097304092e+01
1.130416142554382830e+01
1.141847385011461569e+01
1.153278627468540307e+01
