3.726622060532595870e-02
1.127075940258638470e-01
2.276875185764458132e-01
4.462857150540232021e-01
6.203462332472012841e-01
6.830625557293409367e-01
1.042545244739286225e+00
1.300681992346933491e+00
1.370669772508161799e+00
2.126446905028438916e+00
2.167092600138997849e+00
2.477492723365698257e+00
3.205334466887510114e+00
3.443884052945769270e+00
3.988468467116309757e+00
4.511034301515702616e+00
5.585559759850834638e+00
6.923431324824625754e+00
7.683710177926227125e+00
7.606872271918615702e+00
9.819568624473596685e+00
1.115518347372147723e+01
1.521006861159002455e+01
1.843675100305033965e+01
1.859099046601565774e+01
2.312972261409743879e+01
2.142102830464485308e+01
2.092639681796360307e+01
1.960376140409437085e+01
1.989519144237515746e+01
2.036176458381382304e+01
1.897438037601908434e+01
2.180808559670380831e+01
1.665504400633706794e+01
1.077067581286267206e+01
8.973516136234557905e+00
8.977538268740600458e+00
8.409845199498352741e+00
8.555723147745828427e+00
9.662124756650595003e+00
1.014107075519032541e+01
9.954992808968018636e+00
1.145791121092528186e+01
1.799521593589801682e+01
1.691376921624672391e+01
1.572191677732315540e+01
1.858803043702372193e+01
1.391689111179348615e+01
1.349429878839942631e+01
1.238456441661194596e+01
1.049287087780435179e+01
7.071227630070405112e+00
6.281707601100560368e+00
6.239523035217136027e+00
5.490382209884021592e+00
5.043426127716142737e+00
4.601071023887387312e+00
4.731852383704794107e+00
5.016788448014995794e+00
4.406611777366363114e+00
2.992962756809517622e+00
3.581918638353716045e+00
2.879278249683371982e+00
3.535539757813787709e+00
3.558220893848033306e+00
4.408766223227320147e+00
4.873294449034943909e+00
5.662630879264232142e+00
5.928893002181534477e+00
6.169462874233953897e+00
6.195162137830356741e+00
6.707312366171709783e+00
7.195901476909010164e+00
4.800966542606357024e+00
5.118758475049630441e+00
9.182947883564311908e+00
7.424128262340841999e+00
5.936254612359501692e+00
6.681980140599885765e+00
6.526009963450543516e+00
6.176125351404931685e+00
6.286433201880329946e+00
6.280294082320140525e+00
6.324998651836978070e+00
6.385972161586779272e+00
6.465673198180042824e+00
6.428856520787582518e+00
6.400596972595692158e+00
6.522299122402866800e+00
6.628880199031441656e+00
6.554579096784733494e+00
6.459925141199026832e+00
6.543629067986555192e+00
6.372333414930720252e+00
6.692644353489286324e+00
6.524143194434160797e+00
6.807738397563332100e+00
6.639433109159210034e+00
6.588993427440649420e+00
6.591707025720968005e+00
