3.544835618555396139e-02
1.108897296060918497e-01
2.522286882433684152e-01
4.135641554981282497e-01
5.239994189992766005e-01
7.744102428228921697e-01
9.575600831149376768e-01
1.372033170822990922e+00
1.585632240146220173e+00
2.266296285498861529e+00
2.431541562275294943e+00
2.860832670597714511e+00
3.264727188720911055e+00
4.155479257040052943e+00
5.594244717801217348e+00
5.553933183413031216e+00
5.066292178822853209e+00
7.397780197014220960e+00
7.956534618926414559e+00
8.172348376806848336e+00
1.021062065357725679e+01
1.206929813177024791e+01
1.442545424731698311e+01
1.746950227221976348e+01
1.997598278337229516e+01
1.934810959828319454e+01
1.809455179915094192e+01
1.665682711025828766e+01
1.650532774386000767e+01
1.613132668204093179e+01
1.647290754216595587e+01
1.756889874076055591e+01
2.267309561365098602e+01
1.636503494555354976e+01
1.170235219752168021e+01
1.018498716267306747e+01
1.003823430115759763e+01
9.284813030692083302e+00
8.937356724597631086e+00
9.178175368046497695e+00
1.022384748464590665e+01
1.074855992364012280e+01
1.480817026603015485e+01
1.978950974274494001e+01
1.947249713882456845e+01
1.956426595232019849e+01
2.003724395828692550e+01
1.316731145099778999e+01
1.455822642882937856e+01
1.063360715419230651e+01
7.955250441153718377e+00
5.630084275725421250e+00
4.271402021834810547e+00
4.142657910107475416e+00
3.944434134911571022e+00
3.649426154798165456e+00
3.752445127608369901e+00
3.779884589135539485e+00
4.040621907984987438e+00
5.051384205163241603e+00
9.209866331831726427e+00
7.360900073405411526e+00
5.766779991064608701e+00
5.893180234896488123e+00
6.049205423147618887e+00
6.278368110857475592e+00
5.757056933948573985e+00
6.168397619477655525e+00
5.862751820262957381e+00
4.962868564800456461e+00
6.417448304235548129e+00
6.303068846263648162e+00
5.076202098588755263e+00
4.258701259010749141e+00
4.843626578883866607e+00
5.915725894805859753e+00
9.177134099023064095e+00
6.993203843256574181e+00
6.242853398239612162e+00
6.137370670895499813e+00
6.050904240898226760e+00
5.943046960530584677e+00
5.841801574516400031e+00
5.507996323288768536e+00
5.629536757791918866e+00
5.559148156114473771e+00
5.547912691708335231e+00
5.505694914059078293e+00
5.509159315742966356e+00
5.700832018812475255e+00
5.947431137290083214e+00
5.787678814323188092e+00
6.098561611490190160e+00
6.087366393473316428e+00
6.290364062122842270e+00
6.487968238703042623e+00
6.585916952837436611e+00
6.879914564942620991e+00
7.001774355253072457e+00
7.033623096100215299e+00
