3.317602566083896476e-02
1.290683738038119477e-01
2.449572305642803149e-01
5.180913596350170680e-01
6.094390467285683011e-01
6.089845806236252601e-01
8.989339555772853929e-01
1.485195230953808121e+00
1.902362856066531993e+00
2.139397494588018755e+00
2.806528007448033435e+00
3.157561191353054575e+00
3.191349429115304392e+00
3.027691675035275587e+00
4.397536566859580276e+00
5.011601622952449375e+00
5.615969220541378704e+00
6.351476818643478239e+00
7.767521125254854830e+00
7.996786448337641851e+00
1.205181674668405911e+01
1.527125832996550159e+01
1.920185872929095083e+01
2.130698250574114638e+01
2.279620666388330363e+01
2.300327283234786080e+01
1.875468262457456703e+01
1.706810110146247794e+01
2.023126606236269254e+01
1.704730670294084049e+01
1.567640023917746994e+01
1.781648877920275353e+01
1.677367995197318251e+01
1.235288721012593349e+01
1.033643020905097920e+01
9.819912171888519836e+00
9.831869372161964549e+00
1.003136557107448645e+01
1.178503130601096061e+01
1.211237545316747521e+01
1.238732891457910590e+01
1.883702635243360390e+01
2.098404883322132974e+01
1.712891805285279645e+01
1.633280792883528321e+01
1.611741624394457872e+01
1.360031437138574262e+01
1.088614952172405204e+01
9.199999654497801771e+00
7.805775508454608769e+00
7.705618180448163379e+00
7.481076477527016877e+00
6.538247141717869582e+00
6.014663616007231539e+00
5.461481538557833915e+00
5.827195270739414568e+00
1.472642117090063252e+01
9.571819413841323509e+00
7.779888947798588639e+00
7.648666924776976295e+00
7.130126839105964898e+00
7.409682017715907065e+00
7.290240995534845503e+00
7.793844812422450197e+00
8.010960200451048507e+00
7.822260388828694566e+00
7.365247441700569553e+00
7.613452504682913791e+00
7.425556111038229545e+00
7.542184047115836343e+00
7.797643643620199683e+00
5.140111307013842001e+00
8.673081416815747957e+00
7.637373270944769033e+00
6.744711527168232301e+00
6.302294026798524129e+00
6.219108072754702121e+00
6.358510201070958878e+00
6.000772268630992556e+00
6.067428467338425335e+00
6.042569128762642627e+00
5.733116538864831746e+00
5.708947461353329977e+00
5.603702632340095136e+00
5.428600673278392463e+00
5.799777149476717852e+00
5.486894699701595712e+00
5.877117536163707356e+00
5.905439570567393659e+00
6.111473836526689851e+00
6.162415099449790823e+00
5.849618947579833694e+00
6.153599776781834230e+00
5.956650676438413505e+00
5.836196039477202113e+00
5.895300383827561497e+00
5.973416470183009253e+00
6.008532745675315923e+00
6.467941158253552203e+00
6.340131120337644255e+00
