3.044922903118096880e-02
1.217969161247238336e-01
2.272330524715028000e-01
4.494669777886241002e-01
5.353610716228526245e-01
6.921518778282017559e-01
9.093866759909753350e-01
1.581542045201732805e+00
1.347492001156066710e+00
2.152545001437032646e+00
2.497394256338638652e+00
2.779742142699259233e+00
2.875833911549963595e+00
2.624017286353366618e+00
3.160356224507470113e+00
3.713094225137133275e+00
3.879795031388866722e+00
4.310560235111331906e+00
5.450430360145753106e+00
6.157341287783765438e+00
6.799482161758719556e+00
8.982699445115368775e+00
1.009850804086762288e+01
1.755802187533032921e+01
1.850905871778070022e+01
2.113128636397254567e+01
1.791898611966865218e+01
1.683828853350272681e+01
1.604956620834317249e+01
1.559883600801377135e+01
2.279385259245986362e+01
2.337991973929202061e+01
2.013290373624703733e+01
2.313705246419308281e+01
1.614082022726953269e+01
1.143840496846827470e+01
9.216444052932203590e+00
9.813437327496252749e+00
9.071024487013318094e+00
9.147130486090315316e+00
8.987389413258899395e+00
9.970148637404165015e+00
1.086802550445729487e+01
1.122198076502077235e+01
1.886502596706096568e+01
2.009152970007090744e+01
1.536025230007019360e+01
1.448940767018744147e+01
1.422752123360834275e+01
8.343901988886612386e+00
7.707811449206912080e+00
6.853594992487934690e+00
7.132072293951774000e+00
6.467941632676788899e+00
5.849371870514348259e+00
4.851706223769340021e+00
4.700997727260406656e+00
4.618917441471982244e+00
4.566492601586833011e+00
4.831540314888796317e+00
5.193277276950923671e+00
5.002184580849814211e+00
1.213783647038582636e+01
1.113995376217911115e+01
8.261698706169566364e+00
7.533290208332409144e+00
7.694735178087861449e+00
8.233266762692814211e+00
7.532067799245971251e+00
7.488613717166912487e+00
7.660106561184171881e+00
8.221941441082497803e+00
8.603950721748692132e+00
8.151417171730422240e+00
7.164449232405010193e+00
6.492967883938929319e+00
5.819480240005215244e+00
5.503914688167899527e+00
5.195172941479915707e+00
4.856249174158804749e+00
4.772783385627882957e+00
4.650568136556153753e+00
4.742392132106825642e+00
4.761159111079988904e+00
4.777053276819863470e+00
4.715086348077393907e+00
4.848905891302059068e+00
4.937993003751378396e+00
5.159487549334668799e+00
5.436170711857526427e+00
5.525782776811470676e+00
5.722777325736873699e+00
5.817704036246686528e+00
5.790875728095140396e+00
6.051113408914975622e+00
6.126611491688517930e+00
5.918833383350670552e+00
5.952326263456340527e+00
6.058612867304305816e+00
6.083327506242465432e+00
