2.124911477438259644e-01
3.268372232589495940e-01
4.411832987740732515e-01
5.555293742891969089e-01
6.698754498043205663e-01
7.842215253194441127e-01
8.985676008345677701e-01
1.012913676349691539e+00
1.127259751864815085e+00
1.241605827379938853e+00
1.355951902895062400e+00
1.470297978410186168e+00
1.584644053925309715e+00
1.698990129440433483e+00
1.813336204955557029e+00
1.927682280470680798e+00
2.042028355985804122e+00
2.156374431500927891e+00
2.270720507016051659e+00
2.385066582531175428e+00
2.499412658046298752e+00
2.613758733561422520e+00
2.728104809076546289e+00
2.842450884591670057e+00
2.956796960106793382e+00
3.071143035621917150e+00
3.185489111137040918e+00
3.299835186652164243e+00
3.414181262167288011e+00
3.528527337682411780e+00
3.642873413197535548e+00
3.757219488712658872e+00
3.871565564227782641e+00
3.985911639742906409e+00
4.100257715258029734e+00
4.214603790773153946e+00
4.328949866288277271e+00
4.443295941803400595e+00
4.557642017318524807e+00
4.671988092833648132e+00
4.786334168348771456e+00
4.900680243863895669e+00
5.015026319379018993e+00
5.129372394894142317e+00
5.243718470409266530e+00
5.358064545924389854e+00
5.472410621439514067e+00
5.586756696954637391e+00
5.701102772469760716e+00
5.815448847984884928e+00
5.929794923500008252e+00
6.044140999015131577e+00
6.158487074530255789e+00
6.272833150045379114e+00
6.387179225560502438e+00
6.501525301075626651e+00
6.615871376590749975e+00
6.730217452105873299e+00
6.844563527620997512e+00
6.958909603136120836e+00
7.073255678651245049e+00
7.187601754166368373e+00
7.301947829681491697e+00
7.416293905196615910e+00
7.530639980711739234e+00
7.644986056226862559e+00
7.759332131741986771e+00
7.873678207257110095e+00
7.988024282772233420e+00
8.102370358287357632e+00
8.216716433802481845e+00
8.331062509317604281e+00
8.445408584832728494e+00
8.559754660347852706e+00
8.674100735862975142e+00
8.788446811378099355e+00
8.902792886893223567e+00
9.017138962408346003e+00
9.131485037923470216e+00
9.245831113438594429e+00
9.360177188953716865e+00
9.474523264468841077e+00
9.588869339983965290e+00
9.703215415499087726e+00
9.817561491014211938e+00
9.931907566529336151e+00
1.004625364204445859e+01
1.016059971755958280e+01
1.027494579307470701e+01
1.038929186858982945e+01
1.050363794410495366e+01
1.061798401962007787e+01
1.073233009513520209e+01
1.084667617065032452e+01
1.096102224616544873e+01
1.107536832168057295e+01
1.118971439719569538e+01
1.130406047271081960e+01
1.141840654822594381e+01
1.153275262374106624e+01
