4.908233933384394121e-02 2.124911477438259644e-01
1.399755603224442646e-01 3.268372232589495940e-01
2.372313067802490905e-01 4.411832987740732515e-01
3.372138498677066942e-01 5.555293742891969089e-01
3.231254006144741453e-01 6.698754498043205663e-01
4.208356131772160169e-01 7.842215253194441127e-01
4.821885373445190526e-01 8.985676008345677701e-01
6.594303182723028067e-01 1.012913676349691539e+00
7.126028525506385991e-01 1.127259751864815085e+00
7.548682003103414084e-01 1.241605827379938853e+00
9.343823117628425878e-01 1.355951902895062400e+00
1.136619728462495704e+00 1.470297978410186168e+00
9.184759980898361542e-01 1.584644053925309715e+00
1.195700322105091029e+00 1.698990129440433483e+00
1.616081469177403918e+00 1.813336204955557029e+00
1.517916790509707070e+00 1.927682280470680798e+00
1.801958106099107670e+00 2.042028355985804122e+00
2.005104455008646980e+00 2.156374431500927891e+00
2.340954906561554250e+00 2.270720507016051659e+00
2.710435849880246550e+00 2.385066582531175428e+00
2.342318304876383372e+00 2.499412658046298752e+00
2.323685194573718693e+00 2.613758733561422520e+00
3.281245277688705997e+00 2.728104809076546289e+00
3.679812051723703181e+00 2.842450884591670057e+00
3.417585109171618285e+00 2.956796960106793382e+00
3.593461192520484904e+00 3.071143035621917150e+00
4.025206291480439624e+00 3.185489111137040918e+00
3.875686942954203573e+00 3.299835186652164243e+00
4.481035794737864286e+00 3.414181262167288011e+00
7.491851035982825202e+00 3.528527337682411780e+00
5.544032014199292924e+00 3.642873413197535548e+00
3.642971657692269272e+00 3.757219488712658872e+00
3.004020953673451011e+00 3.871565564227782641e+00
3.423493168535877818e+00 3.985911639742906409e+00
5.385402697814829942e+00 4.100257715258029734e+00
5.191366316763143196e+00 4.214603790773153946e+00
5.322666198283489969e+00 4.328949866288277271e+00
6.299059974578971932e+00 4.443295941803400595e+00
4.490036861246622379e+00 4.557642017318524807e+00
3.765575523706593764e+00 4.671988092833648132e+00
3.560666389000460175e+00 4.786334168348771456e+00
3.943829430225620047e+00 4.900680243863895669e+00
5.224390503427691179e+00 5.015026319379018993e+00
5.015892532301096551e+00 5.129372394894142317e+00
4.675366805620953414e+00 5.243718470409266530e+00
5.075717643486936659e+00 5.358064545924389854e+00
5.254540774242822287e+00 5.472410621439514067e+00
2.562126269961841896e+00 5.586756696954637391e+00
1.281112415791220371e+00 5.701102772469760716e+00
1.032053486259237429e+00 5.815448847984884928e+00
5.612656396046059593e-01 5.929794923500008252e+00
5.190002918449031499e-01 6.044140999015131577e+00
3.890026302459183016e-01 6.158487074530255789e+00
4.676456219863435182e-01 6.272833150045379114e+00
5.517218514008020991e-01 6.387179225560502438e+00
3.872051214114350937e-01 6.501525301075626651e+00
4.826430034494620380e-01 6.615871376590749975e+00
5.185458257399601090e-01 6.730217452105873299e+00
5.449048598266564847e-01 6.844563527620997512e+00
4.285615369612467696e-01 6.958909603136120836e+00
3.553924940654261122e-01 7.073255678651245049e+00
4.535571727331109693e-01 7.187601754166368373e+00
5.099109697460423307e-01 7.301947829681491697e+00
5.394512665673465435e-01 7.416293905196615910e+00
6.217096315620304070e-01 7.530639980711739234e+00
6.330712841856064310e-01 7.644986056226862559e+00
7.021501321369486570e-01 7.759332131741986771e+00
4.967314527026945870e-01 7.873678207257110095e+00
5.130922324806436174e-01 7.988024282772233420e+00
4.658277575665715764e-01 8.102370358287357632e+00
6.421606062844672502e-01 8.216716433802481845e+00
4.362874607452775222e-01 8.331062509317604281e+00
3.912953163559219627e-01 8.445408584832728494e+00
3.722077399483165738e-01 8.559754660347852706e+00
4.103828927635273516e-01 8.674100735862975142e+00
2.226883914220726679e-01 8.788446811378099355e+00
3.331236549232198252e-01 8.902792886893223567e+00
4.044748333992685407e-01 9.017138962408346003e+00
2.844957816943203821e-01 9.131485037923470216e+00
1.531550773657916475e-01 9.245831113438594429e+00
2.435938322494512753e-01 9.360177188953716865e+00
2.417759678296792225e-01 9.474523264468841077e+00
3.822059942570622537e-01 9.588869339983965290e+00
1.813319758722584663e-01 9.703215415499087726e+00
1.327041026433560533e-01 9.817561491014211938e+00
2.449572305642803149e-01 9.931907566529336151e+00
2.781332562251185858e-01 1.004625364204445859e+01
1.717881876684551890e-01 1.016059971755958280e+01
1.604265350448798588e-01 1.027494579307470701e+01
9.952807698251686652e-02 1.038929186858982945e+01
1.840587725019165455e-01 1.050363794410495366e+01
2.476840271939383942e-01 1.061798401962007787e+01
2.026918828045800869e-01 1.073233009513520209e+01
1.795141114524864134e-01 1.084667617065032452e+01
2.345045101505910112e-01 1.096102224616544873e+01
3.172173412502153345e-01 1.107536832168057295e+01
2.804055867498335131e-01 1.118971439719569538e+01
2.054186794342381661e-01 1.130406047271081960e+01
2.158713998479274698e-01 1.141840654822594381e+01
4.371963929551634931e-01 1.153275262374106624e+01
