3.681175450038295938e-02
1.131620601308068463e-01
2.481384932988814074e-01
5.121833002707575355e-01
5.435414615118273618e-01
6.085301145186822191e-01
7.579139702267885248e-01
1.367942975878503553e+00
1.641861533649848992e+00
2.108671336151286102e+00
1.951377946592070867e+00
2.612630181674102658e+00
2.932673607363793788e+00
2.978415436446695708e+00
4.068353786533049465e+00
4.131219396722025650e+00
4.750021534467247619e+00
6.157199473261163902e+00
7.529699588973278956e+00
6.737610068613117065e+00
8.670524777755559853e+00
9.982303608082249369e+00
1.583112226819539359e+01
1.805070232629448412e+01
2.149973905247505002e+01
2.161109862264806836e+01
2.014195159696164694e+01
1.963361276136032529e+01
1.897885920710492158e+01
1.963280949133566722e+01
2.192829773958680661e+01
2.135274722986057938e+01
2.324388490280650998e+01
1.787076685092524286e+01
1.120724399451632003e+01
9.448144133057395422e+00
9.106806332815979843e+00
9.118725425613877889e+00
8.937493195653010147e+00
9.152351319683123876e+00
9.495177395739169413e+00
9.641104053436405863e+00
1.262995400526043710e+01
1.610531957425619254e+01
1.611977710945083331e+01
1.714218166468953086e+01
1.653553511513405283e+01
1.247281302963644833e+01
1.320143666122860537e+01
1.451643541064062681e+01
1.051670579293369556e+01
7.944710193972177592e+00
5.740178524977754826e+00
4.647757630029420994e+00
3.602248071177105881e+00
3.482984905187771929e+00
3.375477714178626965e+00
3.847389627002905321e+00
3.828151295002904408e+00
4.886504191762294447e+00
1.168337447162335252e+01
7.570323780947791903e+00
5.446421315962369114e+00
5.228463935952345487e+00
5.345435031430977979e+00
4.800057223309886822e+00
5.799613601417784814e+00
6.047024693927901318e+00
5.737682338312239061e+00
5.745458712127362588e+00
7.152501280191488675e+00
7.603506941447031764e+00
6.447095690498856335e+00
5.961779637746010607e+00
6.016948712102903940e+00
6.108491542798459406e+00
6.111992613741701774e+00
6.394394843029780340e+00
6.858110877729601818e+00
6.819441632951819265e+00
6.507784534145629074e+00
6.430104588648190678e+00
6.690437400938213486e+00
6.248719511035153218e+00
6.174214666343622149e+00
6.177024828319473748e+00
5.797852876980337911e+00
5.846286988534951767e+00
5.762096459813868421e+00
5.577660423708660886e+00
5.590600203870524254e+00
5.553812967189065475e+00
5.755337180789315887e+00
5.795599565834798739e+00
5.736178575607601360e+00
5.807064450938880462e+00
5.855718954903441187e+00
5.844994157889374264e+00
5.947624482834680038e+00
5.986400473514837728e+00
