2.175387893942843098e-01
3.318343884929033649e-01
4.461299875915224478e-01
5.604255866901414196e-01
6.747211857887605024e-01
7.890167848873795853e-01
9.033123839859985571e-01
1.017607983084617640e+00
1.131903582183236834e+00
1.246199181281855806e+00
1.360494780380475000e+00
1.474790379479093971e+00
1.589085978577712943e+00
1.703381577676332137e+00
1.817677176774951109e+00
1.931972775873570303e+00
2.046268374972189275e+00
2.160563974070808246e+00
2.274859573169427218e+00
2.389155172268046634e+00
2.503450771366665606e+00
2.617746370465284578e+00
2.732041969563903550e+00
2.846337568662522521e+00
2.960633167761141493e+00
3.074928766859760909e+00
3.189224365958379881e+00
3.303519965056998853e+00
3.417815564155617825e+00
3.532111163254236796e+00
3.646406762352856212e+00
3.760702361451475184e+00
3.874997960550094156e+00
3.989293559648713128e+00
4.103589158747332100e+00
4.217884757845951071e+00
4.332180356944570043e+00
4.446475956043189015e+00
4.560771555141808875e+00
4.675067154240427847e+00
4.789362753339046819e+00
4.903658352437665791e+00
5.017953951536284762e+00
5.132249550634903734e+00
5.246545149733522706e+00
5.360840748832141678e+00
5.475136347930760650e+00
5.589431947029379621e+00
5.703727546127998593e+00
5.818023145226618453e+00
5.932318744325237425e+00
6.046614343423856397e+00
6.160909942522475369e+00
6.275205541621094341e+00
6.389501140719713312e+00
6.503796739818332284e+00
6.618092338916951256e+00
6.732387938015570228e+00
6.846683537114189200e+00
6.960979136212809060e+00
7.075274735311428032e+00
7.189570334410047003e+00
7.303865933508665975e+00
7.418161532607284947e+00
7.532457131705903919e+00
7.646752730804522891e+00
7.761048329903141862e+00
7.875343929001760834e+00
7.989639528100379806e+00
8.103935127198997890e+00
8.218230726297617750e+00
8.332526325396237610e+00
8.446821924494855693e+00
8.561117523593475553e+00
8.675413122692093637e+00
8.789708721790713497e+00
8.904004320889333357e+00
9.018299919987951441e+00
9.132595519086571301e+00
9.246891118185189384e+00
9.361186717283809244e+00
9.475482316382427328e+00
9.589777915481047188e+00
9.704073514579665272e+00
9.818369113678285132e+00
9.932664712776903215e+00
1.004696031187552308e+01
1.016125591097414294e+01
1.027555151007276102e+01
1.038984710917138088e+01
1.050414270826999896e+01
1.061843830736861882e+01
1.073273390646723691e+01
1.084702950556585677e+01
1.096132510466447485e+01
1.107562070376309471e+01
1.118991630286171279e+01
1.130421190196033265e+01
1.141850750105895251e+01
1.153280310015757060e+01
