3.499389008061096207e-02
1.199790517049518362e-01
2.154169337429844566e-01
4.767349440852032272e-01
5.758085549627832700e-01
7.789549038723225793e-01
9.516520237506781443e-01
1.251599653013085067e+00
1.339766077372035014e+00
1.927573849102710790e+00
1.901940649186576682e+00
2.168123558838824128e+00
2.780964262857941183e+00
3.526292932484961895e+00
4.181885635722457195e+00
4.340912496832951994e+00
5.489598097299097645e+00
6.246237361207173322e+00
6.939377781702006587e+00
6.410988533915284115e+00
8.276268559996191598e+00
1.026089270963291078e+01
1.284749683272369936e+01
1.690156808029976077e+01
2.066246361737058024e+01
2.605267686987458120e+01
2.873682252282359784e+01
2.709503809030448451e+01
2.038077545594979867e+01
1.819277119873414250e+01
1.569129825399902067e+01
1.600576338387493891e+01
1.981871569502226649e+01
1.675401318213286572e+01
1.103364559311307858e+01
9.067577848239292138e+00
9.157117367816461240e+00
8.851954808648462958e+00
8.746437004937455129e+00
1.005643702966186126e+01
1.169807160410667812e+01
1.250455400316474197e+01
1.514221634391691218e+01
2.122696462101090376e+01
1.643403859772468678e+01
1.441826695150796667e+01
1.521324420962246826e+01
9.207970834249467273e+00
1.054968358421303165e+01
1.161706198217679997e+01
9.030313643570368143e+00
6.915866093097252865e+00
6.447197406082608495e+00
5.190991687550272182e+00
4.637155741818995480e+00
4.764059907384496917e+00
4.536209225566908643e+00
4.813784844202850799e+00
5.205185023303013914e+00
5.011927418161983283e+00
8.668179043779950632e+00
7.321576398981708422e+00
6.847907842593162542e+00
7.573647341027498037e+00
6.977653293459368022e+00
7.675425815707661137e+00
7.985354652045019819e+00
7.755058807088746065e+00
8.016092642305112648e+00
6.526127886662248301e+00
6.586603573741037998e+00
5.709998794410274137e+00
6.449117843882696377e+00
7.359522084450289547e+00
7.675279998263183856e+00
7.064189419732305630e+00
6.649974862524145713e+00
6.523774273911777222e+00
6.046208161152039295e+00
5.808275969199841349e+00
5.799392462741351117e+00
6.070124835476127245e+00
6.113870713301563953e+00
6.243811098965307949e+00
5.846182306388462813e+00
5.872459716508686256e+00
5.726478147550941422e+00
5.300167635378381981e+00
5.340367031253013153e+00
5.322342581164976494e+00
5.238699077478965016e+00
5.137344950868667937e+00
5.171613959127509652e+00
5.103404995482588191e+00
5.036726831128884641e+00
5.063872409757737891e+00
5.169610854631768504e+00
5.051423852623034172e+00
5.226716988860379054e+00
5.026207696206093978e+00
