1.499738146311899167e-02 1.611733798431670139e-01
1.404300264273872778e-01 2.760326330372972481e-01
2.108722726935543246e-01 3.908918862314274545e-01
2.758609257004036586e-01 5.057511394255577164e-01
3.335781210281628106e-01 6.206103926196879783e-01
4.594652320973697801e-01 7.354696458138182402e-01
6.103479789384543830e-01 8.503288990079483911e-01
7.176019797050120497e-01 9.651881522020786530e-01
9.434716338617034070e-01 1.080047405396208804e+00
1.075266804295185175e+00 1.194906658590338955e+00
1.318860636544655129e+00 1.309765911784469328e+00
1.302954322871648696e+00 1.424625164978599479e+00
1.538367765232143913e+00 1.539484418172729630e+00
1.492921154737839817e+00 1.654343671366860002e+00
1.755148097289974451e+00 1.769202924560990153e+00
2.675896425904575437e+00 1.884062177755120526e+00
3.116728547699325169e+00 1.998921430949250677e+00
3.308513243985288454e+00 2.113780684143380828e+00
3.542108821926011508e+00 2.228639937337510979e+00
3.404405592128270097e+00 2.343499190531641574e+00
3.146268844520573094e+00 2.458358443725771725e+00
3.254431777497066580e+00 2.573217696919901876e+00
4.296068090026227360e+00 2.688076950114032027e+00
4.703724186159736753e+00 2.802936203308162177e+00
3.221255751836224590e+00 2.917795456502292328e+00
2.865408791665823518e+00 3.032654709696422923e+00
3.548016881290271041e+00 3.147513962890553074e+00
3.201713709323673829e+00 3.262373216084683225e+00
3.064464945630875459e+00 3.377232469278813376e+00
3.936099019584367475e+00 3.492091722472943527e+00
4.593259717672831144e+00 3.606950975667074122e+00
6.309787989060896329e+00 3.721810228861204273e+00
5.403942845875555179e+00 3.836669482055334424e+00
4.084647887786641007e+00 3.951528735249464575e+00
4.141472003216397191e+00 4.066387988443595169e+00
4.211032579977709744e+00 4.181247241637725764e+00
5.671638290855407938e+00 4.296106494831855471e+00
6.900815671117864092e+00 4.410965748025986066e+00
7.456008653024264632e+00 4.525825001220116661e+00
8.537029753925734710e+00 4.640684254414246368e+00
6.293478934923316892e+00 4.755543507608376963e+00
5.677582678613414480e+00 4.870402760802506670e+00
4.855306891258988955e+00 4.985262013996637265e+00
6.043498069584737564e+00 5.100121267190767860e+00
5.690476992568470394e+00 5.214980520384897567e+00
5.070717290795498933e+00 5.329839773579028162e+00
5.390192284794182775e+00 5.444699026773157868e+00
7.062821833530847471e+00 5.559558279967288463e+00
5.859985061643652848e+00 5.674417533161418170e+00
4.208987161782123287e+00 5.789276786355548765e+00
3.899569647171908571e+00 5.904136039549679360e+00
3.456948959588889814e+00 6.018995292743809067e+00
3.640944965450865656e+00 6.133854545937939662e+00
4.054132297596481749e+00 6.248713799132069369e+00
4.474857525021928240e+00 6.363573052326199964e+00
6.324752058111025477e+00 6.478432305520330559e+00
6.515357370375872037e+00 6.593291558714460265e+00
8.757919030787050474e+00 6.708150811908590860e+00
9.553864043966200370e+00 6.823010065102720567e+00
6.773339985186361822e+00 6.937869318296851162e+00
3.683145436801187778e+00 7.052728571490981757e+00
1.187045339931339427e+00 7.167587824685111464e+00
1.015250589329927955e+00 7.282447077879242059e+00
2.348631478178458298e+00 7.397306331073371766e+00
3.059415488564696695e+00 7.512165584267502361e+00
4.067791142177768826e+00 7.627024837461632956e+00
4.420321395515362184e+00 7.741884090655762662e+00
3.044173292343081538e+00 7.856743343849893257e+00
1.144326588191997951e+00 7.971602597044022964e+00
9.143804582419414739e-01 8.086461850238153559e+00
1.306560864621743256e+00 8.201321103432283266e+00
1.493830086947725899e+00 8.316180356626412973e+00
2.042780939627511394e+00 8.431039609820542680e+00
2.338986556780537018e+00 8.545898863014674163e+00
2.304518826233870055e+00 8.660758116208803870e+00
2.533596710108557470e+00 8.775617369402933576e+00
3.170321267076168681e+00 8.890476622597065059e+00
3.616003604005061156e+00 9.005335875791194766e+00
5.661764202052663286e+00 9.120195128985324473e+00
5.687305884155411384e+00 9.235054382179454180e+00
7.602896281092887953e+00 9.349913635373585663e+00
8.748416630537112937e+00 9.464772888567715370e+00
9.528351707217508348e+00 9.579632141761845077e+00
9.537920721286178960e+00 9.694491394955976560e+00
8.889750709710623866e+00 9.809350648150106267e+00
9.802787923388544655e+00 9.924209901344235973e+00
9.787634788707020306e+00 1.003906915453836746e+01
1.081818101555614220e+01 1.015392840773249716e+01
1.122647431532631401e+01 1.026878766092662687e+01
1.270224473000561360e+01 1.038364691412075658e+01
1.333377227372656826e+01 1.049850616731488806e+01
1.348122744351897317e+01 1.061336542050901777e+01
1.433646626966814708e+01 1.072822467370314747e+01
1.480144880292128029e+01 1.084308392689727896e+01
1.517141997055065161e+01 1.095794318009140866e+01
1.457676976872203056e+01 1.107280243328553837e+01
1.429974430276409691e+01 1.118766168647966808e+01
1.470957293669382793e+01 1.130252093967379956e+01
1.413070483203023642e+01 1.141738019286792927e+01
1.443734455602212385e+01 1.153223944606205897e+01
