3.499389008061096207e-02 1.771575978498682036e-01
1.845132386068595587e-01 3.133936505772999537e-01
2.758609257004036586e-01 4.496297033047317315e-01
3.662996805840577630e-01 5.858657560321633984e-01
4.880965967087778634e-01 7.221018087595951762e-01
5.876246736913023350e-01 8.583378614870269541e-01
8.425801585643483138e-01 9.945739142144586209e-01
1.150253711610786933e+00 1.130809966941890510e+00
1.250236254698255944e+00 1.267046019669322288e+00
1.585177774041277132e+00 1.403282072396754065e+00
1.360217052094471857e+00 1.539518125124185843e+00
1.534732036392599586e+00 1.675754177851617621e+00
2.092361947157710844e+00 1.811990230579049177e+00
3.497116677536650453e+00 1.948226283306480955e+00
4.308793140964620072e+00 2.084462336033912511e+00
3.642545831118423560e+00 2.220698388761344511e+00
4.077015427443895668e+00 2.356934441488776066e+00
3.849782374972400500e+00 2.493170494216207622e+00
4.226989242074952635e+00 2.629406546943639622e+00
5.548576675248024337e+00 2.765642599671071178e+00
5.782951211760985366e+00 2.901878652398503178e+00
4.295990685502054873e+00 3.038114705125934734e+00
5.246786861547669822e+00 3.174350757853366733e+00
6.160637954363416213e+00 3.310586810580798289e+00
6.699909282912669184e+00 3.446822863308229845e+00
7.133982519762108510e+00 3.583058916035661845e+00
7.813866745563728955e+00 3.719294968763093401e+00
5.470737504274630680e+00 3.855531021490525401e+00
4.388698148669146981e+00 3.991767074217956957e+00
6.331257415460215476e+00 4.128003126945388956e+00
6.757663874242574309e+00 4.264239179672821400e+00
6.685536859167429569e+00 4.400475232400252956e+00
7.249948346997452830e+00 4.536711285127684512e+00
7.734639210460402481e+00 4.672947337855116068e+00
6.892202579857843681e+00 4.809183390582547624e+00
6.309605248817014456e+00 4.945419443309980068e+00
6.749929220687922005e+00 5.081655496037411623e+00
7.092819410458007567e+00 5.217891548764843179e+00
1.024211303288197428e+01 5.354127601492274735e+00
7.297848377358892691e+00 5.490363654219707179e+00
5.043416311110685335e+00 5.626599706947138735e+00
4.970647954562590343e+00 5.762835759674570291e+00
5.512467305003879048e+00 5.899071812402001846e+00
7.106964297182761570e+00 6.035307865129433402e+00
7.341936598577603057e+00 6.171543917856865846e+00
1.134423953534284379e+01 6.307779970584297402e+00
1.435697335357130733e+01 6.444016023311728958e+00
1.705456163220939203e+01 6.580252076039160514e+00
1.133301214862906647e+01 6.716488128766592069e+00
7.978248003171590774e+00 6.852724181494024513e+00
1.121558542200559838e+00 6.988960234221456069e+00
1.068432452061884419e+00 7.125196286948887625e+00
2.162704563190262608e+00 7.261432339676319181e+00
2.835666186021224444e+00 7.397668392403751625e+00
3.395637956604820484e+00 7.533904445131183181e+00
4.335016148134341663e+00 7.670140497858614737e+00
5.615407521549561132e+00 7.806376550586046292e+00
7.344280516554941407e+00 7.942612603313477848e+00
9.291975333269604675e+00 8.078848656040909404e+00
1.081802388022649275e+01 8.215084708768340960e+00
1.059309900218887002e+01 8.351320761495774292e+00
1.091268592246191993e+01 8.487556814223205848e+00
9.014162799747451160e+00 8.623792866950637404e+00
1.489698328627401480e+00 8.760028919678068959e+00
1.639237664408162098e+00 8.896264972405500515e+00
2.663917373598660987e+00 9.032501025132932071e+00
2.589893914966910238e+00 9.168737077860363627e+00
3.707811152758753170e+00 9.304973130587795183e+00
5.017554059653027920e+00 9.441209183315226738e+00
5.935464592835225872e+00 9.577445236042660071e+00
6.406128885200383039e+00 9.713681288770091626e+00
7.068311521138248565e+00 9.849917341497523182e+00
7.267663541615997147e+00 9.986153394224954738e+00
8.146852896693507873e+00 1.012238944695238629e+01
8.228374893357678133e+00 1.025862549967981785e+01
8.673971435262599172e+00 1.039486155240724941e+01
9.756336330027805204e+00 1.053109760513468096e+01
1.025020616705576693e+01 1.066733365786211252e+01
1.087651051593793916e+01 1.080356971058954585e+01
1.162598357331793864e+01 1.093980576331697740e+01
1.168744522903506677e+01 1.107604181604440896e+01
1.231123620286094145e+01 1.121227786877184052e+01
1.282216578331329337e+01 1.134851392149927207e+01
1.343215056555273534e+01 1.148474997422670363e+01
1.408610784851075515e+01 1.162098602695413518e+01
1.381586396088226643e+01 1.175722207968156674e+01
1.496359152139151583e+01 1.189345813240899830e+01
1.526914045304156886e+01 1.202969418513643163e+01
1.470241214646134864e+01 1.216593023786386318e+01
1.426956414731774636e+01 1.230216629059129474e+01
1.379257597686994075e+01 1.243840234331872630e+01
1.299053563200616424e+01 1.257463839604615785e+01
1.245055599359190524e+01 1.271087444877358941e+01
1.223704054793176432e+01 1.284711050150102096e+01
1.145756320768280645e+01 1.298334655422845252e+01
1.071607413978173007e+01 1.311958260695588407e+01
1.060100098802135626e+01 1.325581865968331563e+01
1.050686957318228387e+01 1.339205471241074896e+01
9.677271113594539287e+00 1.352829076513818052e+01
8.757270867669369352e+00 1.366452681786561207e+01
