3.908408502509795601e-02 2.158562421774648521e-01
1.236147805444958309e-01 3.301686667482521265e-01
2.708617985460308186e-01 4.444810913190393453e-01
4.880965967087778634e-01 5.587935158898266197e-01
6.753366319453092403e-01 6.731059404606138941e-01
7.271457679088159098e-01 7.874183650314010574e-01
1.116623219845001902e+00 9.017307896021884428e-01
1.384758221761396069e+00 1.016043214172975606e+00
1.471561247805516892e+00 1.130355638743762992e+00
2.225974982010964887e+00 1.244668063314550155e+00
2.293434177313163680e+00 1.358980487885337318e+00
2.627466537996901774e+00 1.473292912456124704e+00
3.335766239006162870e+00 1.587605337026911867e+00
3.579769418323738517e+00 1.701917761597699252e+00
4.145713739426459377e+00 1.816230186168486416e+00
4.642829471949054820e+00 1.930542610739273801e+00
5.738260371110613711e+00 2.044855035310061186e+00
7.073405139455682722e+00 2.159167459880848128e+00
7.876403806421888198e+00 2.273479884451635513e+00
7.735486179617371505e+00 2.387792309022422899e+00
9.999991668133885625e+00 2.502104733593209840e+00
1.127334466100655064e+01 2.616417158163997225e+00
1.539140058746351158e+01 2.730729582734784611e+00
1.864716880963954537e+01 2.845042007305571996e+00
1.875596166210982219e+01 2.959354431876358937e+00
2.337695217517599389e+01 3.073666856447146323e+00
2.165462388258624316e+01 3.187979281017933708e+00
2.116271919254481659e+01 3.302291705588720649e+00
1.980599882079382823e+01 3.416604130159508035e+00
2.011197177443265005e+01 3.530916554730295420e+00
2.064626036551934973e+01 3.645228979301082806e+00
1.912662652117482054e+01 3.759541403871869747e+00
2.203531864916792316e+01 3.873853828442657132e+00
1.689636550806338278e+01 3.988166253013444518e+00
1.100600145371793737e+01 4.102478677584231903e+00
9.200749188702058490e+00 4.216791102155019288e+00
9.215224041625578622e+00 4.331103526725806674e+00
8.628897862080686210e+00 4.445415951296594059e+00
8.821131353032658495e+00 4.559728375867381445e+00
9.959345589283051581e+00 4.674040800438168830e+00
1.034366848187106847e+01 4.788353225008955327e+00
1.029766025209560354e+01 4.902665649579742713e+00
1.171194514118643148e+01 5.016978074150530098e+00
1.829808427649950175e+01 5.131290498721317483e+00
1.725825452379452329e+01 5.245602923292104869e+00
1.606348977932339750e+01 5.359915347862892254e+00
1.912058334205582000e+01 5.474227772433679640e+00
1.424459260925108062e+01 5.588540197004466137e+00
1.374060507161854083e+01 5.702852621575253522e+00
1.261070402200287610e+01 5.817165046146040908e+00
1.073141830984021716e+01 5.931477470716828293e+00
7.284372233289315268e+00 6.045789895287615678e+00
6.525755899454737552e+00 6.160102319858403064e+00
6.492206189563139773e+00 6.274414744429190449e+00
5.706641269818935491e+00 6.388727168999976946e+00
5.309288799107565460e+00 6.503039593570764332e+00
4.886475737791477592e+00 6.617352018141551717e+00
4.987716800787480587e+00 6.731664442712339103e+00
5.254019754795034913e+00 6.845976867283126488e+00
4.683381635276067989e+00 6.960289291853913873e+00
3.247009309472677074e+00 7.074601716424701259e+00
3.903226174548446448e+00 7.188914140995487756e+00
3.213310836816507088e+00 7.303226565566275141e+00
3.857756226218403750e+00 7.417538990137062527e+00
3.825446963554504975e+00 7.531851414707849912e+00
4.716439776273461781e+00 7.646163839278637298e+00
5.193693053019480921e+00 7.760476263849424683e+00
5.923039957395668687e+00 7.874788688420212068e+00
6.279286369092286435e+00 7.989101112990998566e+00
6.455776520349939318e+00 8.103413537561785063e+00
6.489656173833161290e+00 8.217725962132572448e+00
7.065886122971218875e+00 8.332038386703359834e+00
7.679816865875213061e+00 8.446350811274147219e+00
5.057143889617584875e+00 8.560663235844934604e+00
5.415070375473209907e+00 8.674975660415721990e+00
9.667863217538064546e+00 8.789288084986509375e+00
7.832023645627680608e+00 8.903600509557296760e+00
6.310645378817039131e+00 9.017912934128084146e+00
7.021344785493932150e+00 9.132225358698871531e+00
6.988578393769532937e+00 9.246537783269657140e+00
6.540949187006603438e+00 9.360850207840444526e+00
6.670457060556756801e+00 9.475162632411231911e+00
6.647892823828014386e+00 9.589475056982019296e+00
6.718111832612327916e+00 9.703787481552806682e+00
6.719550282614649817e+00 9.818099906123594067e+00
6.755977068473799640e+00 9.932412330694381453e+00
6.852418930594088131e+00 1.004672475526516884e+01
6.934477743624992030e+00 1.016103717983595622e+01
7.284482067092846513e+00 1.027534960440674361e+01
7.361352061892462828e+00 1.038966202897753099e+01
7.213781659225299236e+00 1.050397445354831838e+01
6.967563780420718444e+00 1.061828687811910576e+01
7.069900817510093027e+00 1.073259930268989315e+01
7.058469462394208804e+00 1.084691172726067876e+01
7.450949497396556431e+00 1.096122415183146614e+01
7.304660763372915255e+00 1.107553657640225353e+01
7.491952339786746684e+00 1.118984900097304092e+01
7.324610622302664353e+00 1.130416142554382830e+01
7.393975009589990322e+00 1.141847385011461569e+01
7.329805435476865583e+00 1.153278627468540307e+01
