4.953680543878694054e-02 2.225864504916591213e-01
1.826953741870875059e-01 3.497535604965308353e-01
4.008391045597246571e-01 4.769206705014026326e-01
6.376159452350368406e-01 6.040877805062743189e-01
8.003148108046455045e-01 7.312548905111461162e-01
9.298376507134121782e-01 8.584220005160178024e-01
1.412026188057978526e+00 9.855891105208895997e-01
2.236427702424654829e+00 1.112756220525761286e+00
1.996817590370548290e+00 1.239923330530632972e+00
2.463129934619476824e+00 1.367090440535504658e+00
2.975655329548505978e+00 1.494257550540376345e+00
3.379248784283910734e+00 1.621424660545248253e+00
4.429271284476125281e+00 1.748591770550119939e+00
5.622124642766293867e+00 1.875758880554991626e+00
5.622763009012192725e+00 2.002925990559863756e+00
6.248510393911139715e+00 2.130093100564735220e+00
8.255983691881054298e+00 2.257260210569607128e+00
1.103640491164916071e+01 2.384427320574479037e+00
1.204534591354169670e+01 2.511594430579350501e+00
1.388859127092898049e+01 2.638761540584222409e+00
2.000235201637887883e+01 2.765928650589093873e+00
2.085934538647216385e+01 2.893095760593965782e+00
2.086839684852519383e+01 3.020262870598837690e+00
2.232161022207594669e+01 3.147429980603709154e+00
2.088263546458948738e+01 3.274597090608581063e+00
1.874781074912410972e+01 3.401764200613452971e+00
2.034240239345155743e+01 3.528931310618324435e+00
2.386533679049903611e+01 3.656098420623196343e+00
2.337865232141322380e+01 3.783265530628068252e+00
2.875315638555834141e+01 3.910432640632939716e+00
1.975448945806223477e+01 4.037599750637811624e+00
1.113832485842880615e+01 4.164766860642682644e+00
9.404990605229953005e+00 4.291933970647554553e+00
9.312600538715797072e+00 4.419101080652426461e+00
9.920536363846323979e+00 4.546268190657298369e+00
1.037779603474004020e+01 4.673435300662169389e+00
9.853040236350130598e+00 4.800602410667041298e+00
1.103976015960332901e+01 4.927769520671913206e+00
2.002796605148535747e+01 5.054936630676785114e+00
1.710018713228047460e+01 5.182103740681657023e+00
1.466902173256672626e+01 5.309270850686528043e+00
1.521883257271325895e+01 5.436437960691399951e+00
1.518610986464596024e+01 5.563605070696271859e+00
1.225190591676339835e+01 5.690772180701143768e+00
9.154086552604022486e+00 5.817939290706015676e+00
8.210210641071538973e+00 5.945106400710887584e+00
6.957251657048376892e+00 6.072273510715758604e+00
7.994905134807319236e+00 6.199440620720630513e+00
7.456443027401556733e+00 6.326607730725502421e+00
1.041653533162194023e+01 6.453774840730374329e+00
1.643614831869087922e+01 6.580941950735246238e+00
8.045384553112659987e+00 6.708109060740117258e+00
7.718722358266915329e+00 6.835276170744989166e+00
8.999018591532884415e+00 6.962443280749861074e+00
8.099617326739146250e+00 7.089610390754732983e+00
7.925085601201052654e+00 7.216777500759604891e+00
5.815180759816487743e+00 7.343944610764476799e+00
5.478960011195987967e+00 7.471111720769347819e+00
8.206827113954812347e+00 7.598278830774219728e+00
1.043705630909652626e+01 7.725445940779091636e+00
8.994355482040361949e+00 7.852613050783963544e+00
7.416924682378885691e+00 7.979780160788835452e+00
5.378549532913359243e+00 8.106947270793707361e+00
5.670813714735580824e+00 8.234114380798580157e+00
5.557540558964771726e+00 8.361281490803451177e+00
5.166427699008050212e+00 8.488448600808322198e+00
5.328799351780735272e+00 8.615615710813194994e+00
5.327316252889286119e+00 8.742782820818066014e+00
5.543633975107629119e+00 8.869949930822938811e+00
5.370321488519324227e+00 8.997117040827809831e+00
5.595701284309819279e+00 9.124284150832680851e+00
5.424371077754850390e+00 9.251451260837553647e+00
5.601517135537846137e+00 9.378618370842424667e+00
5.699087768072303994e+00 9.505785480847297464e+00
5.682997722915484218e+00 9.632952590852168484e+00
5.744598049600541323e+00 9.760119700857039504e+00
5.925120471328110483e+00 9.887286810861912301e+00
5.835957606187195168e+00 1.001445392086678332e+01
6.124166356630857067e+00 1.014162103087165612e+01
6.303029481943884349e+00 1.026878814087652714e+01
6.410934967154909181e+00 1.039595525088139816e+01
6.623247072177741224e+00 1.052312236088627095e+01
6.906771693163602066e+00 1.065028947089114197e+01
6.862367725591479228e+00 1.077745658089601477e+01
7.238723224539254097e+00 1.090462369090088579e+01
7.362232186128078837e+00 1.103179080090575859e+01
7.320991617551797503e+00 1.115895791091062961e+01
7.413588219014615177e+00 1.128612502091550063e+01
7.847504167560641619e+00 1.141329213092037342e+01
7.942737049424617446e+00 1.154045924092524444e+01
7.723449699375786182e+00 1.166762635093011724e+01
7.730210560353920179e+00 1.179479346093498826e+01
7.500051840746763787e+00 1.192196057093985928e+01
7.641147648360629319e+00 1.204912768094473208e+01
7.420080148145573595e+00 1.217629479094960310e+01
7.457512674279856313e+00 1.230346190095447589e+01
7.365527005851897790e+00 1.243062901095934691e+01
7.169576543447418793e+00 1.255779612096421793e+01
7.190573553266727203e+00 1.268496323096909073e+01
6.884571227791587589e+00 1.281213034097396175e+01
