7.180564458099390757e-02 2.192213366111037398e-01
1.676979927239680701e-01 3.550367519509231018e-01
2.790369848750213766e-01 4.908521672907425470e-01
2.858591800091493385e-01 6.266675826305618813e-01
4.185632826525010897e-01 7.624829979703813265e-01
4.935501899680936888e-01 8.982984133102007718e-01
6.567035216426445610e-01 1.034113828650019995e+00
8.334908364654874946e-01 1.169929243989839440e+00
9.907361087757796669e-01 1.305744659329658885e+00
1.118895550369717107e+00 1.441560074669478331e+00
1.035260672540105675e+00 1.577375490009297776e+00
1.371578704718047881e+00 1.713190905349116999e+00
1.581542045201732805e+00 1.849006320688936444e+00
2.090089616632995639e+00 1.984821736028755890e+00
1.975109692082406276e+00 2.120637151368574891e+00
2.473204543099979169e+00 2.256452566708394336e+00
2.535466399477175781e+00 2.392267982048213781e+00
3.563923194963277474e+00 2.528083397388033227e+00
3.847510044447735034e+00 2.663898812727852672e+00
2.976752987376868553e+00 2.799714228067672117e+00
3.343052667960909830e+00 2.935529643407491562e+00
3.858871697071311058e+00 3.071345058747310564e+00
4.510121625454190486e+00 3.207160474087130009e+00
5.055935417490249328e+00 3.342975889426949454e+00
6.472051800491381179e+00 3.478791304766768899e+00
4.901871407914708989e+00 3.614606720106588345e+00
3.232162938354807835e+00 3.750422135446407790e+00
3.073099801624793237e+00 3.886237550786227235e+00
4.284206009818801952e+00 4.022052966126046236e+00
5.465863844148471706e+00 4.157868381465865681e+00
4.490554810053238199e+00 4.293683796805685127e+00
4.080196690178493846e+00 4.429499212145504572e+00
3.337144608596700035e+00 4.565314627485324017e+00
2.974935122957096389e+00 4.701130042825143462e+00
3.493480948697056387e+00 4.836945458164962908e+00
3.494778952172340247e+00 4.972760873504782353e+00
4.655456874685682145e+00 5.108576288844601798e+00
4.701340077311290777e+00 5.244391704184421243e+00
7.407412530906306358e+00 5.380207119524240689e+00
5.812780334951137107e+00 5.516022534864060134e+00
2.139952168073375738e+00 5.651837950203879579e+00
1.052085426723808004e+00 5.787653365543698136e+00
5.699004955985237375e-01 5.923468780883517582e+00
4.262892064365318423e-01 6.059284196223337027e+00
2.772243240152326149e-01 6.195099611563156472e+00
3.385772481825356506e-01 6.330915026902975917e+00
3.413040448121935633e-01 6.466730442242795363e+00
4.412865878996503621e-01 6.602545857582614808e+00
3.826604603620052392e-01 6.738361272922434253e+00
5.480861225612577714e-01 6.874176688262253698e+00
4.830974695544050235e-01 7.009992103602073144e+00
7.207832424396133364e-01 7.145807518941892589e+00
3.985667740350097299e-01 7.281622934281712034e+00
2.585912137125702115e-01 7.417438349621531479e+00
4.017480367696106280e-01 7.553253764961350925e+00
3.176718073551583199e-01 7.689069180301170370e+00
3.931131807756939045e-01 7.824884595640988927e+00
3.167628751452723490e-01 7.960700010980808372e+00
2.958574343178950183e-01 8.096515426320628706e+00
2.381402389901351169e-01 8.232330841660449039e+00
2.754064595954606731e-01 8.368146257000267596e+00
1.963293573353779020e-01 8.503961672340087929e+00
1.363398314829001590e-01 8.639777087679906487e+00
1.899668318661757171e-01 8.775592503019726820e+00
1.617899333597088984e-01 8.911407918359545377e+00
1.763328487178853210e-01 9.047223333699363934e+00
2.158713998479274698e-01 9.183038749039184268e+00
1.922391623908907832e-01 9.318854164379002825e+00
2.045097472243521397e-01 9.454669579718823158e+00
2.540465526631403570e-01 9.590484995058641715e+00
5.394512665673399932e-01 9.726300410398462049e+00
4.235624098068739296e-01 9.862115825738280606e+00
1.872400352365176379e-01 9.997931241078100939e+00
2.817689850646624694e-01 1.013374665641791950e+01
2.481384932988814074e-01 1.026956207175773983e+01
2.467750949840523678e-01 1.040537748709755839e+01
3.581192906950840249e-01 1.054119290243737872e+01
2.931306376882371056e-01 1.067700831777719728e+01
3.240343328243601162e-01 1.081282373311701761e+01
3.953855113004088317e-01 1.094863914845683617e+01
2.449572305642803149e-01 1.108445456379665650e+01
2.299598491011608792e-01 1.122026997913647506e+01
3.740256043680885156e-01 1.135608539447629362e+01
3.313057905034478834e-01 1.149190080981611395e+01
2.876770444289212803e-01 1.162771622515593251e+01
3.726622060532595593e-01 1.176353164049575284e+01
2.967663665277809892e-01 1.189934705583557140e+01
3.194896717749302617e-01 1.203516247117539173e+01
4.058382317140974971e-01 1.217097788651521029e+01
2.867681122190353094e-01 1.230679330185503062e+01
2.831323833794914258e-01 1.244260871719484918e+01
3.994757062448957008e-01 1.257842413253466951e+01
3.476665702813953596e-01 1.271423954787448807e+01
1.981472217551499548e-01 1.285005496321430840e+01
3.785702654175183701e-01 1.298587037855412696e+01
3.135816124106714509e-01 1.312168579389394729e+01
2.217794592121866415e-01 1.325750120923376585e+01
4.022025028745536135e-01 1.339331662457358441e+01
2.999476292623818874e-01 1.352913203991340474e+01
2.803989517166228240e-01 1.366494745525322330e+01
