3.590282229049696072e-02 2.158562421774648521e-01
1.281594415939259213e-01 3.301686667482521265e-01
2.931306376882371056e-01 4.444810913190393453e-01
4.535571727331109693e-01 5.587935158898266197e-01
5.767174871726693519e-01 6.731059404606138941e-01
8.166755905825949791e-01 7.874183650314010574e-01
1.025729998856393710e+00 9.017307896021884428e-01
1.442475417089162271e+00 1.016043214172975606e+00
1.699703232486923454e+00 1.130355638743762992e+00
2.395819125407628203e+00 1.244668063314550155e+00
2.537432164727023487e+00 1.358980487885337318e+00
2.994445705450968553e+00 1.473292912456124704e+00
3.405157215148310712e+00 1.587605337026911867e+00
4.284547630843750454e+00 1.701917761597699252e+00
5.753762320636067962e+00 1.816230186168486416e+00
5.707997192988721658e+00 1.930542610739273801e+00
5.218538323978624049e+00 2.044855035310061186e+00
7.536846825126657379e+00 2.159167459880848128e+00
8.124687077755178066e+00 2.273479884451635513e+00
8.314141801550844590e+00 2.387792309022422899e+00
1.031287552718934108e+01 2.502104733593209840e+00
1.224563098048797727e+01 2.616417158163997225e+00
1.456497534153422890e+01 2.730729582734784611e+00
1.769219066364248150e+01 2.845042007305571996e+00
2.012822892853609247e+01 2.959354431876358937e+00
1.954671128614310049e+01 3.073666856447146323e+00
1.831178659731431324e+01 3.187979281017933708e+00
1.687269851010467292e+01 3.302291705588720649e+00
1.669211331299073109e+01 3.416604130159508035e+00
1.635583293788181791e+01 3.530916554730295420e+00
1.678149002742514284e+01 3.645228979301082806e+00
1.770114837729935786e+01 3.759541403871869747e+00
2.286897050488124705e+01 3.873853828442657132e+00
1.655363837910582703e+01 3.988166253013444518e+00
1.192685845336146322e+01 4.102478677584231903e+00
1.034314136719309118e+01 4.216791102155019288e+00
1.021229481935418448e+01 4.331103526725806674e+00
9.503411227169477726e+00 4.445415951296594059e+00
9.127323556463636578e+00 4.559728375867381445e+00
9.375868123700081824e+00 4.674040800438168830e+00
1.046562345247344084e+01 4.788353225008955327e+00
1.092852850119739294e+01 4.902665649579742713e+00
1.507766866626112900e+01 5.016978074150530098e+00
1.999856415101690388e+01 5.131290498721317483e+00
1.968336941152814035e+01 5.245602923292104869e+00
1.979732994116249856e+01 5.359915347862892254e+00
2.035218896900935448e+01 5.474227772433679640e+00
1.341454101208283767e+01 5.588540197004466137e+00
1.481772318494845742e+01 5.702852621575253522e+00
1.081357573174713949e+01 5.817165046146040908e+00
8.155669993433406262e+00 5.931477470716828293e+00
5.894583548802014406e+00 6.045789895287615678e+00
4.511360125244503472e+00 6.160102319858403064e+00
4.387160674566887408e+00 6.274414744429190449e+00
4.225743304364945274e+00 6.388727168999976946e+00
3.879840470004335184e+00 6.503039593570764332e+00
4.094203638525444333e+00 6.617352018141551717e+00
4.152380134003998968e+00 6.731664442712339103e+00
4.389197410475961902e+00 6.845976867283126488e+00
5.362980440509870661e+00 6.960289291853913873e+00
9.497997842365338172e+00 7.074601716424701259e+00
7.685843338438177241e+00 7.188914140995487756e+00
6.072181213586042681e+00 7.303226565566275141e+00
6.270387101999108204e+00 7.417538990137062527e+00
6.370967425446981913e+00 7.531851414707849912e+00
6.668300028897904852e+00 7.646163839278637298e+00
6.144262055359670072e+00 7.760476263849424683e+00
6.576962647821056329e+00 7.874788688420212068e+00
6.216780916015293812e+00 7.989101112990998566e+00
5.348710287896723869e+00 8.103413537561785063e+00
6.895406329825466862e+00 8.217725962132572448e+00
6.694333779371518744e+00 8.332038386703359834e+00
5.428413329919272279e+00 8.446350811274147219e+00
4.703623575750187413e+00 8.560663235844934604e+00
5.271733649739794636e+00 8.674975660415721990e+00
6.291481670240649748e+00 8.789288084986509375e+00
9.577805229018744981e+00 8.903600509557296760e+00
7.348141871217451992e+00 9.017912934128084146e+00
6.702049128805944278e+00 9.132225358698871531e+00
6.516395402417631821e+00 9.246537783269657140e+00
6.457580018345398187e+00 9.360850207840444526e+00
6.354338785503639286e+00 9.475162632411231911e+00
6.274340099885174382e+00 9.589475056982019296e+00
5.916106885527227632e+00 9.703787481552806682e+00
6.046536059195656954e+00 9.818099906123594067e+00
5.969076582772422590e+00 9.932412330694381453e+00
5.905003343513139491e+00 1.004672475526516884e+01
5.836091772354049745e+00 1.016103717983595622e+01
5.876822394641533442e+00 1.027534960440674361e+01
6.137407879831542346e+00 1.038966202897753099e+01
6.334472733814556555e+00 1.050397445354831838e+01
6.161058911812196115e+00 1.061828687811910576e+01
6.601849390757432268e+00 1.073259930268989315e+01
6.808958612873938776e+00 1.084691172726067876e+01
6.862486893502245167e+00 1.096122415183146614e+01
7.038164897711626899e+00 1.107553657640225353e+01
7.225516558912174148e+00 1.118984900097304092e+01
7.476456043935431950e+00 1.130416142554382830e+01
7.609307050068303546e+00 1.141847385011461569e+01
7.762840231990263185e+00 1.153278627468540307e+01
