3.635728839543996005e-02 2.175387893942843098e-01
1.354308992730141326e-01 3.318343884929033649e-01
2.467750949840523678e-01 4.461299875915224478e-01
5.171824274251309861e-01 5.604255866901414196e-01
6.248908942966316937e-01 6.747211857887605024e-01
8.248559804715697164e-01 7.890167848873795853e-01
1.005279024133956867e+00 9.033123839859985571e-01
1.327041026433629867e+00 1.017607983084617640e+00
1.448837942558364844e+00 1.131903582183236834e+00
2.024829595560521334e+00 1.246199181281855806e+00
2.027827760255799028e+00 1.360494780380475000e+00
2.299464263167362965e+00 1.474790379479093971e+00
2.933664874118802945e+00 1.589085978577712943e+00
3.645817518084981668e+00 1.703381577676332137e+00
4.320043331625007532e+00 1.817677176774951109e+00
4.481342523260215316e+00 1.931972775873570303e+00
5.617757538893034308e+00 2.046268374972189275e+00
6.395302243628345984e+00 2.160563974070808246e+00
7.121618689783988820e+00 2.274859573169427218e+00
6.513243407527368412e+00 2.389155172268046634e+00
8.410336060956199233e+00 2.503450771366665606e+00
1.041041205815902870e+01 2.617746370465284578e+00
1.298292773199659322e+01 2.732041969563903550e+00
1.708017325954202548e+01 2.846337568662522521e+00
2.090923871234713260e+01 2.960633167761141493e+00
2.621037660828712390e+01 3.074928766859760909e+00
2.896178324477486044e+01 3.189224365958379881e+00
2.728727725270344351e+01 3.303519965056998853e+00
2.054801898257678516e+01 3.417815564155617825e+00
1.844136415813798280e+01 3.532111163254236796e+00
1.592625723025434326e+01 3.646406762352856212e+00
1.616982564775920395e+01 3.760702361451475184e+00
2.005685593401224054e+01 3.874997960550094156e+00
1.698579089565359013e+01 3.989293559648713128e+00
1.128496534914633642e+01 4.103589158747332100e+00
9.277995654825746286e+00 4.217884757845951071e+00
9.367535174404883591e+00 4.332180356944570043e+00
9.106910293521258026e+00 4.446475956043189015e+00
8.975942387936203914e+00 4.560771555141808875e+00
1.026503697183051145e+01 4.675067154240427847e+00
1.192666805489280613e+01 4.789362753339046819e+00
1.272951472510903770e+01 4.903658352437665791e+00
1.543113064819008429e+01 5.017953951536284762e+00
2.145647000401494253e+01 5.132249550634903734e+00
1.668435241033820660e+01 5.246545149733522706e+00
1.470038118647685010e+01 5.360840748832141678e+00
1.553928796118996303e+01 5.475136347930760650e+00
9.509976674561173127e+00 5.589431947029379621e+00
1.085725842498486493e+01 5.703727546127998593e+00
1.192143711546092000e+01 5.818023145226618453e+00
9.280240141547407617e+00 5.932318744325237425e+00
7.132646425154871572e+00 6.046614343423856397e+00
6.698441079683473909e+00 6.160909942522475369e+00
5.443674841898359595e+00 6.275205541621094341e+00
4.867570057024330765e+00 6.389501140719713312e+00
5.069006663800984747e+00 6.503796739818332284e+00
4.830248795464770595e+00 6.618092338916951256e+00
5.206898024978202422e+00 6.732387938015570228e+00
5.445143126714052428e+00 6.846683537114189200e+00
5.291817532385291400e+00 6.960979136212809060e+00
9.039023385410416722e+00 7.075274735311428032e+00
7.596073926367039597e+00 7.189570334410047003e+00
7.161034988901054277e+00 7.303865933508665975e+00
7.889955750067549012e+00 7.418161532607284947e+00
7.383349326672900226e+00 7.532457131705903919e+00
7.979918106019205482e+00 7.646752730804522891e+00
8.357291430966704127e+00 7.761048329903141862e+00
8.055333575941089563e+00 7.875343929001760834e+00
8.415568348548339017e+00 7.989639528100379806e+00
6.887882906196560739e+00 8.103935127198997890e+00
6.905638779412394790e+00 8.218230726297617750e+00
6.132652272006897221e+00 8.332526325396237610e+00
6.827356526095983646e+00 8.446821924494855693e+00
7.726730697243916701e+00 8.561117523593475553e+00
8.097792535246174594e+00 8.675413122692093637e+00
7.515223529985037842e+00 8.789708721790713497e+00
6.984368638359601533e+00 8.904004320889333357e+00
6.904041758546860308e+00 9.018299919987951441e+00
6.524240654390613514e+00 9.132595519086571301e+00
6.325458396624523694e+00 9.246891118185189384e+00
6.646878119309308275e+00 9.361186717283809244e+00
6.714066544839178086e+00 9.475482316382427328e+00
6.433814851181160144e+00 9.589777915481047188e+00
6.675759469020056791e+00 9.704073514579665272e+00
6.394634782336745538e+00 9.818369113678285132e+00
6.416455644124984481e+00 9.932664712776903215e+00
6.460763083646089200e+00 1.004696031187552308e+01
5.990692713672505221e+00 1.016125591097414294e+01
6.003577380702290966e+00 1.027555151007276102e+01
5.956032027545274943e+00 1.038984710917138088e+01
5.933967947795974140e+00 1.050414270826999896e+01
5.771866763206236151e+00 1.061843830736861882e+01
5.864560417575589213e+00 1.073273390646723691e+01
5.740448827684709876e+00 1.084702950556585677e+01
5.670226411734083705e+00 1.096132510466447485e+01
5.718850770069931144e+00 1.107562070376309471e+01
5.753064587694139753e+00 1.118991630286171279e+01
5.663041998150502465e+00 1.130421190196033265e+01
5.858343852634729565e+00 1.141850750105895251e+01
5.656392809402882804e+00 1.153280310015757060e+01
