2.499563577186497687e-02 1.611733798431670139e-01
2.013284844897510473e-01 2.975692747506657465e-01
2.622269425521140951e-01 4.339651696581645623e-01
3.990212401399527153e-01 5.703610645656632672e-01
5.008216476471815115e-01 7.067569594731620830e-01
7.189653780198411726e-01 8.431528543806608988e-01
9.021152183118866796e-01 9.795487492881596037e-01
1.254326449642743313e+00 1.115944644195658197e+00
1.387939484495997355e+00 1.252340539103157013e+00
1.581996511306675846e+00 1.388736434010655829e+00
1.810138495988082408e+00 1.525132328918154645e+00
1.811047428197968490e+00 1.661528223825653239e+00
2.304597618166110973e+00 1.797924118733152055e+00
3.569376788222593966e+00 1.934320013640650870e+00
3.963853367313153520e+00 2.070715908548149464e+00
4.140640682135859230e+00 2.207111803455648502e+00
4.072925232499412296e+00 2.343507698363147096e+00
3.543472220240790893e+00 2.479903593270645690e+00
4.566475422467072498e+00 2.616299488178144728e+00
5.519490844531698137e+00 2.752695383085643321e+00
4.156546995808850120e+00 2.889091277993142359e+00
3.457578126406605890e+00 3.025487172900640953e+00
4.278343911933466082e+00 3.161883067808139547e+00
3.638001170068993151e+00 3.298278962715638585e+00
4.016539520159238208e+00 3.434674857623137179e+00
5.428113952452381596e+00 3.571070752530635772e+00
7.263257877230464565e+00 3.707466647438134810e+00
5.985626624097398540e+00 3.843862542345633404e+00
4.946341635110119483e+00 3.980258437253131998e+00
4.610474179087309388e+00 4.116654332160631036e+00
6.455587606224674424e+00 4.253050227068130518e+00
8.019679256901607545e+00 4.389446121975629111e+00
9.062005988688714098e+00 4.525842016883127705e+00
9.438605041584125388e+00 4.662237911790626299e+00
7.149113334924539487e+00 4.798633806698124893e+00
5.877684704252556180e+00 4.935029701605624375e+00
6.900599903240618005e+00 5.071425596513122969e+00
6.622519609559700982e+00 5.207821491420621562e+00
6.400001231344397468e+00 5.344217386328120156e+00
6.539493778233066656e+00 5.480613281235618750e+00
8.322431893855320340e+00 5.617009176143118232e+00
5.380551290886049998e+00 5.753405071050616826e+00
4.569392601915787111e+00 5.889800965958115420e+00
4.150911760693878350e+00 6.026196860865614013e+00
4.542575611590237372e+00 6.162592755773112607e+00
4.790306449793495069e+00 6.298988650680611201e+00
6.851028185348211785e+00 6.435384545588110683e+00
7.915427043844245780e+00 6.571780440495609277e+00
1.118159658355327934e+01 6.708176335403107871e+00
9.918881197111758752e+00 6.844572230310606464e+00
6.345337929157261136e+00 6.980968125218105058e+00
2.300443718573763618e+00 7.117364020125604540e+00
1.139774302084321178e+00 7.253759915033103134e+00
2.834455744362569085e+00 7.390155809940601728e+00
4.047387200262740237e+00 7.526551704848100321e+00
5.227969637774733336e+00 7.662947599755598915e+00
4.177058488620390975e+00 7.799343494663097509e+00
1.784154330801749122e+00 7.935739389570596991e+00
1.067990001712689319e+00 8.072135284478095585e+00
1.604690629464378127e+00 8.208531179385593290e+00
1.968284325681115998e+00 8.344927074293092772e+00
2.701686337722907005e+00 8.481322969200590478e+00
2.765322066929048805e+00 8.617718864108089960e+00
2.924845759719515659e+00 8.754114759015587666e+00
3.814748824965821239e+00 8.890510653923087148e+00
4.466240150556293642e+00 9.026906548830586630e+00
7.338693601858894411e+00 9.163302443738084335e+00
8.229059993914486171e+00 9.299698338645583817e+00
9.935385088072752779e+00 9.436094233553081523e+00
1.143923376606111830e+01 9.572490128460581005e+00
1.124643089298870891e+01 9.708886023368080487e+00
1.080152811426588677e+01 9.845281918275578192e+00
1.162920502472446316e+01 9.981677813183077674e+00
1.265342812683631912e+01 1.011807370809057538e+01
1.327371904268602343e+01 1.025446960299807486e+01
1.533937639898928218e+01 1.039086549790557434e+01
1.618395800379950700e+01 1.052726139281307205e+01
1.624190278169637480e+01 1.066365728772057153e+01
1.746164019932891875e+01 1.080005318262806924e+01
1.784983852975940266e+01 1.093644907753556872e+01
1.730919589020474447e+01 1.107284497244306820e+01
1.716257098246849466e+01 1.120924086735056591e+01
1.725421094663154520e+01 1.134563676225806539e+01
1.693816235432464268e+01 1.148203265716556309e+01
1.553135993647925162e+01 1.161842855207306258e+01
1.229001548443512704e+01 1.175482444698056028e+01
9.757763861831779906e+00 1.189122034188805976e+01
8.580883683409357587e+00 1.202761623679555925e+01
7.064386724287467167e+00 1.216401213170305695e+01
5.623813944390738229e+00 1.230040802661055643e+01
4.874636367147291871e+00 1.243680392151805414e+01
4.239852884030844926e+00 1.257319981642555362e+01
4.186694085520898057e+00 1.270959571133305310e+01
4.246297776073116204e+00 1.284599160624055081e+01
4.489448153687403575e+00 1.298238750114805029e+01
4.249899477236371403e+00 1.311878339605554800e+01
4.474839474997914124e+00 1.325517929096304748e+01
4.756640933051766496e+00 1.339157518587054696e+01
5.001480364666256229e+00 1.352797108077804467e+01
4.833446506879544913e+00 1.366436697568554415e+01
