  Grp      N_tot     N_gas    N_star    N_dark       Mvir(M_sol)   Rvir(kpc)    GasMass(M_sol)   StarMass(M_sol)   DarkMass(M_sol)       V_max    R@V_max     VelDisp         Xc         Yc         Zc         VXc         VYc         VZc   Contam  Satellite?   False?
    2     748165         0         0    748165     1.0167847e+12    264.4828         0.0000000         0.0000000     1.0167856e+12   149.78999   60.51350   146.00999    4.64370    9.13961   30.58803   103.10000  -279.00000  -104.82000   contam       no         
   45      24336         0         0     24336     3.3007231e+10     84.3736         0.0000000         0.0000000     3.3007181e+10    60.14000    7.31887    55.22000    4.74758    9.00601   30.62046    65.66000  -255.37000   -88.04000    clean      yes         
   47      22651         0         0     22651     3.0721853e+10     82.3816         0.0000000         0.0000000     3.0721797e+10    47.45000   15.72967    44.65000    4.97703    8.79277   29.80364   121.42000  -237.02000  -151.70000    clean       no         
   52      20353         0         0     20353     2.7604988e+10     79.4894         0.0000000         0.0000000     2.7604995e+10    47.69000    6.87620    45.81000    4.63799    9.29162   30.68870     4.71000  -396.38000  -180.85001    clean      yes         
   71      12720         0         0     12720     1.7252323e+10     68.0242         0.0000000         0.0000000     1.7252274e+10    52.03000   10.90453    47.80000    4.59335    9.16629   30.39733   195.59000  -254.80000   -42.46000    clean      yes         
   84      10640         0         0     10640     1.4431149e+10     64.0549         0.0000000         0.0000000     1.4431148e+10    38.39000    6.19743    37.02000    3.74813    9.44482   31.18512   146.34000  -236.91000   -80.30000    clean       no         
   90       9882         0         0      9882     1.3403054e+10     62.4760         0.0000000         0.0000000     1.3403064e+10    40.55000    7.06802    38.02000    3.81430    9.14786   31.13250   139.67000  -259.76001   -89.98000    clean       no         
   91       9851         0         0      9851     1.3361016e+10     62.4318         0.0000000         0.0000000     1.3361018e+10    40.34000   12.61620    37.63000    4.64805    9.26350   30.24920    83.83000  -208.03000   -19.58000    clean       no         
  106       8690         0         0      8690     1.1786336e+10     59.8642         0.0000000         0.0000000     1.1786341e+10    35.77000   11.02258    35.23000    4.74985    8.73233   29.80669    51.06000  -183.67000  -202.32001    clean       no         
