2.135990693232098225e-02 1.771575978498682036e-01
1.317951704334700269e-01 2.918570088639313997e-01
2.067820777490672057e-01 4.065564198779946237e-01
2.858591800091493385e-01 5.212558308920578476e-01
3.008565614722678583e-01 6.359552419061210715e-01
4.317427996958476677e-01 7.506546529201842954e-01
4.821885373445190526e-01 8.653540639342475194e-01
6.430695384943533321e-01 9.800534749483107433e-01
9.652860068989693731e-01 1.094752885962374078e+00
9.539243542753933491e-01 1.209452296976437191e+00
1.188883330530945415e+00 1.324151707990500526e+00
1.316133839914996884e+00 1.438851119004563861e+00
1.129802736888350090e+00 1.553550530018626974e+00
1.181157406746913718e+00 1.668249941032690087e+00
1.609718943708201344e+00 1.782949352046753422e+00
2.207341871708300207e+00 1.897648763060816757e+00
3.663905738050746486e+00 2.012348174074879648e+00
3.352596456164763428e+00 2.127047585088942760e+00
3.104457962865863063e+00 2.241746996103005873e+00
3.428492295690251268e+00 2.356446407117069430e+00
3.362594710473495230e+00 2.471145818131132543e+00
3.253977311392123539e+00 2.585845229145195656e+00
4.025206291480439624e+00 2.700544640159259213e+00
4.979585111859893054e+00 2.815244051173322326e+00
4.673599449596105515e+00 2.929943462187385439e+00
3.677916782779808713e+00 3.044642873201448552e+00
3.993385776053668401e+00 3.159342284215511665e+00
5.085866055386413898e+00 3.274041695229575222e+00
5.227965862392360386e+00 3.388741106243638335e+00
5.960648267890288565e+00 3.503440517257701448e+00
6.162716535073560209e+00 3.618139928271765005e+00
6.570973866971942634e+00 3.732839339285828117e+00
5.076260925184316264e+00 3.847538750299891230e+00
3.231225382859561179e+00 3.962238161313954343e+00
5.179308836762474222e+00 4.076937572328017900e+00
5.443776244973165035e+00 4.191636983342081457e+00
5.528399214632718994e+00 4.306336394356144126e+00
5.556220259451516874e+00 4.421035805370207683e+00
5.919742822522642278e+00 4.535735216384271240e+00
6.818468661235467465e+00 4.650434627398333909e+00
5.823754895070350379e+00 4.765134038412397466e+00
5.807557458006611384e+00 4.879833449426461023e+00
5.246541018888821739e+00 4.994532860440523692e+00
5.721553321763568789e+00 5.109232271454587249e+00
6.008978477411622166e+00 5.223931682468650806e+00
8.251196586131717581e+00 5.338631093482713474e+00
7.459184577088831425e+00 5.453330504496777031e+00
5.032460335115864325e+00 5.568029915510839700e+00
4.053219625214445898e+00 5.682729326524903257e+00
3.944969291234802888e+00 5.797428737538966814e+00
4.708546243950252119e+00 5.912128148553029483e+00
6.100854425671562886e+00 6.026827559567093040e+00
5.796394571584474242e+00 6.141526970581155709e+00
7.542150364276027474e+00 6.256226381595219266e+00
1.027773718950516901e+01 6.370925792609282823e+00
1.333258785563909399e+01 6.485625203623345492e+00
1.433354277730668791e+01 6.600324614637409049e+00
9.524084517098202696e+00 6.715024025651472606e+00
8.612056135654968969e+00 6.829723436665535274e+00
2.193528622686229390e+00 6.944422847679598831e+00
6.048639319741075937e-01 7.059122258693662388e+00
1.157507808630720447e+00 7.173821669707725057e+00
1.878208781495954049e+00 7.288521080721788614e+00
2.343053262647170509e+00 7.403220491735851283e+00
2.736250838719382905e+00 7.517919902749914840e+00
3.463390865313475064e+00 7.632619313763978397e+00
3.944954761048726777e+00 7.747318724778041066e+00
5.198280901825763856e+00 7.862018135792104623e+00
6.424492066222810216e+00 7.976717546806167292e+00
7.940462908639886130e+00 8.091416957820230849e+00
8.940895040093140622e+00 8.206116368834294406e+00
9.135766384239797588e+00 8.320815779848357963e+00
9.002070196722831597e+00 8.435515190862419743e+00
9.857868801818568727e+00 8.550214601876483300e+00
5.359799469652039683e+00 8.664914012890546857e+00
1.168845258537614562e+00 8.779613423904610414e+00
1.243397687002773422e+00 8.894312834918673971e+00
2.208589967907361729e+00 9.009012245932737528e+00
2.199107267783355635e+00 9.123711656946799309e+00
2.247664869161304146e+00 9.238411067960862866e+00
3.775044728307487940e+00 9.353110478974926423e+00
4.197292799571518351e+00 9.467809889988989980e+00
4.986090106277196732e+00 9.582509301003053537e+00
5.285886288404079814e+00 9.697208712017115317e+00
5.881908333933408173e+00 9.811908123031178874e+00
6.061718737544786961e+00 9.926607534045242431e+00
6.307316998051247126e+00 1.004130694505930599e+01
6.807285623044910139e+00 1.015600635607336955e+01
6.976402896874354553e+00 1.027070576708743310e+01
7.248927495102670981e+00 1.038540517810149488e+01
7.751501475902231597e+00 1.050010458911555844e+01
8.463094210086522295e+00 1.061480400012962200e+01
8.900584407042103408e+00 1.072950341114368555e+01
9.234649133985733727e+00 1.084420282215774911e+01
9.882364512541617074e+00 1.095890223317181089e+01
9.720750138896576686e+00 1.107360164418587445e+01
1.041271261649159463e+01 1.118830105519993801e+01
1.043106520415638627e+01 1.130300046621400156e+01
1.108613656683352211e+01 1.141769987722806512e+01
1.170692817783610806e+01 1.153239928824212690e+01
