5.226360206844493650e-02 2.192213366111037398e-01
1.208879839148378349e-01 3.335001102375546034e-01
1.936025607057198228e-01 4.477788838640054392e-01
2.549502813130430923e-01 5.620576574904563305e-01
2.694984002312018623e-01 6.763364311169072218e-01
3.490299685962243159e-01 7.906152047433581131e-01
4.249258081217028860e-01 9.048939783698088934e-01
4.885510628137208489e-01 1.019172751996259674e+00
6.939697422479739197e-01 1.133451525622710676e+00
6.862438184639422234e-01 1.247730299249161456e+00
9.843735833065770935e-01 1.362009072875612459e+00
9.007518199970575568e-01 1.476287846502063239e+00
8.748341374952123273e-01 1.590566620128514019e+00
1.084810592498989035e+00 1.704845393754965022e+00
1.265233636161376296e+00 1.819124167381415802e+00
1.596084960559910115e+00 1.933402941007866804e+00
1.753784698975145329e+00 2.047681714634317363e+00
1.714700613950043806e+00 2.161960488260768365e+00
2.088726218318166516e+00 2.276239261887218923e+00
2.200979346239097634e+00 2.390518035513669926e+00
2.551827179255125255e+00 2.504796809140120928e+00
3.348506261220276059e+00 2.619075582766571486e+00
2.982661046741128086e+00 2.733354356393022488e+00
2.489565322877928644e+00 2.847633130019473491e+00
2.838140825369201981e+00 2.961911903645924049e+00
3.274882752219503423e+00 3.076190677272375051e+00
3.639364568383822274e+00 3.190469450898826054e+00
4.048384062832512065e+00 3.304748224525277056e+00
4.674183889338467957e+00 3.419026998151727614e+00
5.649468150545280842e+00 3.533305771778178617e+00
3.708443416335164500e+00 3.647584545404629619e+00
2.738612748386680895e+00 3.761863319031080177e+00
2.506380568760821159e+00 3.876142092657531180e+00
3.052635190975315993e+00 3.990420866283982182e+00
4.628704953292331226e+00 4.104699639910433184e+00
4.065629001931910125e+00 4.218978413536883743e+00
3.883412866738235270e+00 4.333257187163334301e+00
3.326691888183010093e+00 4.447535960789785747e+00
2.929034046357849252e+00 4.561814734416236305e+00
2.475022407519751333e+00 4.676093508042686864e+00
2.757245858689362894e+00 4.790372281669138310e+00
2.972597397592786628e+00 4.904651055295588868e+00
2.984933377265843291e+00 5.018929828922039427e+00
4.066468802680076600e+00 5.133208602548490873e+00
3.972858678528851328e+00 5.247487376174941431e+00
4.790368695073178529e+00 5.361766149801391990e+00
6.945118687969705107e+00 5.476044923427843436e+00
3.346951093328653482e+00 5.590323697054293994e+00
1.152526042135454176e+00 5.704602470680744553e+00
8.612096626477309114e-01 5.818881244307195999e+00
4.558295032578258965e-01 5.933160017933646557e+00
4.072016300289264534e-01 6.047438791560098004e+00
2.308687813110469056e-01 6.161717565186548562e+00
2.581367476076272260e-01 6.275996338812999120e+00
2.826779172745484403e-01 6.390275112439450567e+00
3.244887989293031016e-01 6.504553886065901125e+00
3.667541466890007484e-01 6.618832659692351683e+00
2.985842309475529310e-01 6.733111433318803130e+00
4.108373588684703370e-01 6.847390206945253688e+00
4.985493171224665288e-01 6.961668980571704246e+00
3.958399774053518172e-01 7.075947754198155693e+00
6.598847843772458477e-01 7.190226527824606251e+00
2.840413155893773967e-01 7.304505301451056809e+00
2.181437303726425359e-01 7.418784075077508255e+00
3.249432650342460871e-01 7.533062848703958814e+00
2.540465526631403570e-01 7.647341622330409372e+00
3.363049176578207233e-01 7.761620395956860818e+00
2.967663665277809892e-01 7.875899169583311377e+00
2.722251968608597750e-01 7.990177943209761935e+00
2.572278153977412551e-01 8.104456716836214270e+00
1.863311030266316115e-01 8.218735490462664828e+00
2.576822815026842406e-01 8.333014264089115386e+00
1.904212979711187304e-01 8.447293037715565944e+00
1.299773060136979741e-01 8.561571811342018279e+00
1.249781788593248288e-01 8.675850584968468837e+00
1.581542045201647928e-01 8.790129358594919395e+00
1.490648824213045287e-01 8.904408132221369954e+00
1.199790517049518362e-01 9.018686905847820512e+00
1.876945013414606511e-01 9.132965679474271070e+00
1.786051792426003870e-01 9.247244453100723405e+00
1.495193485262475419e-01 9.361523226727173963e+00
1.749694504030562814e-01 9.475802000353624521e+00
2.040552811194091265e-01 9.590080773980075080e+00
3.699354094236016466e-01 9.704359547606525638e+00
4.749170796654312854e-01 9.818638321232976196e+00
2.226883914220726679e-01 9.932917094859428531e+00
1.740605181931702550e-01 1.004719586848587909e+01
2.599546120273991678e-01 1.016147464211232965e+01
2.135990693232124038e-01 1.027575341573878021e+01
1.849677047118025719e-01 1.039003218936523076e+01
2.694984002312018623e-01 1.050431096299168132e+01
3.081280191513556255e-01 1.061858973661813366e+01
2.158713998479274698e-01 1.073286851024458421e+01
3.031288919969827855e-01 1.084714728387103477e+01
3.367593837627637088e-01 1.096142605749748533e+01
1.972382895452639284e-01 1.107570483112393589e+01
2.122356710083833642e-01 1.118998360475038645e+01
2.549554848730263279e-01 1.130426237837683878e+01
3.453942397566804323e-01 1.141854115200328934e+01
2.163258659528704830e-01 1.153281992562973990e+01
