7.953156836502489613e-02 2.318404601841660417e-01
1.599720689399368456e-01 3.459930425748862781e-01
3.208530700897592181e-01 4.601456249656065145e-01
4.131096893931852643e-01 5.742982073563267509e-01
4.890055289186638343e-01 6.884507897470469873e-01
5.458137920365425666e-01 8.026033721377672236e-01
7.176019797050120497e-01 9.167559545284874600e-01
9.557422186951655130e-01 1.030908536919207696e+00
1.104807101116482837e+00 1.145061119309927822e+00
1.230694212185705183e+00 1.259213701700648169e+00
1.685160317128746144e+00 1.373366284091368517e+00
1.624716325171321696e+00 1.487518866482088420e+00
1.895578123717374108e+00 1.601671448872808767e+00
1.761965088864120066e+00 1.715824031263529115e+00
2.190981091930350733e+00 1.829976613654249462e+00
2.629540883200385259e+00 1.944129196044969365e+00
2.688167010738037543e+00 2.058281778435689713e+00
3.398497532764010565e+00 2.172434360826410060e+00
4.109282520894820045e+00 2.286586943217130408e+00
4.009299977807407878e+00 2.400739525607850311e+00
4.933123482447775210e+00 2.514892107998570658e+00
5.902960744894846457e+00 2.629044690389291006e+00
7.204034403671983000e+00 2.743197272780010909e+00
7.852346842976250407e+00 2.857349855170731256e+00
9.059731031274493418e+00 2.971502437561451604e+00
9.855493733858612160e+00 3.085655019952171951e+00
1.192859062638111922e+01 3.199807602342892299e+00
1.283906153459812849e+01 3.313960184733612202e+00
1.522678668716932116e+01 3.428112767124332549e+00
1.527994808015985484e+01 3.542265349515052897e+00
1.699691620989278462e+01 3.656417931905772800e+00
1.705450105076307210e+01 3.770570514296493148e+00
2.229889067381426315e+01 3.884723096687213495e+00
2.244716805928838355e+01 3.998875679077933842e+00
1.800550990519630190e+01 4.113028261468654634e+00
1.562321818193901635e+01 4.227180843859374093e+00
1.408352236721650996e+01 4.341333426250095329e+00
1.304703367011755688e+01 4.455486008640814788e+00
1.268775293948329974e+01 4.569638591031535135e+00
1.322641370939406258e+01 4.683791173422255483e+00
1.258702293293281826e+01 4.797943755812975830e+00
1.176157989579184537e+01 4.912096338203696178e+00
1.526672331049257636e+01 5.026248920594416525e+00
1.624323790675532564e+01 5.140401502985136872e+00
1.955402996063338605e+01 5.254554085375856332e+00
2.347339379776951773e+01 5.368706667766576679e+00
2.190175153756354476e+01 5.482859250157297026e+00
1.734398629008230230e+01 5.597011832548017374e+00
1.419796328868159563e+01 5.711164414938737721e+00
1.285839829876471363e+01 5.825316997329458069e+00
1.095596701295798781e+01 5.939469579720178416e+00
1.065741253318796744e+01 6.053622162110898763e+00
9.454177233034760874e+00 6.167774744501619111e+00
6.009982008409416210e+00 6.281927326892338570e+00
5.036495906589530058e+00 6.396079909283058917e+00
5.635202423429600316e+00 6.510232491673779265e+00
6.337404190697490947e+00 6.624385074064499612e+00
7.512869108259685014e+00 6.738537656455219960e+00
9.976058844628120426e+00 6.852690238845940307e+00
1.051698214009403465e+01 6.966842821236660654e+00
1.121257562820576936e+01 7.080995403627380114e+00
1.138964333732097067e+01 7.195147986018100461e+00
1.169876951251745112e+01 7.309300568408820808e+00
1.169045795165579804e+01 7.423453150799541156e+00
1.214256690986251108e+01 7.537605733190261503e+00
1.119750556943758291e+01 7.651758315580981851e+00
1.155202430357136656e+01 7.765910897971702198e+00
9.933236364156531550e+00 7.880063480362422546e+00
9.062251268034714258e+00 7.994216062753142893e+00
8.819795466409100726e+00 8.108368645143862352e+00
7.806852838887592405e+00 8.222521227534581811e+00
7.921359191391707633e+00 8.336673809925303047e+00
7.751421076849192460e+00 8.450826392316024283e+00
7.896533502013986627e+00 8.564978974706743742e+00
6.644876193663796116e+00 8.679131557097463201e+00
8.236427160387950863e+00 8.793284139488184437e+00
6.524103536805285763e+00 8.907436721878903896e+00
7.719595312075328231e+00 9.021589304269625131e+00
6.962535680119103176e+00 9.135741886660344591e+00
7.056385863938655412e+00 9.249894469051065826e+00
5.991999345822038414e+00 9.364047051441785285e+00
5.880292162657962507e+00 9.478199633832504745e+00
6.624371417273913210e+00 9.592352216223225980e+00
5.255109015987238230e+00 9.706504798613945439e+00
5.608851007047431558e+00 9.820657381004666675e+00
5.783948447628277201e+00 9.934809963395386134e+00
5.948302215974500484e+00 1.004896254578610737e+01
5.848515323492671669e+00 1.016311512817682683e+01
5.810764320523178483e+00 1.027726771056754629e+01
5.952418221440655799e+00 1.039142029295826752e+01
5.975768173629939284e+00 1.050557287534898698e+01
6.040570440177047473e+00 1.061972545773970822e+01
6.502684401639473144e+00 1.073387804013042768e+01
6.256492309655525830e+00 1.084803062252114891e+01
6.406624634152408682e+00 1.096218320491186837e+01
6.327593149470274625e+00 1.107633578730258961e+01
6.398457971594000426e+00 1.119048836969330907e+01
6.413724624613571734e+00 1.130464095208402853e+01
6.107028038023516459e+00 1.141879353447474976e+01
6.074516441992435567e+00 1.153294611686546922e+01
