3.908408502509795601e-02 2.116498741354162494e-01
1.067995346616048558e-01 3.260043623866240026e-01
1.954204251254918756e-01 4.403588506378317557e-01
2.513197560334824443e-01 5.547133388890395089e-01
2.754064595954606731e-01 6.690678271402472621e-01
3.731166721582025447e-01 7.834223153914549043e-01
4.221990114920449733e-01 8.977768036426626574e-01
6.139837077779987107e-01 1.012131291893870522e+00
7.089671237110942714e-01 1.126485780145078053e+00
8.389444297248039861e-01 1.240840268396285806e+00
1.030729126010767160e+00 1.355194756647493559e+00
1.167068957493679449e+00 1.469549244898701312e+00
1.242510330914224248e+00 1.583903733149909066e+00
1.328404424748458990e+00 1.698258221401116819e+00
1.402936865959117707e+00 1.812612709652324572e+00
2.114630786299919851e+00 1.926967197903532325e+00
2.061458252021584059e+00 2.041321686154740078e+00
2.197798083504496347e+00 2.155676174405948053e+00
2.674078561484803274e+00 2.270030662657155140e+00
2.499563577186675545e+00 2.384385150908363116e+00
3.676630788989151633e+00 2.498739639159571091e+00
4.462402684435217814e+00 2.613094127410779066e+00
4.310611005384479277e+00 2.727448615661986153e+00
3.897501315991469539e+00 2.841803103913194128e+00
4.618739024535471138e+00 2.956157592164402104e+00
5.620382319828954643e+00 3.070512080415610079e+00
5.145465240163940912e+00 3.184866568666817166e+00
5.607162969344031467e+00 3.299221056918025141e+00
7.628212145048935966e+00 3.413575545169233116e+00
5.712144553403629921e+00 3.527930033420441092e+00
4.508237991592658922e+00 3.642284521671648179e+00
3.512974082490577743e+00 3.756639009922856154e+00
4.859466367217051719e+00 3.870993498174064129e+00
8.951523097542125385e+00 3.985347986425271216e+00
6.398128992475678345e+00 4.099702474676479191e+00
5.596173203096841853e+00 4.214056962927687167e+00
5.711931844097914102e+00 4.328411451178894254e+00
4.534826814126811989e+00 4.442765939430102229e+00
3.940477781073421948e+00 4.557120427681310204e+00
4.156403101007880352e+00 4.671474915932518179e+00
3.050349700288430110e+00 4.785829404183725266e+00
4.282752739500006456e+00 4.900183892434933242e+00
5.253464933806260007e+00 5.014538380686141217e+00
4.923931235208718782e+00 5.128892868937349192e+00
5.820493483741861596e+00 5.243247357188556279e+00
6.232525542526552442e+00 5.357601845439764254e+00
1.747793792766428655e+00 5.471956333690972230e+00
8.325641611472605064e-01 5.586310821942180205e+00
1.145236249246439630e+00 5.700665310193387292e+00
1.344280596538462769e+00 5.815019798444595267e+00
1.058384024214438224e+00 5.929374286695803242e+00
1.096140558712310531e+00 6.043728774947010329e+00
9.352598233041751197e-01 6.158083263198218305e+00
8.593954044472408293e-01 6.272437751449426280e+00
9.893727104609505441e-01 6.386792239700634255e+00
1.073903405980356052e+00 6.501146727951841342e+00
9.157492014601779085e-01 6.615501216203049317e+00
2.985842309475529310e-01 6.729855704454257292e+00
3.731166721582025447e-01 6.844210192705465268e+00
3.840238586768341955e-01 6.958564680956672355e+00
5.471771903513716895e-01 7.072919169207880330e+00
5.149100969004157813e-01 7.187273657459088305e+00
5.012761137521245525e-01 7.301628145710296280e+00
6.448645236892622812e-01 7.415982633961503367e+00
5.217270884745613957e-01 7.530337122212711343e+00
3.267611294540180289e-01 7.644691610463919318e+00
2.717707307559167895e-01 7.759046098715126405e+00
1.417934247422163174e-01 7.873400586966334380e+00
1.576997384152217796e-01 7.987755075217542355e+00
2.685894680213158914e-01 8.102109563468751219e+00
1.308862382235840005e-01 8.216464051719958306e+00
1.299773060136979741e-01 8.330818539971165393e+00
1.427023569521023438e-01 8.445173028222372480e+00
2.190526625825285623e-01 8.559527516473581343e+00
1.890578996562896907e-01 8.673882004724788430e+00
1.581542045201647928e-01 8.788236492975997294e+00
1.540640095756776740e-01 8.902590981227204381e+00
1.449746874768174099e-01 9.016945469478411468e+00
1.313407043285270137e-01 9.131299957729620331e+00
1.967838234403209152e-01 9.245654445980827418e+00
1.195245856000088369e-01 9.360008934232034505e+00
1.567908062053357532e-01 9.474363422483243369e+00
2.263241202616167735e-01 9.588717910734450456e+00
1.217969161247238336e-01 9.703072398985657543e+00
1.363398314829001590e-01 9.817426887236866406e+00
1.390666281125582382e-01 9.931781375488073493e+00
2.595001459224561824e-01 1.004613586373928236e+01
2.058731455391811793e-01 1.016049035199048944e+01
2.172347981627565094e-01 1.027484484024169653e+01
3.731166721582025447e-01 1.038919932849290539e+01
2.740430612806317168e-01 1.050355381674411248e+01
2.299598491011608792e-01 1.061790830499531957e+01
2.867681122190353094e-01 1.073226279324652843e+01
2.649537391817720078e-01 1.084661728149773552e+01
3.349415193429917670e-01 1.096097176974894438e+01
2.844957816943203821e-01 1.107532625800015147e+01
3.326691888182768397e-01 1.118968074625135856e+01
5.826255465369288844e-01 1.130403523450256742e+01
6.485231317536698237e-01 1.141838972275377451e+01
2.526831543483114006e-01 1.153274421100498159e+01
