5.726272922281792910e-02 2.293166393589368690e-01
1.213424500197808342e-01 3.434944599579093927e-01
1.658801283041960173e-01 4.576722805568819163e-01
2.190526625825285623e-01 5.718501011558545510e-01
2.590456798175131969e-01 6.860279217548270747e-01
3.044922903118117419e-01 8.002057423537995984e-01
4.512848422083960420e-01 9.143835629527721220e-01
6.071667162038530963e-01 1.028561383551744646e+00
7.139662508654677220e-01 1.142739204150717169e+00
8.675757943362155666e-01 1.256917024749689915e+00
9.084777437810892531e-01 1.371094845348662439e+00
8.962071589476271471e-01 1.485272665947634962e+00
9.048420149415449254e-01 1.599450486546607486e+00
9.711940662632289056e-01 1.713628307145580010e+00
1.446565612033649639e+00 1.827806127744552533e+00
1.226149551136274773e+00 1.941983948343525057e+00
1.477469307169776425e+00 2.056161768942497581e+00
2.004195522798760898e+00 2.170339589541470104e+00
2.033735819620058560e+00 2.284517410140442628e+00
2.355497821919731560e+00 2.398695230739415152e+00
2.390946178105288755e+00 2.512873051338387675e+00
3.165356420928230552e+00 2.627050871937360199e+00
3.481664829968587060e+00 2.741228692536332723e+00
3.243524590978385191e+00 2.855406513135305246e+00
2.809963926862772521e+00 2.969584333734277770e+00
3.137179522421762012e+00 3.083762154333250294e+00
3.163993022613401429e+00 3.197939974932222817e+00
3.603007279988378997e+00 3.312117795531195341e+00
3.970215892782356093e+00 3.426295616130167865e+00
5.464954911938586513e+00 3.540473436729140388e+00
5.632198438557462161e+00 3.654651257328112912e+00
3.811607222157185060e+00 3.768829077927085436e+00
3.073554267729736278e+00 3.883006898526057959e+00
3.151267971674996282e+00 3.997184719125030483e+00
4.988219967853802395e+00 4.111362539724003007e+00
6.351106946522615537e+00 4.225540360322975530e+00
5.426737538772961500e+00 4.339718180921948942e+00
5.593435909212997714e+00 4.453896001520921466e+00
5.870703382936639514e+00 4.568073822119893990e+00
5.103890786851143169e+00 4.682251642718866513e+00
3.997797411460922934e+00 4.796429463317839037e+00
3.941411518481026999e+00 4.910607283916811561e+00
2.960691436935365850e+00 5.024785104515784084e+00
3.520612366292257711e+00 5.138962925114756608e+00
4.746566553718263748e+00 5.253140745713729132e+00
3.803243235219582186e+00 5.367318566312701655e+00
3.201880934672312495e+00 5.481496386911674179e+00
2.688380558824598143e+00 5.595674207510646703e+00
1.395164620853428072e+00 5.709852028109619226e+00
6.030675982029947146e-01 5.824029848708591750e+00
2.358679084654200508e-01 5.938207669307564274e+00
3.708443416334876175e-01 6.052385489906536797e+00
2.604090781323421533e-01 6.166563310505509321e+00
2.985842309475529310e-01 6.280741131104481845e+00
2.085999421688392585e-01 6.394918951703454368e+00
2.454116966692233281e-01 6.509096772302426892e+00
2.713162646509738041e-01 6.623274592901399416e+00
1.931480946007768096e-01 6.737452413500371939e+00
2.463206288791093546e-01 6.851630234099344463e+00
2.072365438540102189e-01 6.965808054698316987e+00
2.349589762555340244e-01 7.079985875297289510e+00
2.308687813110469056e-01 7.194163695896262034e+00
3.140360785156144363e-01 7.308341516495234558e+00
2.167803320578134962e-01 7.422519337094207081e+00
2.272330524715028000e-01 7.536697157693179605e+00
2.285620934740665022e-01 7.650874978292152129e+00
2.822234511696054549e-01 7.765052798891124652e+00
4.176543504426151188e-01 7.879230619490097176e+00
1.345219670631281061e-01 7.993408440089069700e+00
1.813319758722584663e-01 8.107586260688041335e+00
2.167803320578134962e-01 8.221764081287014747e+00
1.608810011498228720e-01 8.335941901885986383e+00
2.590456798175131969e-01 8.450119722484959794e+00
1.254326449642678420e-01 8.564297543083931430e+00
1.840587725019165455e-01 8.678475363682904842e+00
1.590631367300508192e-01 8.792653184281876477e+00
1.654256621992530041e-01 8.906831004880849889e+00
1.872400352365176379e-01 9.021008825479821525e+00
1.304317721186409873e-01 9.135186646078794936e+00
1.399755603224442646e-01 9.249364466677766572e+00
1.267960432790968817e-01 9.363542287276739984e+00
1.517916790509626079e-01 9.477720107875711619e+00
1.454291535817604231e-01 9.591897928474685031e+00
2.026918828045800869e-01 9.706075749073656667e+00
3.599371551148559667e-01 9.820253569672630078e+00
1.227058483346098322e-01 9.934431390271601714e+00
1.804230436623724398e-01 1.004860921087057513e+01
1.645167299893669777e-01 1.016278703146954676e+01
1.454291535817604231e-01 1.027696485206852017e+01
1.195245856000088369e-01 1.039114267266749181e+01
1.899668318661757171e-01 1.050532049326646522e+01
2.422304339346222357e-01 1.061949831386543686e+01
3.476665702813953596e-01 1.073367613446441027e+01
1.436112891619883702e-01 1.084785395506338190e+01
2.185981964775855491e-01 1.096203177566235532e+01
1.386121620076152250e-01 1.107620959626132695e+01
1.949659590205488624e-01 1.119038741686030036e+01
1.976927556502069416e-01 1.130456523745927200e+01
2.117812049034403510e-01 1.141874305805824541e+01
2.304143152061038924e-01 1.153292087865721705e+01
