1.309516864730574159e+00
1.524883772198268428e+00
1.545074419773361241e+00
1.740250679665882982e+00
1.955617587133859026e+00
2.170984494601795323e+00
2.386351402069585070e+00
2.817085217005090403e+00
3.032452124473373978e+00
3.247819031941398649e+00
3.288200327091739705e+00
3.463185939410453162e+00
3.678552846879704852e+00
3.893919754348817097e+00
4.109286661817248998e+00
4.324653569286471821e+00
4.755387384224894376e+00
4.970754291694141180e+00
5.186121199163385320e+00
5.401488106631916253e+00
5.616855014099292553e+00
5.832221921567644074e+00
5.869238108788919384e+00
6.047588829036787850e+00
6.262955736505598558e+00
6.478322643973713824e+00
6.693689551435582530e+00
6.909056458895380892e+00
7.124423366359936338e+00
7.339790273829130740e+00
7.555157181298366886e+00
7.770524088767641224e+00
7.985890996236912898e+00
8.201257903705936769e+00
8.416624811173262444e+00
8.611801071059357326e+00
8.631991718633711841e+00
8.847358626096211154e+00
9.062725533565322067e+00
9.278092441034461402e+00
9.493459348503696660e+00
9.708826255972811126e+00
9.924193163441936250e+00
1.013956007091095834e+01
1.035492697837979570e+01
1.057029388584330043e+01
1.078566079330303928e+01
1.100102770076279768e+01
1.121639460822255430e+01
1.143176151568230559e+01
1.164712842314206931e+01
1.186249533060182060e+01
1.207786223806158610e+01
1.229322914552133916e+01
1.250859605298108157e+01
1.272396296044085595e+01
1.293932986790059836e+01
1.315469677536039406e+01
1.337006368282013646e+01
1.358543059027989841e+01
1.380079749773966746e+01
