-4.869779548058251854e-03
-6.746758364339548383e-03
-7.128849085636174837e-03
-1.081588424092673646e-02
-1.478405252994092339e-02
-4.191237339073252549e-02
-5.862040216870414294e-02
-6.439915352839900575e-02
-2.338552873774223453e-02
-4.645376150573227864e-02
-4.631219154885956452e-02
-9.342890582558478763e-02
-2.878018818511631771e-01
-1.194480907987696822e-01
-3.014529278200604456e-01
-2.057990199736531578e-01
-1.496234242558968641e-01
-2.171297710192934272e-01
-1.607952178219129724e-01
-7.311663560576694421e-01
-1.603200649649149379e-01
-1.716497991178369820e-01
-1.812430642027735017e-01
-2.722374700157853544e-01
-1.926580153661110184e-01
-1.626942173462711527e-01
-1.967313217122508007e-01
-2.143525176324312387e-01
-1.517436102700654710e-01
-2.272342754687607380e-01
-1.610591956992931395e-01
-1.714850304903188516e-01
-1.964192706545450640e-01
-1.901844527142118046e-01
-1.535902169177431054e-01
-1.462964929533087377e-01
-1.459249515902131811e-01
-1.201408873910541492e-01
-2.156591564343844358e-01
-2.135785958753090297e-01
-1.521945845446374956e-01
-1.656275853203495185e-01
-1.590012843008432597e-01
-1.656404759410411709e-01
-1.612215890647674121e-01
-1.593820220157798062e-01
-1.395164171721615665e-01
-1.358017471457300951e-01
-1.170048237565235599e-01
-1.059807433810536353e-01
-1.026810212536041766e-01
-7.274586141199841649e-02
-1.037865895102696168e-01
-7.612220762634452909e-02
-6.736923773965766693e-02
-5.974126548456353686e-02
-5.270191424842012723e-02
-5.101704015214663518e-02
-5.681762988063466385e-02
-4.261247466269419554e-02
-5.698174716406767537e-02
