-8.510999300450826323e-04
-2.148810832071778362e-03
-2.596505171828490059e-03
-2.697317770972815394e-03
-4.744897952878022671e-03
-1.933120941637849919e-03
-9.922300064664230784e-04
-5.293888918291692752e-03
-2.679695950440948334e-03
-2.233989591885636797e-02
-5.321906542065737294e-02
-8.280722309426438721e-02
-7.137050393764199016e-03
-5.359791594476679723e-03
-4.620567863825483096e-02
-2.712870954343191143e-02
-1.113516475688030097e-02
-1.088002474253059043e-01
-9.146907025024918897e-03
-1.569895036482156156e-02
-1.053719697048985729e-02
-6.721396799086362325e-03
-1.088445050630676252e-02
-1.316618717848506807e-02
-6.159771651236132378e-03
-1.020808571690036068e-02
-5.859347917388311143e-03
-8.012429531031942109e-03
-1.051230930525253598e-02
-9.139175491308476618e-02
-2.719942659306909608e-02
-6.404262954740904366e-03
-2.365380591800443546e-03
-3.735692728643681942e-03
-2.928895900210152451e-03
-7.977492240560086698e-03
-8.233810079404879634e-03
-9.677233536936169500e-03
-8.215900535868120649e-03
-5.021272804539231478e-03
-2.120356822244429118e-03
-7.575334501820464930e-04
-1.431220434193072747e-03
-1.706784292643714852e-03
-2.545541516741156498e-03
-4.468111294302235664e-03
-6.600091893305254191e-03
-1.951099118244055755e-02
-9.353600369858751373e-03
-8.042742215753921967e-03
-7.710120618274552209e-03
-7.542942471136540768e-03
-9.641170829522824684e-03
-9.463393943719672352e-03
-7.971114556241536836e-03
-7.622444035305868393e-03
-7.497810252677425576e-03
-8.178733423239728517e-03
-8.395933961102773277e-03
-6.593316390420546694e-03
-5.553711101738700168e-03
