1.999818490541289684e+00
1.895074134490920326e+00
1.777417121690552548e+00
1.670446439519059023e+00
1.572651551596177644e+00
1.482800433229944925e+00
1.323036940097769509e+00
1.251569166352998419e+00
1.184873207346197610e+00
1.122436835113999276e+00
1.063820479763753379e+00
1.008644622526071011e+00
9.994830608808262795e-01
9.565797491837675359e-01
9.073382732929695660e-01
8.606679900364093694e-01
8.163467305012892528e-01
7.741779655206952881e-01
7.339871666848356568e-01
6.956187756239304854e-01
6.589336653728963267e-01
6.238070024429025473e-01
5.901264372106436173e-01
5.577905648727916610e-01
5.267076105983869994e-01
4.995510833912970572e-01
4.967943014202316210e-01
4.679748944247457132e-01
4.401803363797547330e-01
4.133475343688750581e-01
3.874187205740169393e-01
3.623408972333550526e-01
3.380653501264003769e-01
3.145472208466983943e-01
2.917451296804318694e-01
2.696208421927468457e-01
2.481389736807482205e-01
2.272667265373473633e-01
2.069736562975663663e-01
1.872314627521496355e-01
1.680138030298847784e-01
1.492961239811292362e-01
1.310555115612832555e-01
1.132705552230197643e-01
9.592122558973881219e-02
7.898876390760500854e-02
6.245558196583456123e-02
4.630517133983147460e-02
3.052202095371647772e-02
1.509154208095209171e-02
7.651435041111653845e-12
