6.726286197649748722e-03
2.975521373120405474e-02
5.128404098428375468e-02
6.950175846002404345e-02
1.523125996134633460e-02
4.705241319601988215e-02
2.038683757401352561e-02
2.989319441029366503e-02
8.559175293025879372e-02
1.574551539323393312e-01
1.266707455846541874e-01
1.124337752008530839e-01
2.692625549671562313e-01
2.599039610611749151e-01
2.103586829716518336e-01
1.630452338280818925e-01
1.249284358676001072e-01
2.091239280917297771e-01
1.984029956526397742e-01
1.202982739170002369e-01
9.080025302021142719e-02
7.609483972608747926e-02
2.137570381103047756e-01
3.024069915179384282e-01
3.164439120337536049e-01
2.513815003656637015e-01
8.652512152154727409e-02
9.043475791109065187e-02
4.845255636321703363e-02
4.014966667929827787e-02
2.956898514168267988e-01
1.135880871569472095e-01
1.517868891826175404e-01
1.291772064746895821e-01
5.096396702110287391e-01
1.242152466339243172e-01
9.207305165227164245e-02
1.510560151514105109e-01
8.885876470779691116e-02
5.688655740330419985e-02
5.375451397633040918e-02
6.215415446238783947e-02
5.126014943792053108e-02
4.742687713788737436e-02
3.695303298757101479e-02
4.187534896775355758e-02
2.504289287876204639e-02
1.678980776063971822e-02
4.928329881401750934e-02
2.126671272856889977e-02
3.288039529643275310e-02
2.675373323973252032e-02
2.975467283144738947e-02
2.603846426447675722e-02
4.424457760048106786e-02
2.852904719369979414e-02
3.836478935694215275e-02
6.906632361649579777e-02
