1.158347065741469839e+00
1.072313486169869767e+00
1.945407935239212183e+00
1.813347390275138915e+00
4.666873522027726318e-01
1.103591505584794907e+00
3.374067012013910016e+00
3.078486828181153379e-01
3.928200671759300433e-01
1.587520006316303522e+00
2.054990880717094459e+00
9.293194141914309370e-01
3.001899647749451727e+00
2.459888628433980706e+00
4.938504262236318887e+00
6.690278586656964066e+00
4.510838923552659807e+00
4.950119377128161524e+00
1.311670344937370913e+01
4.910866261511904085e+00
3.853245626436981208e+00
3.423820088388022764e+00
2.657906358088926613e+00
4.610900523927319306e+00
4.659034799021974038e+00
6.178052662963926522e+00
4.143077802206666327e+00
2.150495686836281006e+00
2.509163406651757189e+00
1.765807151553216325e+00
4.497731282067891634e+00
1.024292852765867678e+01
1.113178438995043074e+01
7.201120549104864210e+00
2.443013972524821220e+00
8.503502225397441272e-01
9.490152222341003974e-01
3.117699081758106283e-01
1.055762403228430069e+00
2.853772142205178497e+00
1.196817388500864787e+01
2.009645189866737880e+01
1.329038389182238333e+01
6.917677585357139947e+00
2.987484980466905249e+00
1.274259690685133783e+00
4.578918696580193681e-01
1.481437673126436427e-01
8.546614715373170024e-02
8.329000031025315942e-02
9.960610797949635831e-02
9.817398043124787865e-02
8.766943630116837138e-02
6.660844749229644091e-02
3.943789079105954748e-02
3.951417899591663785e-02
5.398124798704205529e-02
3.899001951164381835e-02
4.094636194006875257e-02
1.344974594011942859e-01
7.594836382512328843e-01
