1.763887216969199775e-03
2.183315682934585528e-03
4.618563378330224796e-03
4.009918212591572287e-03
9.862921095756091612e-04
2.443375994739617300e-03
9.107335318411872646e-03
4.586848607661920488e-04
5.630481789105769123e-04
1.986102919740857699e-03
2.319794764188452992e-03
2.701615311696851148e-03
6.601480304687264850e-03
5.322294453150845824e-03
1.070204286415553027e-02
1.597211176240899075e-02
1.307646610995621093e-02
1.328284891075151228e-02
4.320282097209067473e-02
1.012928294367445269e-02
8.012226931953851661e-03
7.769729393956447717e-03
3.753038661867753954e-03
4.200593837577096951e-03
5.377450314398741181e-03
7.369975002574699965e-03
6.549077624232853279e-03
3.058741924257661962e-03
2.812620210150728467e-03
2.330669085457213411e-03
4.940678376076607786e-03
1.562187740755911769e-02
1.647022417677560316e-02
1.363403618768884232e-02
3.613202300145059234e-03
8.850583693514303902e-04
1.105774865587142016e-03
2.612243886872032505e-04
4.747141790039534738e-04
5.317444507705742195e-03
1.938123317737403678e-02
3.582722807243005070e-02
2.769416755707511738e-02
1.662756898817216791e-02
7.938187445727305086e-03
2.822041867716974187e-03
8.191407828502909882e-04
2.807874626885146791e-04
1.465501181521890531e-04
1.230018931301831700e-04
1.419714899253013505e-04
1.600385766907087381e-04
1.061280478342911454e-04
7.454643363310221860e-05
1.119930569477293791e-04
2.291032364409312380e-04
3.822537455322408558e-04
1.877292741698664206e-04
1.306544890445180025e-04
4.842051833786422711e-04
9.074628315827346862e-04
