-5.194759546968928277e+00
-5.481318823203764623e+00
-6.410099428270513044e+00
-9.568377481819323904e+00
-1.546380469599878893e+01
-8.670417471459117564e+00
-6.362609661977690401e+00
-1.960312897136315158e+01
-1.588499924109292571e+01
-1.847443829518190839e+01
-2.382463191571432404e+01
-5.376199279936426478e+01
-2.179130466703714220e+01
-1.644895362433765840e+01
-2.693555088814870757e+01
-2.856426854822942119e+01
-1.929663791599627842e+01
-4.201837183627097261e+01
-1.772282593864812128e+01
-2.119025906880716192e+01
-1.793711783932477033e+01
-1.379490181461145681e+01
-1.541055489196252282e+01
-1.559146017488334479e+01
-1.156500802319663279e+01
-1.262613604835824610e+01
-1.143122122356141013e+01
-1.341305719735453117e+01
-1.545848961102841024e+01
-4.307979530065269103e+01
-2.330561582596925874e+01
-1.473049367881199245e+01
-1.088516068482601895e+01
-9.758473217985910608e+00
-8.901029368458521773e+00
-1.091999666238020339e+01
-1.129026328381077882e+01
-1.180156641808044959e+01
-1.069826695437701147e+01
-9.286419298430276470e+00
-7.021618387777342818e+00
-4.651536192259360547e+00
-4.795673037427218510e+00
-5.122476544464211301e+00
-5.886462594963551176e+00
-7.421251913564037572e+00
-9.250519828578037007e+00
-1.865951357442814285e+01
-1.123755947207662764e+01
-9.991910791618705545e+00
-9.626304087245710406e+00
-9.774361356143291601e+00
-1.057755460039263795e+01
-1.033260723544555226e+01
-1.004265325959587507e+01
-1.013855618678073256e+01
-1.014708669116381756e+01
-9.949376771190435065e+00
-9.763092105827690048e+00
-9.200220608324771732e+00
-8.290829802068854448e+00
