1.760095670342340268e+00
3.675698488619584925e+00
3.283008386591774741e+00
2.679713725613002140e+00
9.243985182781209176e+00
1.138318882562573897e+01
1.115581412060122091e+01
4.296800772572036742e+00
8.550457572484784663e+00
4.144556192469699418e+00
6.414704171404329358e+00
8.270930418470491929e+00
1.850906838727381754e+01
1.513962062080162596e+01
1.222420955941215226e+01
2.549523329782201131e+01
2.337883926723992900e+01
1.655953459060517119e+01
1.324677284354382145e+01
1.023810113435173896e+01
1.753459647226648954e+01
1.230562810503832516e+01
7.792297834322599037e+00
6.912029762290425872e+00
6.446970428445902179e+00
1.676770191478423300e+01
1.734167086910950317e+01
1.474440438512839968e+01
1.195352685564200002e+01
5.044143971382663239e+00
6.620250599005751191e+00
3.998763763426711471e+00
3.474373412453168886e+00
3.954267824330399606e+01
1.067516864289048328e+01
9.741731874971609528e+00
8.858025478893539528e+00
2.390762866707619949e+01
6.651171147640025261e+00
5.584061581288715992e+00
1.028372953721463823e+01
6.191346097375426183e+00
3.849175776811025962e+00
3.651715672628619735e+00
4.264805396880664290e+00
3.730633466858353398e+00
3.695945569071960257e+00
3.097203177459410206e+00
3.001039776207913068e+00
2.104832911415865482e+00
1.855454094110508656e+00
3.706501549377467786e+00
2.471446443744944155e+00
5.652336110928891877e+00
4.078272536335831866e+00
3.287117131482093946e+00
2.559709701700553452e+00
3.459937892994757735e+00
2.241043191537260171e+00
2.951730019305970121e+00
2.959166963413763174e+00
