-3.919940065786504668e+00
-4.485379486127532012e+00
-3.935018666481256755e+00
-6.435132654147312614e+00
-7.734003804183935848e+00
-1.501954087657845704e+01
-1.385441185793375496e+01
-2.556431320362760573e+01
-6.708220197311770328e+00
-1.165237562660921355e+01
-1.195575216245253181e+01
-1.358579870343584872e+01
-5.464678581901958410e+01
-1.648441865361621339e+01
-3.672533847141183827e+01
-2.813749978228998572e+01
-1.789995727093533517e+01
-2.383196901271421098e+01
-1.841419130199664522e+01
-9.679360101797675497e+01
-1.824623821574629190e+01
-1.750705490961487598e+01
-1.708340035722718753e+01
-3.374904738968284335e+01
-2.098556200274759931e+01
-1.645052224026272469e+01
-1.896279417898446340e+01
-1.768088137991200526e+01
-1.014079635842584359e+01
-1.764384981333144964e+01
-1.375295033716832727e+01
-1.511621626259798390e+01
-1.737689078747343885e+01
-2.293400501097473310e+01
-1.685411240438605418e+01
-1.665428446333104517e+01
-1.641229581379045044e+01
-1.023509470125950571e+01
-1.803069282769565973e+01
-1.821638969468335034e+01
-1.427454819894112070e+01
-1.443021959608638660e+01
-1.393692422894132044e+01
-1.471290257787348565e+01
-1.531218174877654548e+01
-1.591448438645574015e+01
-1.401207497832929683e+01
-1.393406787973720284e+01
-1.279893141833508885e+01
-1.219645769333827801e+01
-1.282243184211317732e+01
-1.034555931059325573e+01
-1.974305661765363595e+01
-1.112496378856705093e+01
-1.030364780368726763e+01
-8.986253524160373374e+00
-8.691228276592315893e+00
-7.144613985342401996e+00
-9.119398559956824357e+00
-6.694273325227658944e+00
-8.034551158254625847e+00
