4.749700982940331384e-01
7.677344881327302639e-01
8.787830497956444775e-01
9.359898845916916343e-01
1.178277655492744991e+00
1.309516864730804642e+00
1.545074419773095675e+00
1.740250679665092504e+00
2.154158954953300231e+00
2.170984494599322190e+00
2.601718309537549345e+00
3.032452124475882638e+00
3.288200327095622377e+00
3.463185939414387793e+00
3.893919754352890727e+00
4.324653569291389665e+00
4.755387384229879721e+00
5.186121199168381324e+00
5.616855014102543286e+00
5.869238108790912456e+00
6.047588829035600355e+00
6.478322643959425697e+00
6.909056458879035745e+00
7.339790273798787013e+00
7.770524088722671863e+00
8.201257903643865532e+00
8.611801070993106322e+00
8.631991718567469718e+00
9.062725533488613650e+00
9.493459348412503829e+00
9.924193163336044066e+00
1.035492697825923614e+01
1.076883525353410320e+01
1.078566079317938531e+01
1.121639460809890210e+01
1.164712842301841711e+01
1.207786223793792857e+01
1.250859605285743470e+01
1.293932986777694971e+01
