9.992503306179791878e+00
6.978763446203341658e+00
6.290476820318205320e+00
5.989705179533960866e+00
4.992709930030901688e+00
4.583801636516990463e+00
3.997992030073117320e+00
3.614482997007601561e+00
2.997289738968579975e+00
2.976370093319535837e+00
2.518400408643101773e+00
2.170427714955445619e+00
1.999818490538864513e+00
1.895074134488662132e+00
1.670446439517126347e+00
1.482800433227974946e+00
1.323036940096055769e+00
1.184873207344701918e+00
1.063820479762894511e+00
9.994830608803362271e-01
9.565797491840468680e-01
8.606679900394254012e-01
7.741779655238174573e-01
6.956187756292155910e-01
6.238070024500832478e-01
5.577905648819263540e-01
4.995510834003584755e-01
4.967943014292599546e-01
4.401803363894802867e-01
3.874187205848116378e-01
3.380653501381452042e-01
2.917451296930031468e-01
2.497948825097027203e-01
2.481389736929029421e-01
2.069736563090565085e-01
1.680138030407722916e-01
1.310555115716238728e-01
9.592122559957871886e-02
6.245558197521594579e-02
