4.910195394507233316e-04
7.641884325357048424e-03
1.785701608209949373e-02
1.760059454384267294e-02
2.544582585691324353e-02
2.723927053517595856e-02
3.306730598373541774e-02
8.841256972276066717e-02
1.515248326528171319e-01
1.331392166853809234e-01
1.022567817329715911e-01
2.073581415298028294e-02
3.527431891578061696e-02
9.637167526441352619e-03
8.430288808215915392e-03
6.641726966985887770e-02
2.311862181598796709e-02
1.918751065632828476e-02
2.690367272367324286e-02
1.253702482109947218e-02
1.311007040596785626e-02
8.098215372166277515e-01
3.292977750526174252e-01
3.483637347742560286e-02
1.142870666058551192e-02
5.569437341366089145e-01
3.438268933219372492e-02
3.316124533098827043e-02
5.046594308653452876e-02
5.484171371452094962e-02
3.342718861318062090e-02
3.259994373382910093e-02
2.630735116003827742e-02
2.460260093285218316e-02
1.919209326298070700e-02
1.208562604054497745e-02
5.645334212521367807e-03
9.592920546837328463e-03
8.347992733844967692e-03
