-3.929081499792615130e-04
-3.828120706610953629e-04
-8.632587539921861720e-04
-9.341683600410247493e-04
-3.804655829081395328e-04
-8.313370048805847866e-04
-2.518761068134894431e-03
-2.030403484343558385e-03
-3.226345662947532195e-03
-3.721423557613601739e-03
-1.630276237926937431e-03
-2.506488450890301950e-03
-1.332478768697264830e-02
-4.605562563386614988e-02
-4.468624390634689560e-03
-2.811287554014455653e-02
-4.685277511783731558e-03
-4.183843070271112304e-03
-5.615519568334086629e-03
-3.793062648326334281e-03
-5.347750111772488039e-03
-4.898964821780126162e-03
-3.149018725306828009e-03
-8.064173783013310615e-02
-4.380394135983339300e-03
-2.273788683970261616e-03
-2.011037273531883149e-03
-1.996997342842290503e-03
-1.107026063251199087e-03
-5.211676485038449231e-04
-8.497009846222696762e-04
-2.785531273946649164e-03
-3.069675680317966466e-03
-3.101254609102595521e-03
-6.578347590817160834e-03
-3.293238599430745473e-03
-3.314954029605363898e-03
-4.328787142385131202e-03
-2.856738952441339498e-03
