1.558741415116700498e-04
2.449741493753475243e-03
1.396939513587719698e-03
1.148680820099393356e-03
1.337887744660447992e-02
1.014382463750879365e-03
1.053670624012744902e-02
4.571637476195299261e-03
2.829208182237026841e-03
2.567314122317670110e-03
8.913538882921867926e-03
2.915040717014270150e-04
2.813917509438138790e-03
3.692500952824464330e-04
1.417646050391600885e-03
3.454056157831761169e-03
1.721989653645342655e-03
2.734978497758776966e-02
4.609913355031858284e-03
2.601248305805252230e-03
2.028823701441744877e-03
3.357812751114617501e-03
1.594748468394749201e-03
1.362305167263462916e-03
7.811445075296120878e-04
1.258981798616617444e-03
3.000829273465178992e-04
3.001996464247183496e-04
4.088655295506635722e-03
4.869598922083971833e-03
2.653684308206332321e-03
1.174751811083577391e-03
8.397178777175137113e-04
8.005719973626990778e-04
3.833351191554386643e-04
2.767593776180736487e-04
1.366015662376654819e-04
5.755605836082770192e-05
3.412984784305394729e-05
