-1.278452094792279024e-04
-7.188452478122635790e-03
-1.348496340672027463e-02
-1.222253953909646813e-02
-3.567109753910976955e-02
-3.200237582460627866e-02
-4.974331165306628000e-02
-5.558118552745582724e-02
-9.798702514752707926e-02
-9.592250923749180702e-02
-1.194851183455322569e-01
-5.811595784100162532e-02
-5.077101677696467530e-02
-1.319602620858601610e-02
-5.922652773696194389e-03
-3.505472835389556591e-02
-3.653620788339520531e-02
-1.942545695085700491e-02
-2.423526855688998977e-02
-2.405759454947033540e-02
-3.775962216783421838e-02
-8.659457413164454997e-02
-8.486461006559389841e-02
-5.874480291823487577e-02
-1.375669689949106378e-01
-1.172887285911142358e-01
-6.668128446510755702e-02
-7.309320089610700510e-02
-6.023987142540870865e-02
-5.680607008720631734e-01
-1.336954392623068422e-01
-5.254261117853453733e-02
-4.722506422576229490e-02
-4.830464505979432943e-02
-4.032468694198075576e-02
-2.969025790009047205e-02
-2.496693121477688501e-02
-2.190296613094352973e-02
-1.709705747943860224e-02
