-2.221167606878334064e-03
-1.377169905012272724e-03
-1.241255626596451771e-02
-3.232623938598921387e-01
-9.793152684384147724e-03
-1.647897408314890483e-02
-4.689504574728094698e-03
-4.980966679142158175e-03
-1.030054140782625874e-02
-6.935525222098205822e-03
-5.841987096786322754e-03
-1.997284126973082000e-03
-7.316668959307786333e-04
-4.924200905828325647e-03
-1.026498045502781398e-02
-9.702151964038618903e-03
-8.117830752470295633e-03
-7.980719324318118202e-03
-8.032690477942003998e-03
-7.959290395931531426e-03
-1.146030995819689001e-02
-1.069362267864550596e-02
-1.360494257762470856e-02
-1.481679770883654809e-02
-1.434920275781522217e-02
-1.431758041551570507e-02
-1.161476139196434935e-02
-1.162799548584073778e-02
-3.422540348111422631e-02
-1.650463764878258230e-02
-1.236587743819726401e-02
-1.196861517315608511e-02
