-8.361609289401060963e+00
-8.562158767081577082e+00
-1.592119627495608292e+01
-1.200350571216593778e+02
-2.619919274352208305e+01
-2.616735091897701793e+01
-1.804288006682106271e+01
-1.898610440125808907e+01
-1.991979359262150240e+01
-1.382996165305358360e+01
-1.309166142600913574e+01
-7.446015551941408184e+00
-3.291547176557583665e+00
-9.019161703031988608e+00
-1.020561453856092982e+01
-8.922452446319745434e+00
-6.847451139427241706e+00
-7.083309022571067537e+00
-7.136687737405279286e+00
-6.360852016094081129e+00
-7.943785071064888292e+00
-6.726438123097724819e+00
-7.469396836454889943e+00
-8.013187870458782669e+00
-7.951553764842756777e+00
-7.649339428154095621e+00
-6.969003714943679206e+00
-6.468557328712920551e+00
-1.240245130992348166e+01
-9.034761931343201269e+00
-7.448076696010867082e+00
-7.028979916877359457e+00
