-9.069181809269633021e-03
-1.931483298878548110e-02
-1.938555888486599016e-02
-4.476653101518935501e-02
-1.341181737366488047e-01
-7.502550497812529584e-02
-1.521993072243494893e-01
-1.369329182516924037e-01
-1.144214380381017443e-01
-8.145779684745717286e-02
-6.027814300988268426e-02
-2.972077938397094804e-02
-3.346164527082320927e-02
-3.921771615235850050e-02
-3.653278364458414224e-02
-5.661488230771615643e-02
-1.683974949749311029e-02
-6.578770440999279906e-03
-7.566938695867230641e-03
-1.032944516797655067e-02
-9.280276296478246964e-03
-8.350540955972108811e-03
-8.098813976928305458e-03
-7.857117845329893158e-03
-7.566088623026953272e-03
-7.766317912394740501e-03
-6.446711188746451562e-03
-6.265726805144341063e-03
-6.145019089133384529e-03
-5.891935145194614198e-03
-8.777656989449302005e-03
-9.830117831529037661e-03
