8.178251283715975289e-03
5.225769645194792284e-02
1.874273576829520518e-02
3.669643451406458257e-02
5.156697965152334112e-02
8.505608468138661782e-02
1.633588328196912409e-01
1.485018274977638886e-01
1.710305519267944219e-01
2.350403137203349313e-01
1.384536081069518976e-01
5.798496064320865506e-02
3.272263825670507220e-02
3.317494359930781012e-02
6.528221389824923060e-02
3.658366785621770811e-02
2.529768868284376637e-02
1.545660846368448332e-02
1.288918366506852480e-02
1.238137318970460553e-02
1.113247421867586198e-02
1.064054997090331002e-02
9.386496841299879837e-03
7.965302130152826510e-03
7.600900479595201070e-03
7.215752886828350095e-03
5.940413562024849693e-03
5.460187536720588139e-03
4.546508793187084042e-03
5.134791728613652580e-03
5.605575136497775550e-03
6.730383034753479113e-03
