2.166703202589020716e+00
1.473655080396104466e+01
5.107233858873524213e+00
6.651478447994536580e+00
9.199470278679187984e+00
1.921296523505188603e+01
2.098065174461260796e+01
1.581317151279852062e+01
2.144033312602045172e+01
2.274433090128744439e+01
1.193052860164026718e+01
5.809562713281491320e+00
3.469625279053060840e+00
4.296212041159122919e+00
8.040827576140689104e+00
4.891300071124213389e+00
3.084817708632302313e+00
2.162352899635778147e+00
1.804489986602599627e+00
2.150534581823026148e+00
2.265763350650019881e+00
2.217744836607277392e+00
2.093242661836614893e+00
1.958115617903987804e+00
1.870261418014188770e+00
1.773449321495474740e+00
1.480608587364272477e+00
1.313110053840922831e+00
1.080597779592185281e+00
1.246422816967437619e+00
1.341044880856627541e+00
1.533393191216367857e+00
