1.955115133248258238e-03
4.591340629453262261e-03
3.004518108253405664e-03
3.250981369084806564e-03
3.967779112469232115e-03
7.155274584934823157e-02
1.017695764987990199e-02
2.362325561943938793e-02
2.836823883582748063e-02
2.470570091814141417e-02
2.126377381424712776e-02
2.366334963365205879e-01
1.219339189187097217e-01
2.927240364190080227e-02
1.903136490379939844e-02
2.333167089531132388e-02
1.762927926979266507e-02
2.230676229025096297e-02
2.349838172892279239e-02
7.556955405215091959e-02
2.960419691811443446e-02
9.255893528788080443e-03
5.578786698973025801e-03
7.918535782812570825e-03
8.074956774059787942e-03
1.179540177732331732e-02
8.693343427948722543e-03
4.739394869922305270e-03
2.658321647430015363e-03
1.690773939410689011e-03
9.570852613333861265e-04
7.170435958449730782e-04
