-3.169043757076209555e+00
-7.919138906418388579e+00
-8.820860076256385796e+00
-1.048488056880983343e+01
-3.340012359782508611e+01
-1.361865714496899571e+01
-2.536553666514903682e+01
-1.876218580128360713e+01
-1.835083242341202237e+01
-1.274583405976836481e+01
-7.699259745499755780e+00
-4.100699860784144057e+00
-4.468025601868338192e+00
-6.561086816491553897e+00
-5.698200464734632043e+00
-7.719805826821126260e+00
-2.984503895817112173e+00
-1.296654689498975221e+00
-1.483921135863065066e+00
-2.214257368967954331e+00
-2.165452552328781088e+00
-2.066809699523976640e+00
-2.196355932102699082e+00
-2.082074249510443398e+00
-2.002973062567940943e+00
-2.077862043990167162e+00
-1.664053406933769796e+00
-1.608983233780108435e+00
-1.598676626907106435e+00
-1.463204273505376074e+00
-2.228138929138226754e+00
-2.483265179067011719e+00
