1.051381111738366902e+00
1.884293319454959814e+00
3.107283290502581341e+00
1.591372532473313672e+00
3.622093113120783858e+00
2.438761212475860063e+01
6.046825692775254169e+00
1.244350049287143634e+01
1.420811417880640981e+01
8.267366213712071144e+00
8.704245573443488482e+00
7.211033765536595297e+01
2.688281037350342118e+01
4.467837272162239692e+00
2.956407665773904903e+00
4.231734354130639808e+00
4.486440663928759953e+00
5.332372628925271307e+00
5.670487391380103048e+00
1.800658915342249600e+01
8.860197553920814428e+00
2.502568578936722243e+00
1.300316815468874676e+00
2.173116364121287170e+00
2.178807013421208971e+00
3.228069570033948565e+00
2.859300445925921252e+00
2.047346045944365756e+00
1.411551198441078681e+00
9.117640377567051146e-01
5.952440373475520463e-01
4.759474305751051904e-01
