5.827263794933558384e-05
2.944764295591267497e-03
6.736815065919610213e-03
6.523920634310507657e-03
1.131266727314329769e-03
2.722128839331570700e-03
5.904017539060001617e-03
4.056533678467253920e-03
3.107143982071208354e-03
3.237826956658209753e-03
5.669693646957552156e-04
3.362077792909741328e-04
6.144444377766318001e-04
5.315364836845073646e-04
6.430069551187097112e-04
2.965033740816448282e-03
5.401465954699800377e-03
7.076522392149715499e-03
1.601809610031306331e-03
1.442640617516078661e-03
2.258719189905416657e-03
3.883756415427342627e-03
2.340652086057672630e-03
6.898422172323246575e-04
2.586755415178892720e-04
1.543130216474002060e-04
