-8.085013481241547641e-05
-3.111267735637169912e-04
-1.125619969509182800e-03
-1.298423039760337539e-03
-1.434902169998201115e-03
-9.092471774676362528e-04
-1.264019680916962695e-03
-1.404915175286638790e-03
-4.024287912631665208e-03
-3.365268756133877551e-03
-1.430691845325960483e-03
-1.660287231851328375e-03
-5.915140614324357338e-02
-7.103596098597011847e-03
-3.418311528972261537e-01
-4.281543600012959958e-03
-6.020048958860116373e-03
-1.076522069395133285e-02
-2.951476663801951093e-03
-3.309312721045197959e-03
-2.938102562495717700e-03
-1.415048110849155506e-03
-1.269190623349575331e-02
-1.552392222367209159e-03
-2.072223421926650509e-03
-3.641085830701163741e-03
