5.021282640898222093e-05
3.139754633817649649e-03
1.176919346428386380e-02
1.400312544452951037e-02
2.443176583273077782e-02
3.819513458653739368e-02
2.936762378893698067e-02
3.384799078587635845e-02
8.826326816340024362e-02
6.457945794025975184e-02
1.899612785383436864e-01
1.895577028720759824e-02
2.108464097000862722e-02
1.390038381098525171e-02
1.586959335666298862e-02
3.076545560076527144e-02
2.616502102141486999e-02
3.626861004987137066e-02
9.093508311550370371e-02
7.480471919059396291e-02
5.875133048408125169e-02
2.901024016461491162e-02
2.057122433894131852e-02
1.768270611401703829e-02
1.934559340414434767e-02
1.163859724875963668e-02
