4.749700982940254779e-01
7.677344881327131665e-01
8.787830497956299336e-01
9.359898845916774235e-01
1.178277655492595777e+00
1.309516864730619234e+00
1.545074419773410979e+00
1.740250679665490408e+00
2.154158954953652394e+00
2.170984494599504266e+00
2.601718309534680973e+00
3.032452124472896582e+00
3.288200327092464459e+00
3.463185939411233871e+00
3.893919754349735474e+00
4.324653569288008370e+00
4.755387384226511749e+00
5.186121199164951179e+00
5.616855014088931064e+00
5.869238108769875062e+00
6.047588829009991507e+00
6.478322643931061720e+00
6.909056458853191529e+00
7.339790273773251883e+00
7.770524088692995157e+00
8.201257903613830891e+00
