-4.774910494892684769e-05
-8.327667528166588992e-03
-8.453649990653689869e-03
-7.713663349630290808e-03
-2.664963877436360429e-02
-3.646721111020343603e-02
-4.591904108221096792e-02
-3.283611197206049576e-02
-8.077544677015847940e-02
-7.157200694875681668e-02
-1.019404190222937823e-01
-5.710328051481450978e-02
-4.485130773564383749e-02
-5.288779059725524645e-01
-2.860131927845055433e-01
-8.157802819520153237e-02
-3.711931361123768647e-02
-2.243264393033202186e-02
-5.094428814867606181e-02
-1.215882243777583333e-01
-8.435550085943707699e-02
-3.851757699937247842e-02
-4.112217254629543794e-02
-6.227386144332045653e-02
-4.371619510079909066e-02
-3.031432863362806471e-02
