-2.999487848990415539e+00
-1.910897492522296348e+00
-8.533188216678082583e+00
-6.951423948678256082e+00
-3.229083485761491090e+01
-1.607065663188258497e+01
-2.379913483455085199e+01
-2.095318347611191712e+01
-1.906890156903357436e+01
-1.003612030984907655e+01
-1.113571043626214774e+01
-6.095018296555100079e+00
-5.534444944289143464e+00
-7.990719115664138172e+00
-7.518337363612530133e+00
-5.911266769253298747e+00
-4.450389294915050087e+00
-2.663252258206050715e+00
-3.069979305502843037e+00
-2.902092865829514867e+00
-2.638940839454043008e+00
-1.933479488303175176e+00
-1.709264659656871688e+00
-1.493633959874801409e+00
-1.522104273504296001e+00
-1.472233994803217483e+00
-4.596398338918872284e+00
-2.847851707130807597e+00
-3.204287799501488454e+00
-3.041547606801197734e+00
-3.637452891255226639e+00
