1.429631078225424620e-03
3.166172152242400627e-03
3.868932307823362560e-03
3.526894824052366310e-03
2.943501873096469532e-03
1.770561123118750361e-03
8.707385078040847867e-03
1.390124730777477294e-02
1.448906303362934751e-02
2.926578586059363704e-02
2.027916333581162578e-01
3.350390116121377271e-01
1.139117401960012127e-01
3.182558209668636534e-02
1.272130076668977726e-02
9.343782853992768991e-03
9.748249426756346037e-03
3.244594176582384082e-02
3.599349460318283789e-02
2.689381470388495926e-02
8.763128454500343847e-03
1.698078177370068720e-02
1.067666979794437351e-02
4.830731600992265069e-03
4.665710131514626442e-03
3.640352382365118211e-03
3.652359492955697083e-03
2.718436625227800812e-03
2.680576773483926267e-03
7.997407476887910885e-03
1.137538098670965066e-02
