7.969346491531049959e-02
5.417805279988221340e-02
3.282280845396239044e-02
1.141630161845684360e-01
3.996592564791916213e-02
5.638502309756383835e-02
3.725884064245056637e-02
5.305914737104477225e-02
4.063533074750690782e-02
1.411319867519293843e-02
8.933169454087785954e-03
8.497730221092660019e-03
1.081392661207084688e-02
9.740245010160568373e-03
9.499874792342282229e-03
7.164264061270681286e-03
5.813095153266216453e-03
1.058680674771204921e-02
1.268790135877628615e-02
1.244958612860907164e-02
8.302025358019649720e-03
