-6.478544092464373974e-03
-7.317721634581480367e-03
-2.724939598321284712e-02
-3.072671455763504450e-02
-1.395141103587786147e-01
-7.117762312769160271e-02
-1.641858727542658269e-01
-1.769540101855396064e-01
-1.376845354349914285e-01
-8.201993075729667459e-02
-8.675877041887947172e-02
-4.679459353863463927e-02
-4.180477034592025576e-02
-5.896378163002960471e-02
-5.779308279258201647e-02
-4.623582983706805288e-02
-2.890753847542624003e-02
-1.807253455276685433e-02
-2.164106723117924930e-02
-2.058268923595977379e-02
-1.890812497018596119e-02
-1.451643689752020808e-02
-1.052823094009387034e-02
-8.915566321562371985e-03
-9.092059829677773958e-03
-9.016463668963310696e-03
-2.828948877958747943e-02
-1.542881645519992607e-02
-1.867839316697939012e-02
-1.768282584302284868e-02
-2.161062054279746722e-02
