4.052687880852415603e+00
8.036396685245767557e+00
6.429028425784319545e+00
8.431058648154362345e+00
6.308331503524480688e+00
1.285987184364323177e+01
1.651993269238468187e+01
1.260296321486300819e+01
1.339062918734363272e+01
1.597910664023395633e+01
6.482445975672688654e+00
5.418347290282899742e+00
3.537489758801421580e+00
1.252525464154565427e+01
4.678936052420619163e+00
6.671238789816917425e+00
4.490608191254223058e+00
6.225648746744545825e+00
4.848935211055824368e+00
1.620832474178665938e+00
1.009118505830511880e+00
9.099507956714585344e-01
1.345825852037614290e+00
1.366125207207883996e+00
1.334990403640881507e+00
1.050551695256921159e+00
8.429250589604270205e-01
1.726130820857220138e+00
2.089753772306886859e+00
2.029996355190694324e+00
1.391141128244422154e+00
