-1.780658685961309118e+01
-8.512472239066111612e+00
-1.434591245747694188e+01
-1.055763130325979802e+02
-2.409880777254830519e+01
-4.082527998068388797e+01
-1.843553065290853610e+01
-1.884873281152843560e+01
-1.906315724140442569e+01
-1.419834804944876261e+01
-8.820380875491181882e+00
-3.236456684305826670e+00
-4.091736718548411922e+00
-6.642003919976593451e+00
-1.041823092932410333e+01
-8.580534772976125879e+00
-7.993014684729358166e+00
-6.137719001926541296e+00
-6.013811538843707005e+00
-3.626072282530778956e+00
-5.004473382596133391e+00
-6.841685548658800187e+00
-9.443391980269289832e+00
-1.398743956060950744e+01
-1.265044192053291638e+01
-9.387568329508008347e+00
-8.573908729625880909e+00
-8.358612814793607626e+00
-7.802462036417194824e+00
-6.513614878755793924e+00
-4.642506143007528507e+00
