-9.931066572274809684e-03
-1.123278191440637555e-03
-4.326050137797301035e-03
-3.861643750966721189e-01
-1.017731766217558169e-02
-7.429936183625140966e-02
-4.767797267967839592e-03
-6.384235034320884065e-03
-1.065253585516003076e-02
-6.697114513444409924e-03
-4.928502449845756535e-03
-4.300803555327497815e-04
-3.111311111886041515e-03
-4.901680563611599505e-03
-9.369310717588480442e-03
-9.839030320770330781e-03
-9.413625784064103691e-03
-7.432962684183488933e-03
-7.344150894729569758e-03
-4.100105329953624908e-03
-8.060725700234687430e-03
-1.282949169993216273e-02
-1.714909619416087397e-02
-3.183586588218870889e-02
-2.765135131574304392e-02
-1.534385816748860994e-02
-1.660374333431271013e-02
-1.918746228815848553e-02
-1.632311201979124229e-02
-1.178776127594208939e-02
-7.250028349494226469e-03
