7.028281584861069131e-01
1.613665112130035384e+00
2.658591908102671653e+00
1.550122861223559578e+00
2.041092441023173887e+00
1.493040070050943413e+00
6.509694555657696391e+00
6.107881592206240384e+00
7.072441977386458412e+00
9.686018815628903766e+00
5.652339531164152930e+01
9.084739354598998773e+01
1.940090452648498598e+01
5.198429558721215038e+00
2.349000046943681586e+00
1.721175782871761317e+00
1.866129070484746633e+00
7.010430987300365402e+00
7.746537208673613506e+00
7.919072522205473419e+00
2.442838181993113533e+00
3.996436837277066889e+00
2.301368717552243481e+00
1.127679511989009953e+00
1.098433435184266616e+00
9.645213944683690421e-01
1.089211082977482592e+00
1.013528314277985176e+00
6.785844190150291944e-01
2.580745359832834929e+00
3.795291437013460278e+00
