4.749700982940310290e-01
7.677344881326790826e-01
8.787830497955942954e-01
9.359898845916410082e-01
1.178277655492558695e+00
1.309516864730566388e+00
1.545074419773550423e+00
1.740250679665641176e+00
2.154158954953693694e+00
2.170984494599547343e+00
2.601718309534931439e+00
3.032452124473118626e+00
3.288200327092831277e+00
3.463185939411598468e+00
3.893919754350104956e+00
4.324653569288203769e+00
4.755387384226712477e+00
5.186121199165214968e+00
5.616855014090345932e+00
5.869238108770082896e+00
6.047588829010207334e+00
6.478322643929897318e+00
6.909056458849489601e+00
7.339790273769152940e+00
7.770524088690824449e+00
8.201257903610889244e+00
8.611801070957980642e+00
8.631991718532358249e+00
9.062725533456424287e+00
9.493459348381241725e+00
9.924193163307366561e+00
1.035492697823396213e+01
1.076883525350924842e+01
1.078566079315453408e+01
1.121639460807406330e+01
1.164712842299356765e+01
1.207786223791306668e+01
1.250859605283258169e+01
1.293932986775210026e+01
