9.992503306179822076e+00
6.978763446203698706e+00
6.290476820318484208e+00
5.989705179534213109e+00
4.992709930031536736e+00
4.583801636517671696e+00
3.997992030072128777e+00
3.614482997006623677e+00
2.997289738968087036e+00
2.976370093319256949e+00
2.518400408645501187e+00
2.170427714957418264e+00
1.999818490540606231e+00
1.895074134490263518e+00
1.670446439518447068e+00
1.482800433229250814e+00
1.323036940097144676e+00
1.184873207345650048e+00
1.063820479766113714e+00
9.994830608854654574e-01
9.565797491900136507e-01
8.606679900456584154e-01
7.741779655294633855e-01
6.956187756343763517e-01
6.238070024551674031e-01
5.577905648867793609e-01
4.995510834051632987e-01
4.967943014340459040e-01
4.401803363935610225e-01
3.874187205885122331e-01
3.380653501413264372e-01
2.917451296956388163e-01
2.497948825121507621e-01
2.481389736953458769e-01
2.069736563113651062e-01
1.680138030429600970e-01
1.310555115737028764e-01
9.592122560155624811e-02
6.245558197710043835e-02
