1.207966758014542398e-04
5.786982328066285486e-03
3.734234121371700788e-03
1.297551519462105361e-02
3.226151402979424848e-02
2.404412992221616197e-02
2.755343240374578950e-02
6.092438996924108563e-02
3.115984568746586747e-02
2.222249861510971689e-02
1.597449617970771729e-01
5.778697223905997910e-02
1.569725013109129694e-02
1.296822457535283177e-02
1.594242350165776811e-02
3.720798766554535980e-02
3.314755104895625998e-02
1.861531301143877493e-02
7.284996850807043400e-02
4.422070944107705376e-02
3.057485217355111404e-02
5.987837358399541315e-02
3.644746726654402025e-02
1.997384706674368987e-02
2.073713206185636565e-02
1.856213233084551273e-02
1.223027409160371004e-02
1.182653802952962629e-02
7.655071864924089219e-03
8.796605352266940320e-03
7.275192226173753975e-03
5.807913445437312520e-03
4.335245044483309121e-03
4.441988543682061190e-03
2.363328978744789685e-03
1.161413404753140061e-02
3.728488837923954469e-03
2.869048780647588150e-03
2.631598863396431356e-03
