1.353155966409490501e-04
1.227436873131311978e-03
1.887171651423163012e-03
2.163504194445291153e-03
1.078604005464657524e-03
4.633128972295398086e-03
4.546306146290318359e-03
4.675430903742152679e-03
4.697011063410030766e-03
4.218027054392405571e-03
2.444450792176024786e-03
7.265984901415235440e-05
9.740816827143372256e-04
4.865970285324084949e-04
1.268762723818494121e-04
2.978097141443182116e-03
3.179570407310058130e-03
1.298713757123571601e-02
3.389644907423407065e-03
2.241723548760159428e-03
2.724763835060557866e-03
3.445471473004424988e-03
1.682360436801130137e-03
1.030782806136954768e-03
9.813725295694894924e-04
4.466770785886137857e-04
3.226680859749290749e-04
3.202960723081441975e-04
3.149651163739408156e-04
3.072938344382773052e-04
3.100866368927127754e-04
2.248412997866535475e-04
1.575165017708291383e-04
1.574558423582167921e-04
1.327717630799870089e-04
6.058428807087374831e-04
6.606048303913377969e-04
2.800224683935394025e-03
1.643008951047629854e-02
