-3.633988429051354121e-05
-5.674560381585036506e-03
-1.126237967355371919e-02
-1.022601379250142814e-02
-1.571356355691254369e-02
-2.841791177531538190e-02
-4.994797512341921791e-02
-3.643577554379776734e-02
-9.651582720243788438e-02
-1.031855211835713826e-01
-6.777794696978800548e-02
-1.267048621060384017e-01
-6.413429444039778216e-02
-2.568008629933726805e-02
-2.299365381336601621e-02
-8.604811950197097103e-02
-4.240913170840972246e-02
-2.509680570274617703e-02
-4.868336164047618736e-02
-4.870185523829860530e-02
-5.423290785885894610e-02
-5.934473810942643146e-01
-9.448912656472541194e-02
-5.299031310497628183e-02
-3.846311596239744557e-02
-3.096852588792526131e-02
-2.806196486694942024e-02
-2.814903047858272056e-02
-2.256923233363974934e-02
-2.071364198242616611e-02
-1.896624120151713458e-02
-1.903955527250049407e-02
-1.382635484356023112e-02
-1.384372584182645000e-02
-1.078692195174181002e-02
-1.235716623327589095e-02
-8.942647927406613059e-03
-7.839934143230035263e-03
-9.081334225185601003e-03
