-1.152492738479153395e-04
-4.343101716139230852e-04
-8.479496729891199125e-04
-1.084453915547216145e-03
-7.289115485049980957e-04
-5.112214518095646587e-04
-1.509732615122771904e-03
-1.366380401515089127e-03
-1.519118682461168858e-02
-1.601961021937188534e-02
-1.328998103855657652e-03
-2.776627579769230716e-03
-1.017978131424992494e-01
-9.744176489775114788e-03
-2.852550178878578840e-02
-4.860036669945017734e-03
-4.050465288098681685e-03
-5.864932701189580141e-03
-2.311608602801663772e-03
-1.920907578830704197e-03
-1.558453653834780813e-03
-1.318666816846965090e-03
-2.837175394704598806e-03
-1.940283702132969499e-03
-1.528707105505528168e-03
-1.554908705845854666e-03
-1.679152884100192740e-03
-1.708729033415890474e-03
-3.729910375144998742e-03
-3.618696934377985380e-03
-4.470676933954095822e-02
-3.043325068092427865e-01
-4.257091608660632485e-03
-4.088299997890071889e-03
-1.512748272567486334e-03
-6.996650416736937151e-04
-6.421150345947268913e-04
-7.649829132624572916e-04
-1.161649840067224826e-03
