-8.223777715738223612e-06
-2.364629246095182355e-04
-5.718647460462856743e-04
-7.797997771311573510e-04
-8.663901178936824236e-04
-7.466314064020208559e-04
-6.236818510803575095e-04
-2.625968904397783018e-03
-2.683865992903469635e-03
-3.024043652522053448e-03
-3.187270887641451955e-03
-2.143578855440254807e-03
-1.703373580864009232e-03
-3.938157548939597193e-03
-2.300417519990402559e-02
-3.490969879369305688e-03
-2.875763172513094712e-02
-1.805829657426036468e-03
-3.040833156214427929e-02
-1.271272586523342074e-02
-5.180575382966698048e-03
-5.098051486684507076e-03
-7.723001123348778411e-03
-5.426796113170742064e-01
-4.396131047563650238e-03
-1.707868892035903667e-03
-1.543679987877890443e-03
-6.649278257302068109e-04
-6.227679409821526395e-04
-4.281913037367380929e-04
-1.513951310034811117e-03
-1.380235990755833550e-03
-9.551712795529495757e-04
-9.350941767923288527e-04
-9.561886172052769728e-04
-8.216484176180356355e-03
-2.241136412419536799e-03
-1.836707344476072807e-03
-1.836881201292437857e-03
-2.129662472999370188e-03
-2.926330070577810947e-03
-2.897990459320224678e-03
