1.042876361921460493e+01
9.992503306179761680e+00
6.978763446203543275e+00
6.290476820318363416e+00
5.989705179534100310e+00
4.992709930031073107e+00
4.583801636517122802e+00
3.997992030072937020e+00
3.614482997007249843e+00
2.997289738964550310e+00
2.976370093315537702e+00
2.518400408639771104e+00
2.170427714952901876e+00
1.999818490536636073e+00
1.895074134486615769e+00
1.670446439515434367e+00
1.482800433226544534e+00
1.323036940094826530e+00
1.184873207343630774e+00
1.063820479764073568e+00
9.994830608833424890e-01
9.565797491877601200e-01
8.606679900421094764e-01
7.741779655262410742e-01
6.956187756314049508e-01
6.238070024524724477e-01
5.577905648842875763e-01
4.995510834031264835e-01
4.967943014320153061e-01
4.401803363921390488e-01
3.874187205877579476e-01
3.380653501413042328e-01
2.917451296962170204e-01
2.497948825127669359e-01
2.481389736959591641e-01
2.069736563119464190e-01
1.680138030435098795e-01
1.310555115742257914e-01
9.592122560205318393e-02
6.245558197757605789e-02
3.052202096493172867e-02
1.838040830648424162e-11
