5.789846498023541732e-02
4.084306717113967977e-01
3.285572084488743716e+00
3.898616276402549818e+00
5.816375159359211011e+00
4.462319024251722333e+00
5.523929467002847815e+00
7.649189196968545268e+00
5.020407268989930394e+00
1.766637360255602474e+01
1.690524572147952043e+01
3.932545215683711959e+00
2.100151133863172870e+00
4.046241397724424260e+00
6.252555703373736229e+00
3.869368536619946752e+01
1.957871230426028575e+01
8.606017246424922718e+00
4.960460909296466880e+00
1.363637187018587227e+01
4.782643677529972770e+00
3.101358603398070901e+00
2.280812151920655495e+01
2.976842272467827399e+00
2.373584520279127030e+00
8.905826648989890515e+00
6.172253788245775752e+00
5.174068236867860549e+00
5.277872711065060507e+00
1.477366355528073782e+01
3.804302534753210896e+00
2.710893742014131913e+00
2.493338874417782680e+00
2.196516372544825568e+00
2.298449459827102359e+00
1.938289168354614844e+00
1.242849963156416937e+00
1.416749034094958226e+00
3.233376749194416533e+00
2.189633352459225080e+00
1.508405461046766760e+00
1.083098514114365862e+00
