-3.189677809024668992e-06
-2.137871940386481572e-05
-6.285255121236375114e-03
-1.622923061280657359e-02
-1.325344343594698875e-02
-3.004691561870982686e-02
-2.656057361151015900e-02
-5.856182662444912868e-02
-9.970075869992021944e-02
-1.179369708070310135e-01
-1.436576177585145164e-01
-7.196419665183495518e-02
-5.447290612190919257e-02
-2.991824815324217735e-02
-3.599630060668233128e-02
-2.360272857809660729e-01
-5.987290474992090772e-01
-3.798477970924957203e-02
-3.180198550475456937e-02
-5.318191977943458326e-01
-2.415343010440137994e-02
-2.406421035681669332e-02
-7.917299439215368106e-02
-5.236394867037427042e-02
-4.781505582434554535e-02
-3.542962474452138188e-02
-5.045600633076575275e-02
-4.686402400602670409e-02
-4.408823925435582936e-02
-1.010909612408710107e-01
-5.003352044971559609e-02
-4.162914525834783552e-02
-3.500180216391945986e-02
-2.646221702291570721e-02
-2.611599734587719338e-02
-1.710646349720187226e-02
-1.493274474924199784e-02
-1.183840476396997091e-02
-1.161580438722831406e-02
-1.084757285864408963e-02
-8.845102008168615609e-03
-7.653160584200772824e-03
