6.746781746075248708e-06
7.002327317752742334e-04
7.221774207998775570e-03
1.026167248471021760e-02
1.778135986023775955e-02
2.359894692979707526e-02
2.402053135280960219e-02
5.398257313259693241e-02
5.306986637143102509e-02
2.169302107497995957e-01
1.959157667708066042e-01
5.198997763071010192e-02
2.176323468815850523e-02
2.615261829276707001e-02
3.373899813385917296e-02
7.327958539222906298e-01
3.250022830170477550e-01
4.909280639520433726e-02
1.793133290925176884e-02
1.887889398681560360e-01
2.117607990505802895e-02
1.059426740433093775e-02
7.123704441420007916e-01
2.741349104645752349e-02
1.280357956470380525e-02
4.695375915634435182e-02
3.442655249240764159e-02
2.788026902769523765e-02
2.877110138355389382e-02
1.833923152604698403e-01
2.407030435903521198e-02
1.534916209663360863e-02
1.156755545020167128e-02
7.989421592199496061e-03
8.354468066606725654e-03
5.301856086508773859e-03
2.991465191521124490e-03
2.911332965557478138e-03
5.860071225896528596e-03
3.830263697970516436e-03
2.444567730996755235e-03
1.803678568736802627e-03
