7.438750980529181770e-05
2.723219171023129933e-04
1.757874318587315582e-03
3.014221088780732419e-03
2.017359794443587123e-03
1.054387108760642539e-02
4.903366447052269483e-03
3.936355968600776731e-03
2.058865337185338679e-03
2.057406523440997049e-03
1.518115289736789034e-03
1.435195933953865854e-03
5.015349851240963244e-04
2.543157391736489050e-03
2.159090020358336338e-03
7.150680843175066630e-04
2.709433469997286122e-03
1.706481777694718012e-03
4.530524164475643878e-02
4.895075972679455677e-03
2.464342043736444162e-03
1.425156199524535254e-03
2.027063534883062710e-03
1.217283032269515178e-03
1.597489709057413592e-03
1.052128589247454914e-03
6.891984516216734594e-04
3.731356230238531708e-03
4.014355784909248541e-03
3.987271696926311497e-03
1.776091036151874721e-03
1.125483421237722260e-03
8.030118400688675100e-04
4.788773570362363534e-04
4.704272085219135362e-04
1.667536167373883261e-04
8.216844822920728038e-05
7.491732070775711867e-05
8.091828047749718479e-05
6.594591677589672701e-05
6.122573849818518205e-05
9.625923905964833957e-05
