-3.474046713966678912e-02
-3.838996636494502318e-02
-4.042409515433635470e+00
-7.974924957961071037e+00
-5.745048207347651648e+00
-7.619445010037422250e+00
-1.017218521969602740e+01
-1.307342291658116373e+01
-1.527281814081540823e+01
-2.068298910498136323e+01
-2.363650012998175853e+01
-1.112735384666192040e+01
-8.726293103817386765e+00
-8.929818295473250345e+00
-1.025101248844236324e+01
-1.528747880978366780e+01
-3.865812378715754249e+01
-1.057853393699358158e+01
-1.021861246332354511e+01
-4.014571592202969441e+01
-8.243093248591836897e+00
-7.740233219124224462e+00
-1.677764779424765607e+01
-8.543258711394489779e+00
-1.062150443690487656e+01
-9.177460961672306183e+00
-9.490731258495173961e+00
-9.086485599465765617e+00
-8.651278477587004190e+00
-1.281626515044166581e+01
-8.460976178937748671e+00
-8.241549998346549444e+00
-8.184250647894863562e+00
-7.612952430960236327e+00
-7.594067978710896227e+00
-5.917528144403011225e+00
-5.888251771310491378e+00
-5.472838958360552120e+00
-6.343354212194278752e+00
-6.330540051165768567e+00
-5.471605520854726734e+00
-5.097483751746748837e+00
