1.553338599966312406e-01
2.977132866803808842e-01
7.595445658214863283e-01
9.283495478559039560e-01
8.190332325200536667e-01
2.435175548699318959e+00
1.327027098303329433e+00
8.243101054698444008e-01
4.179409946386214991e-01
3.474849517521789721e-01
2.824761647554869248e-01
5.048919802441136362e-01
1.930410458955792163e-01
1.756392462225210283e+00
1.577835549991890796e+00
1.034359949189048500e+00
3.428027215421512786e+00
2.018764981912960277e+00
1.262567162372090301e+01
5.695087718883870664e+00
3.280000360357467226e+00
2.400326052633679819e+00
4.566617475412861893e+00
2.693237089020294128e+00
2.993302607406035598e+00
2.309030647753272270e+00
1.438931540356912064e+00
5.441004514085988397e+00
5.484924268501524480e+00
5.508939298995746192e+00
2.907322999757588455e+00
2.058505693722219032e+00
1.660386939186993205e+00
1.104674362016609068e+00
1.092095550144896787e+00
4.400959100673175195e-01
3.216662148198108362e-01
3.557991850430218816e-01
3.923605091835070668e-01
3.136439934710505972e-01
2.737229262622887793e-01
7.002203606545946979e-01
