-1.887779466997088762e-01
-1.943690551222857277e+00
-4.235709212788613343e+00
-4.051005340105883867e+00
-5.473794111378802896e+00
-3.318964451001339189e+00
-4.151958216543157221e+00
-4.813378357161206544e+00
-8.962491003645842724e+00
-8.909311115144765481e+00
-8.629090501781753630e+00
-6.911871491285984881e+00
-1.370302251028511265e+01
-1.420703109474265347e+01
-3.455179238612973336e+01
-1.450072886135896510e+01
-2.772026294515204015e+01
-1.512318860189375869e+01
-2.090210851879535170e+01
-2.066027115966225125e+01
-1.425019133863949783e+01
-1.317605081378370713e+01
-1.393455170806708665e+01
-7.903016948006684572e+01
-1.357158242538146453e+01
-1.110695517022679901e+01
-1.063820843618080580e+01
-7.880332065667258412e+00
-7.717307536127925971e+00
-6.864625796321713658e+00
-7.625562828441095675e+00
-7.527020319745802546e+00
-6.795209043953971850e+00
-6.876753485422447909e+00
-6.883749041438678162e+00
-1.268403685278753201e+01
-8.263751609516381436e+00
-7.701457234693478426e+00
-7.364659038354551157e+00
-7.446816298447797244e+00
-7.969972206996932762e+00
-8.844454255840041412e+00
