4.480492348605830122e-01
4.749700982940349148e-01
7.677344881327012871e-01
8.787830497956158338e-01
9.359898845916633237e-01
1.178277655492694809e+00
1.309516864730758678e+00
1.545074419773178498e+00
1.740250679665289235e+00
2.154158954956520766e+00
2.170984494602557824e+00
2.601718309541181107e+00
3.032452124479451339e+00
3.288200327099191522e+00
3.463185939417954273e+00
3.893919754356457652e+00
4.324653569294962807e+00
4.755387384233453751e+00
5.186121199171959795e+00
5.616855014098074861e+00
5.869238108778701779e+00
6.047588829019796108e+00
6.478322643946714088e+00
6.909056458866354333e+00
7.339790273786204189e+00
7.770524088707701615e+00
8.201257903627823254e+00
8.611801070972862959e+00
8.631991718547253001e+00
9.062725533467636652e+00
9.493459348387615293e+00
9.924193163307558407e+00
1.035492697822841812e+01
1.076883525350300630e+01
1.078566079314829729e+01
1.121639460806780342e+01
1.164712842298733442e+01
1.207786223790681213e+01
1.250859605282633602e+01
1.293932986774583682e+01
1.337006368266535361e+01
1.380079749758486507e+01
