2.444453558999999985e+07
2.954971598999999836e+07
1.879287788399999961e+07
7.446534801000000536e+07
3.198303930000000075e+07
2.745667167000000179e+07
1.904867450099999830e+07
4.708115238000000268e+07
2.723008449000000209e+07
1.818399950399999693e+07
3.393750306000000238e+07
4.788695055000000447e+07
1.858968612900000066e+07
2.444453558999999985e+07
2.954971598999999836e+07
1.879287788399999961e+07
3.118799307000000030e+07
2.188557387000000104e+07
1.253855402999999933e+07
4.170836814000000060e+07
5.525879919000000507e+07
3.951955190999999642e+07
3.940068324000000209e+07
2.655032294999999925e+07
1.250713447199999820e+06
2.576523221999999881e+07
4.857129162000000477e+07
4.208827002000000328e+06
6.970044660000000894e+07
1.125640509600000083e+07
1.393889466000000015e+07
3.567035739000000060e+07
1.582165890899999999e+07
2.374227461999999825e+06
3.520463910000000149e+07
5.805251160000000149e+07
