1.981448355840000000e+11
1.822303518720000000e+11
9.474423193600000000e+10
8.660758528000000000e+10
1.211683880960000000e+11
9.974942105600000000e+10
8.805531648000000000e+10
1.021707878400000000e+11
6.798022656000000000e+10
8.904767897600000000e+10
9.447473152000000000e+10
5.914377011200000000e+10
7.230057676800000000e+10
5.574644531200000000e+10
5.945122406400000000e+10
7.146811392000000000e+10
6.420094976000000000e+10
4.688850124800000000e+10
5.426601984000000000e+10
7.434196582400000000e+10
4.247661363200000000e+10
5.243442380800000000e+10
7.005012787200000000e+10
5.218754969600000000e+10
4.034650931200000000e+10
3.287407820800000000e+10
4.042475929600000000e+10
5.061077811200000000e+10
3.640589516800000000e+10
3.200023552000000000e+10
4.665647513600000000e+10
2.384641228800000000e+10
3.309288448000000000e+10
3.919896985600000000e+10
1.860666777600000000e+10
4.827580416000000000e+10
2.500077977600000000e+10
2.501802393600000000e+10
2.740699340800000000e+10
1.995771904000000000e+10
1.733334630400000000e+10
1.522628300800000000e+10
2.100900044800000000e+10
1.507059404800000000e+10
8.057599488000000000e+09
1.322942566400000000e+10
1.485645086720000000e+11
6.302224793600000000e+10
6.003111936000000000e+10
2.096686694400000000e+10
3.292616294400000000e+10
1.777322240000000000e+09
