1.169648896000000000e+09
1.137667328000000000e+09
7.859368320000000000e+08
7.400554240000000000e+08
8.015835520000000000e+08
7.045575040000000000e+08
5.839790080000000000e+08
1.009372352000000000e+09
5.627362560000000000e+08
8.311144960000000000e+08
8.834763520000000000e+08
4.933580160000000000e+08
4.745150720000000000e+08
6.213718400000000000e+08
3.708993600000000000e+08
6.892601600000000000e+08
7.878998400000000000e+08
4.451029120000000000e+08
4.023194560000000000e+08
6.998426880000000000e+08
4.946854720000000000e+08
5.381052160000000000e+08
4.439268800000000000e+08
3.610511680000000000e+08
4.095370880000000000e+08
3.468495040000000000e+08
3.315884800000000000e+08
4.512599680000000000e+08
3.416851200000000000e+08
2.747575040000000000e+08
4.093765120000000000e+08
1.380299360000000000e+08
2.306371040000000000e+08
2.204306240000000000e+08
6.401913200000000000e+07
3.555597440000000000e+08
1.037740320000000000e+08
9.511960800000000000e+07
1.251281680000000000e+08
1.042331280000000000e+08
1.255468400000000000e+07
9.229029600000000000e+07
2.264933440000000000e+08
1.223859520000000000e+08
1.146574560000000000e+08
5.272706400000000000e+07
1.038571072000000000e+09
8.521265920000000000e+08
7.391005440000000000e+08
2.484779200000000000e+08
2.780928320000000000e+08
2.210793400000000000e+07
