2.518530621440000000e+11
1.499521024000000000e+11
1.646175682560000000e+11
1.483792384000000000e+11
9.173530214400000000e+10
1.169696030720000000e+11
1.170469273600000000e+11
1.412803297280000000e+11
1.439538216960000000e+11
1.369346375680000000e+11
8.047666790400000000e+10
1.343902924800000000e+11
6.157645824000000000e+10
8.113347788800000000e+10
5.050688307200000000e+10
5.190616268800000000e+10
7.829800550400000000e+10
6.373912985600000000e+10
5.344580812800000000e+10
5.637371084800000000e+10
6.156626739200000000e+10
6.549192704000000000e+10
3.274284032000000000e+10
6.151963033600000000e+10
4.101749555200000000e+10
5.801241395200000000e+10
4.913793843200000000e+10
3.677766451200000000e+10
4.233203302400000000e+10
5.611320524800000000e+10
5.203724697600000000e+10
5.385752985600000000e+10
4.315700838400000000e+10
3.789549568000000000e+10
3.858477465600000000e+10
3.201452032000000000e+10
3.739759411200000000e+10
3.321431654400000000e+10
3.269474508800000000e+10
3.156205977600000000e+10
3.534138982400000000e+10
3.389812940800000000e+10
3.334558720000000000e+10
3.160222720000000000e+10
3.401465241600000000e+10
3.021913497600000000e+10
1.644313640960000000e+11
1.011396280320000000e+11
1.161822289920000000e+11
6.939983052800000000e+10
4.178068275200000000e+10
3.391990784000000000e+10
