7.055419637760000000e+12
5.720953585664000000e+12
3.389398712320000000e+12
3.066881114112000000e+12
3.160298749952000000e+12
2.713648627712000000e+12
2.664416149504000000e+12
2.449578917888000000e+12
2.389343993856000000e+12
2.338798174208000000e+12
2.425760776192000000e+12
1.536779616256000000e+12
1.934160035840000000e+12
1.489460002816000000e+12
1.655332929536000000e+12
1.497861849088000000e+12
1.218020376576000000e+12
1.344549683200000000e+12
1.381356666880000000e+12
1.318977404928000000e+12
1.207148085248000000e+12
1.091749871616000000e+12
1.201157046272000000e+12
9.777796218880000000e+11
9.144922931200000000e+11
7.906544844800000000e+11
8.418894807040000000e+11
9.125959434240000000e+11
8.824955207680000000e+11
7.632317317120000000e+11
7.895997480960000000e+11
7.095871078400000000e+11
7.207959920640000000e+11
7.369178480640000000e+11
5.634257715200000000e+11
5.638540492800000000e+11
4.729054494720000000e+11
4.080983408640000000e+11
4.046545223680000000e+11
4.111969157120000000e+11
3.861903441920000000e+11
3.443426263040000000e+11
3.326591959040000000e+11
3.477979136000000000e+11
2.964091371520000000e+11
3.157753856000000000e+11
5.157130600448000000e+12
2.007321411584000000e+12
1.845968109568000000e+12
8.051082526720000000e+11
7.098252001280000000e+11
4.454352158720000000e+11
