0.000000000000000000e+00
8.576019231073983014e+07
1.800887077944127917e+08
3.965242572703124285e+08
8.442448306501998901e+08
1.204213534436125517e+09
1.677881011471388102e+09
7.454258180665229797e+09
8.328409973481977463e+09
1.662907784887255287e+10
3.663125949242812347e+10
5.342322180788650513e+10
6.490045004559679413e+10
7.764908499448315430e+10
1.037958843508541260e+11
1.039837496194504089e+11
1.060703461909756775e+11
9.619777933085839844e+10
9.420007927517665100e+10
9.320922973406877136e+10
1.034904547112964172e+11
1.015363966807151489e+11
