0.000000000000000000e+00
1.463583800866436504e+05
1.370009071801783750e+06
2.344640901221552398e+06
5.671766282809065655e+06
6.839578326234463602e+06
1.230225733005595952e+07
1.976000149134267569e+08
3.370213117404344082e+08
3.100386593061469793e+08
4.285325868101510525e+09
1.753630776491506577e+09
2.151600239215899467e+09
5.232034567989970207e+09
6.942508396851098061e+09
5.940525724220508575e+09
7.276831185123538017e+09
6.403054545792352676e+09
6.199606727177799225e+09
5.968210461788131714e+09
7.697672852332709312e+09
7.994924049644457817e+09
