1.302239364269591868e+08
4.899274061179960966e+08
6.020356416601592302e+08
9.157794512288677692e+08
1.319351177169241428e+09
1.321413390771926880e+09
1.638999454787974834e+09
3.506020583875992775e+09
2.810384885524591446e+09
2.549846577793770790e+09
3.155060795090813637e+09
7.396930097584648132e+09
5.377255272583921432e+09
6.528746762620426178e+09
4.723392089237812996e+09
4.567522586415836334e+09
5.857371726392605782e+09
1.279834837442512894e+10
1.376532499701677513e+10
1.335408342356150818e+10
7.112109591632568359e+09
7.891545087526417732e+09
