5.930822383882200345e+06
2.122416801015176997e+07
3.193662058631384373e+07
5.773945337921213359e+07
1.091467532489396334e+08
1.285479471777368635e+08
2.086084932072606683e+08
7.648778085178918839e+08
1.290415099963672400e+09
1.363254825097497940e+09
1.472731137722370148e+09
8.761624942609983444e+09
1.067637892347575569e+10
1.212355125671376991e+10
1.623528281062636948e+10
1.658599030103381538e+10
1.770870023177850342e+10
2.800219724182885742e+10
3.286034028226559448e+10
4.359736919380551910e+10
4.723839710059014893e+10
4.909693391234326935e+10
