2.162369614897341127e-02 1.771575978498681758e-01
1.140065292945517395e-01 3.133936505772998982e-01
1.704844358262250781e-01 4.496297033047316205e-01
2.264233389535981744e-01 5.858657560321633984e-01
3.017681440725941133e-01 7.221018087595950652e-01
3.633348786613723735e-01 8.583378614870268430e-01
5.210436790911723293e-01 9.945739142144585099e-01
7.114248129838964818e-01 1.130809966941890288e+00
7.732431097764957961e-01 1.267046019669321844e+00
9.804811600155702855e-01 1.403282072396753843e+00
8.413710176197808366e-01 1.539518125124185399e+00
9.494304333005771923e-01 1.675754177851616955e+00
1.294420266314333823e+00 1.811990230579048955e+00
2.163481787681701185e+00 1.948226283306480511e+00
2.665621025609713257e+00 2.084462336033912067e+00
2.253415243895865672e+00 2.220698388761344066e+00
2.522234662565072227e+00 2.356934441488775622e+00
2.381650749991656824e+00 2.493170494216207178e+00
2.615057935784740550e+00 2.629406546943639178e+00
3.432746479342259960e+00 2.765642599671070734e+00
3.577689771757857073e+00 2.901878652398502734e+00
2.657855522163771411e+00 3.038114705125934289e+00
3.246132314235524063e+00 3.174350757853365845e+00
3.811521883502116737e+00 3.310586810580797845e+00
4.145039753226640755e+00 3.446822863308229401e+00
4.413649511388399560e+00 3.583058916035660957e+00
4.834375383165905760e+00 3.719294968763092957e+00
3.384722104216322691e+00 3.855531021490524513e+00
2.715258338289579854e+00 3.991767074217956068e+00
3.917085191392054355e+00 4.128003126945388068e+00
4.180883541205176357e+00 4.264239179672820512e+00
4.136236937981905726e+00 4.400475232400252068e+00
4.485636603649851395e+00 4.536711285127683624e+00
4.787087656972659033e+00 4.672947337855115180e+00
4.268245792264707461e+00 4.809183390582546735e+00
3.910072072379534802e+00 4.945419443309979179e+00
4.186614342289701085e+00 5.081655496037410735e+00
4.401420773804218811e+00 5.217891548764842291e+00
6.361823501662854596e+00 5.354127601492273847e+00
4.538008555838729308e+00 5.490363654219705403e+00
3.139934053711584738e+00 5.626599706947137847e+00
3.095626993425071305e+00 5.762835759674569402e+00
3.437770447477561220e+00 5.899071812402000958e+00
4.436953302034680746e+00 6.035307865129432514e+00
4.589359858615978283e+00 6.171543917856864070e+00
7.101284920563358583e+00 6.307779970584295626e+00
9.000207576882445437e+00 6.444016023311728070e+00
1.070671036832663958e+01 6.580252076039159626e+00
7.122536566173209849e+00 6.716488128766591181e+00
5.017231174837888830e+00 6.852724181494022737e+00
7.038915924662774160e-01 6.988960234221454293e+00
6.717032040800177128e-01 7.125196286948886737e+00
1.361960910626692112e+00 7.261432339676318293e+00
1.787394241619352897e+00 7.397668392403749849e+00
2.143741017324430231e+00 7.533904445131181404e+00
2.741255010312528384e+00 7.670140497858612960e+00
3.554305751198000962e+00 7.806376550586044516e+00
4.653827580903453054e+00 7.942612603313476960e+00
5.895142356958388064e+00 8.078848656040907628e+00
6.876464064143277710e+00 8.215084708768340960e+00
6.744564998827627278e+00 8.351320761495772516e+00
6.958208996912787825e+00 8.487556814223204071e+00
5.753186009042565274e+00 8.623792866950635627e+00
9.496419018885546848e-01 8.760028919678067183e+00
1.047786923187544517e+00 8.896264972405498739e+00
1.705846544706645318e+00 9.032501025132930295e+00
1.661166556930112392e+00 9.168737077860361850e+00
2.382904836147048400e+00 9.304973130587793406e+00
3.230336455997360190e+00 9.441209183315224962e+00
3.829056161598913377e+00 9.577445236042656518e+00
4.140575606290042288e+00 9.713681288770089850e+00
4.578149014604662170e+00 9.849917341497521406e+00
4.716597939188858390e+00 9.986153394224952962e+00
5.298043367338181042e+00 1.012238944695238452e+01
5.362237050464642607e+00 1.025862549967981607e+01
5.665417443867937664e+00 1.039486155240724763e+01
6.387076766346979184e+00 1.053109760513467918e+01
6.726813278318104494e+00 1.066733365786211074e+01
7.155594212525102193e+00 1.080356971058954230e+01
7.669579166914445523e+00 1.093980576331697385e+01
7.732349396390191032e+00 1.107604181604440718e+01
8.168655016429909210e+00 1.121227786877183874e+01
8.535079077035391037e+00 1.134851392149927030e+01
8.971157648145322128e+00 1.148474997422670185e+01
9.439912572014065972e+00 1.162098602695413341e+01
9.295104818255708778e+00 1.175722207968156496e+01
1.010951121658382590e+01 1.189345813240899652e+01
1.036083292399632683e+01 1.202969418513642808e+01
1.002534957680063599e+01 1.216593023786385963e+01
9.782797262874169064e+00 1.230216629059129119e+01
9.512186491572265368e+00 1.243840234331872274e+01
9.018726867570705963e+00 1.257463839604615607e+01
8.709330325257212735e+00 1.271087444877358763e+01
8.634977219313782371e+00 1.284711050150101919e+01
8.168334615002777355e+00 1.298334655422845074e+01
7.735470245524140864e+00 1.311958260695588230e+01
7.774150345108012061e+00 1.325581865968331385e+01
7.871507469204289009e+00 1.339205471241074541e+01
7.492311663437192237e+00 1.352829076513817697e+01
7.391995948519877402e+00 1.366452681786560852e+01
