7.021099067957903284e-02 2.326817337925757567e-01
1.204701776943598590e-01 3.683625451605804235e-01
2.011216032252468033e-01 5.040433565285851181e-01
2.227673853611616406e-01 6.397241678965897016e-01
2.882757950112576628e-01 7.754049792645943961e-01
3.481849173396756036e-01 9.110857906325990907e-01
5.640654330565473273e-01 1.046766602000603674e+00
5.663467502821555311e-01 1.182447413368608480e+00
8.412797683236012958e-01 1.318128224736613063e+00
8.809683145395807990e-01 1.453809036104617647e+00
8.070577123257818286e-01 1.589489847472622452e+00
1.140023558053708364e+00 1.725170658840627036e+00
1.195691431087726464e+00 1.860851470208631619e+00
1.338000896063888945e+00 1.996532281576636425e+00
1.511202831987484174e+00 2.132213092944641009e+00
1.892968995117994879e+00 2.267893904312646036e+00
1.859646315616100054e+00 2.403574715680650620e+00
2.783331972361175133e+00 2.539255527048655203e+00
2.813348252954128270e+00 2.674936338416659787e+00
2.761875192218042230e+00 2.810617149784664814e+00
2.718637802020122507e+00 2.946297961152669398e+00
3.068046015300595286e+00 3.081978772520673981e+00
3.433233306452748934e+00 3.217659583888678565e+00
4.066404425228633102e+00 3.353340395256683149e+00
5.973002946306984029e+00 3.489021206624687732e+00
4.653830118670192917e+00 3.624702017992692760e+00
2.554416688697088489e+00 3.760382829360697343e+00
2.602742283427460279e+00 3.896063640728701927e+00
4.895785598248309611e+00 4.031744452096706510e+00
4.893733701185929874e+00 4.167425263464711094e+00
4.165770328972350001e+00 4.303106074832715677e+00
3.628398788499808347e+00 4.438786886200720261e+00
2.654164688921085258e+00 4.574467697568724844e+00
2.648694387019816077e+00 4.710148508936729428e+00
2.590383806484581442e+00 4.845829320304734011e+00
2.407780856656060564e+00 4.981510131672738595e+00
2.224861484085025154e+00 5.117190943040743178e+00
2.846906312800854266e+00 5.252871754408747762e+00
4.784187015489777650e+00 5.388552565776753234e+00
4.119075094930622072e+00 5.524233377144757817e+00
2.146064640711998095e+00 5.659914188512762401e+00
2.267826732636734732e+00 5.795594999880766984e+00
1.516446769299250263e+00 5.931275811248771568e+00
9.148557622101236575e-01 6.066956622616776151e+00
6.747809877604851181e-01 6.202637433984780735e+00
3.146854876218867503e-01 6.338318245352785318e+00
3.287428705399406681e-01 6.473999056720789902e+00
2.987831119646671141e-01 6.609679868088794485e+00
3.469465710768275812e-01 6.745360679456799069e+00
2.956326184371533827e-01 6.881041490824804541e+00
2.966730339930023774e-01 7.016722302192809124e+00
5.806918653278074771e-01 7.152403113560813708e+00
3.563840236530069205e-01 7.288083924928818291e+00
1.113728702879228649e-01 7.423764736296822875e+00
3.396436004023399846e-01 7.559445547664827458e+00
4.024841824549270086e-01 7.695126359032832042e+00
2.165694140648213306e-01 7.830807170400836625e+00
3.297078089624108088e-01 7.966487981768841209e+00
1.615459639199769981e-01 8.102168793136845792e+00
1.548884123971561166e-01 8.237849604504852152e+00
2.187133672084797809e-01 8.373530415872856736e+00
1.817291436850325681e-01 8.509211227240861319e+00
1.928779447245290157e-01 8.644892038608865903e+00
8.676273538164025467e-02 8.780572849976870486e+00
1.849042928665483032e-01 8.916253661344875070e+00
1.941435664657404914e-01 9.051934472712879653e+00
1.649011703189557920e-01 9.187615284080884237e+00
1.626654656647303909e-01 9.323296095448888821e+00
1.546456809860643489e-01 9.458976906816893404e+00
1.640378972322906748e-01 9.594657718184897988e+00
1.562803503912704173e-01 9.730338529552902571e+00
1.316043666527804135e-01 9.866019340920907155e+00
2.273061396350186669e-01 1.000170015228891174e+01
2.655636323453904879e-01 1.013738096365691632e+01
1.339362593822102099e-01 1.027306177502492091e+01
1.321601378163421714e-01 1.040874258639292727e+01
2.223022855623639771e-01 1.054442339776093185e+01
1.434819135077702867e-01 1.068010420912893643e+01
2.372200957758536788e-01 1.081578502049694102e+01
2.247363748310391429e-01 1.095146583186494560e+01
1.534574301183226908e-01 1.108714664323295018e+01
1.846590958037097607e-01 1.122282745460095477e+01
1.629813056647009262e-01 1.135850826596895935e+01
2.738217311637640705e-01 1.149418907733696393e+01
1.342343581569593880e-01 1.162986988870496852e+01
2.383342103112227051e-01 1.176555070007297310e+01
1.663366576752878245e-01 1.190123151144097768e+01
1.981713788498069562e-01 1.203691232280898227e+01
2.492376084776282141e-01 1.217259313417698685e+01
2.373310180069410080e-01 1.230827394554499143e+01
2.507211298209455208e-01 1.244395475691299602e+01
1.618674551644829762e-01 1.257963556828100060e+01
2.012437674260638687e-01 1.271531637964900519e+01
3.122583869199360151e-01 1.285099719101700977e+01
1.925761655194122568e-01 1.298667800238501435e+01
2.491518320011607557e-01 1.312235881375301894e+01
3.108175010052889320e-01 1.325803962512102352e+01
2.083319783994710406e-01 1.339372043648902988e+01
2.160526744307844638e-01 1.352940124785703446e+01
4.024743738539626747e-01 1.366508205922503905e+01
