-4.476653102463847705e-02
-1.341181737307513833e-01
-7.469516760345100426e-02
-1.521993072285238724e-01
-1.369329182356747721e-01
-1.144214380402278353e-01
-8.145779684780532492e-02
-6.027814301042100364e-02
-2.972077938397094804e-02
-3.346164527082320927e-02
-3.921771615245856629e-02
-3.653278364461867711e-02
-5.661488230771843932e-02
-1.683974949754015599e-02
-6.578770440982810441e-03
-7.566938695939381260e-03
-1.032944516787940616e-02
-9.280276296499518143e-03
-8.350540956004870799e-03
-8.098813977048228627e-03
-7.857117845381310361e-03
-7.566088623026953272e-03
-7.766317912375160677e-03
-6.446711188746451562e-03
-6.265726805144341063e-03
-6.145019089166594943e-03
-5.891935145194212610e-03
-8.777656989580474856e-03
-9.830117831529037661e-03
