3.250981369084806564e-03
3.967779112487358241e-03
7.011144386228902736e-02
1.017695765006890705e-02
2.362325561943938793e-02
2.836823883590999101e-02
2.470570091814141417e-02
2.126377381459687230e-02
2.366334963380689327e-01
1.219339189187097217e-01
2.927240364190841077e-02
1.903136490384233631e-02
2.333167089531132388e-02
1.762927926977112328e-02
2.230676229022387699e-02
2.349838172892279239e-02
7.556955405189090536e-02
2.960419691811443446e-02
9.255893528797133965e-03
5.578786698962849913e-03
7.918535782814014115e-03
8.074956774075527088e-03
1.179540177731838030e-02
8.693343427948722543e-03
4.739394869923722539e-03
2.658321647423923881e-03
1.690773939406313387e-03
9.570852613327080665e-04
7.170435958443143170e-04
