1.999818490543756155e+00
1.895074134494135976e+00
1.670446439522797366e+00
1.482800433233564252e+00
1.323036940101188996e+00
1.184873207349212088e+00
1.063820479766791838e+00
9.994830608841169806e-01
9.565797491870258185e-01
8.606679900394615945e-01
7.741779655208955724e-01
6.956187756240241882e-01
6.238070024433188809e-01
5.577905648732037758e-01
4.995510833906706694e-01
4.967943014194948770e-01
4.401803363785781187e-01
3.874187205733325978e-01
3.380653501261787763e-01
2.917451296805884109e-01
2.497948824965583459e-01
2.481389736797343648e-01
2.069736562950084124e-01
1.680138030258813142e-01
1.310555115558953432e-01
9.592122558310234304e-02
6.245558195807010549e-02
3.052202094502742824e-02
