-3.861643750966721189e-01
-1.017731766178919285e-02
-7.429936184006180611e-02
-4.767797267970707090e-03
-6.384235034320884065e-03
-1.065253585514002246e-02
-6.697114513453046244e-03
-4.928502449845756535e-03
-4.300803555320860871e-04
-3.111311111886277438e-03
-4.901680563611599505e-03
-9.369310717582767997e-03
-9.839030320770330781e-03
-9.413625784064103691e-03
-7.432962684204643886e-03
-7.344150894729569758e-03
-4.100105329958103097e-03
-8.060725700234687430e-03
-1.282949169993216273e-02
-1.714909619416087397e-02
-3.183586588218870889e-02
-2.765135131572205029e-02
-1.534385816748860994e-02
-1.660374333430168423e-02
-1.918746228819266653e-02
-1.632311201978369278e-02
-1.178776127593398823e-02
-7.250028349494226469e-03
