2.162369614897341127e-02 1.771575978498682036e-01
1.140065292945516839e-01 3.133936505772999537e-01
1.704844358262244397e-01 4.496297033047317315e-01
2.264233389535965646e-01 5.858657560321633984e-01
3.017681440725951125e-01 7.221018087595951762e-01
3.633348786613708192e-01 8.583378614870269541e-01
5.210436790911678884e-01 9.945739142144586209e-01
7.114248129838920409e-01 1.130809966941890510e+00
7.732431097764957961e-01 1.267046019669322288e+00
9.804811600155689533e-01 1.403282072396754065e+00
8.413710176197858326e-01 1.539518125124185843e+00
9.494304333005516572e-01 1.675754177851617621e+00
1.294420266314297630e+00 1.811990230579049177e+00
2.163481787681675872e+00 1.948226283306480955e+00
2.665621025609760775e+00 2.084462336033912511e+00
2.253415243895926512e+00 2.220698388761344511e+00
2.522234662565167262e+00 2.356934441488776066e+00
2.381650749991593319e+00 2.493170494216207622e+00
2.615057935784733445e+00 2.629406546943639622e+00
3.432746479342263513e+00 2.765642599671071178e+00
3.577689771757904147e+00 2.901878652398503178e+00
2.657855522163695916e+00 3.038114705125934734e+00
3.246132314235614214e+00 3.174350757853366733e+00
3.811521883502130947e+00 3.310586810580798289e+00
4.145039753226634538e+00 3.446822863308229845e+00
4.413649511388331170e+00 3.583058916035661845e+00
4.834375383165872009e+00 3.719294968763093401e+00
3.384722104216406624e+00 3.855531021490525401e+00
2.715258338289579854e+00 3.991767074217956957e+00
3.917085191392107202e+00 4.128003126945388956e+00
4.180883541205222542e+00 4.264239179672821400e+00
4.136236937981917272e+00 4.400475232400252956e+00
4.485636603649798992e+00 4.536711285127684512e+00
4.787087656972643046e+00 4.672947337855116068e+00
4.268245792264774074e+00 4.809183390582547624e+00
3.910072072379542352e+00 4.945419443309980068e+00
4.186614342289509239e+00 5.081655496037411623e+00
4.401420773804270326e+00 5.217891548764843179e+00
6.361823501662898117e+00 5.354127601492274735e+00
4.538008555838700886e+00 5.490363654219707179e+00
3.139934053711616713e+00 5.626599706947138735e+00
3.095626993425041107e+00 5.762835759674570291e+00
3.437770447477591862e+00 5.899071812402001846e+00
4.436953302034655877e+00 6.035307865129433402e+00
4.589359858615875254e+00 6.171543917856865846e+00
7.101284920563305292e+00 6.307779970584297402e+00
9.000207576882409910e+00 6.444016023311728958e+00
1.070671036832687761e+01 6.580252076039160514e+00
7.122536566173143235e+00 6.716488128766592069e+00
5.017231174838565622e+00 6.852724181494024513e+00
7.038915924661967027e-01 6.988960234221456069e+00
6.717032040799942871e-01 7.125196286948887625e+00
1.361960910626708543e+00 7.261432339676319181e+00
1.787394241619333357e+00 7.397668392403751625e+00
2.143741017324441778e+00 7.533904445131183181e+00
2.741255010312531937e+00 7.670140497858614737e+00
3.554305751198190588e+00 7.806376550586046292e+00
4.653827580903496575e+00 7.942612603313477848e+00
5.895142356958860574e+00 8.078848656040909404e+00
6.876464064143061883e+00 8.215084708768340960e+00
6.744564998827350166e+00 8.351320761495774292e+00
6.958208996912551569e+00 8.487556814223205848e+00
5.753186009043202098e+00 8.623792866950637404e+00
9.496419018885784435e-01 8.760028919678068959e+00
1.047786923187514763e+00 8.896264972405500515e+00
1.705846544706641321e+00 9.032501025132932071e+00
1.661166556930111282e+00 9.168737077860363627e+00
2.382904836146853000e+00 9.304973130587795183e+00
3.230336455997347755e+00 9.441209183315226738e+00
3.829056161598927144e+00 9.577445236042660071e+00
4.140575606290017419e+00 9.713681288770091626e+00
4.578149014604833589e+00 9.849917341497523182e+00
4.716597939188817534e+00 9.986153394224954738e+00
5.298043367338162390e+00 1.012238944695238629e+01
5.362237050464878862e+00 1.025862549967981785e+01
5.665417443867989178e+00 1.039486155240724941e+01
6.387076766347403733e+00 1.053109760513468096e+01
6.726813278317377076e+00 1.066733365786211252e+01
7.155594212524235331e+00 1.080356971058954585e+01
7.669579166914783031e+00 1.093980576331697740e+01
7.732349396389774476e+00 1.107604181604440896e+01
8.168655016429930527e+00 1.121227786877184052e+01
8.535079077035458539e+00 1.134851392149927207e+01
8.971157648145958063e+00 1.148474997422670363e+01
9.439912572014108605e+00 1.162098602695413518e+01
9.295104818255969903e+00 1.175722207968156674e+01
1.010951121658460039e+01 1.189345813240899830e+01
1.036083292399742461e+01 1.202969418513643163e+01
1.002534957679955241e+01 1.216593023786386318e+01
9.782797262875057243e+00 1.230216629059129474e+01
9.512186491572983016e+00 1.243840234331872630e+01
9.018726867569782257e+00 1.257463839604615785e+01
8.709330325254361682e+00 1.271087444877358941e+01
8.634977219313324071e+00 1.284711050150102096e+01
8.168334615002533994e+00 1.298334655422845252e+01
7.735470245524240340e+00 1.311958260695588407e+01
7.774150345107650573e+00 1.325581865968331563e+01
7.871507469201111107e+00 1.339205471241074896e+01
7.492311663436694857e+00 1.352829076513818052e+01
7.391995948518102821e+00 1.366452681786561207e+01
