4.437288555745450003e-02 2.192213366111037398e-01
1.036138016800046552e-01 3.550367519509231018e-01
1.724491632088922533e-01 4.908521672907425470e-01
1.766829028236905630e-01 6.266675826305618813e-01
2.587430415340858936e-01 7.624829979703813265e-01
3.051597932875582675e-01 8.982984133102007718e-01
4.060581055536237605e-01 1.034113828650019995e+00
5.154517433537334492e-01 1.169929243989839440e+00
6.127222216187603321e-01 1.305744659329658885e+00
6.920466122525701369e-01 1.441560074669478331e+00
6.403238163903486324e-01 1.577375490009297776e+00
8.483699311633636775e-01 1.713190905349116999e+00
9.783269032606621840e-01 1.849006320688936444e+00
1.292966160362418959e+00 1.984821736028755890e+00
1.221860163779726172e+00 2.120637151368574891e+00
1.530019602736541140e+00 2.256452566708394336e+00
1.568550864923087040e+00 2.392267982048213781e+00
2.204984986875697217e+00 2.528083397388033227e+00
2.380511476946337357e+00 2.663898812727852672e+00
1.841738538783967982e+00 2.799714228067672117e+00
2.068335053561493719e+00 2.935529643407491562e+00
2.387431758381205249e+00 3.071345058747310564e+00
2.790197047932454044e+00 3.207160474087130009e+00
3.127885480148210551e+00 3.342975889426949454e+00
4.004008800737506313e+00 3.478791304766768899e+00
3.032622846678274531e+00 3.614606720106588345e+00
1.999675162188925714e+00 3.750422135446407790e+00
1.901264972538909914e+00 3.886237550786227235e+00
2.650579477494870329e+00 4.022052966126046236e+00
3.381662908588090932e+00 4.157868381465865681e+00
2.778270871050047663e+00 4.293683796805685127e+00
2.524454771655655350e+00 4.429499212145504572e+00
2.064757888174764133e+00 4.565314627485324017e+00
1.840629123565372227e+00 4.701130042825143462e+00
2.161794471372530335e+00 4.836945458164962908e+00
2.163386268674721169e+00 4.972760873504782353e+00
2.883660816327632936e+00 5.108576288844601798e+00
2.914263468253528888e+00 5.244391704184421243e+00
4.597630561915831748e+00 5.380207119524240689e+00
3.610462236799304225e+00 5.516022534864060134e+00
1.330429298430026108e+00 5.651837950203879579e+00
6.541606201027483358e-01 5.787653365543698136e+00
3.540635537604938099e-01 5.923468780883517582e+00
2.643885672214295601e-01 6.059284196223337027e+00
1.721381812131730082e-01 6.195099611563156472e+00
2.101570116433424396e-01 6.330915026902975917e+00
2.122932010641986056e-01 6.466730442242795363e+00
2.746704255499986536e-01 6.602545857582614808e+00
2.386034727114746123e-01 6.738361272922434253e+00
3.422251359863624498e-01 6.874176688262253698e+00
3.020071719360573059e-01 7.009992103602073144e+00
4.515725098363921886e-01 7.145807518941892589e+00
2.495477357268880425e-01 7.281622934281712034e+00
1.620766247078441469e-01 7.417438349621531479e+00
2.516511218320182652e-01 7.553253764961350925e+00
1.994584050753608617e-01 7.689069180301170370e+00
2.470712671943573191e-01 7.824884595640988927e+00
1.994696717906033756e-01 7.960700010980808372e+00
1.862691168823676358e-01 8.096515426320628706e+00
1.497906672461926936e-01 8.232330841660449039e+00
1.737626395008218805e-01 8.368146257000267596e+00
1.239071670819126975e-01 8.503961672340087929e+00
8.617041200840022674e-02 8.639777087679906487e+00
1.199978938559060210e-01 8.775592503019726820e+00
1.024165791695753058e-01 8.911407918359545377e+00
1.119134347362992499e-01 9.047223333699363934e+00
1.372960336971885131e-01 9.183038749039184268e+00
1.224834799141185232e-01 9.318854164379002825e+00
1.304186405005424987e-01 9.454669579718823158e+00
1.622676824096546400e-01 9.590484995058641715e+00
3.452986845456266218e-01 9.726300410398462049e+00
2.718768730030382552e-01 9.862115825738280606e+00
1.204523668212508780e-01 9.997931241078100939e+00
1.817291132156423628e-01 1.013374665641791950e+01
1.604648253026303428e-01 1.026956207175773983e+01
1.599416482399168837e-01 1.040537748709755839e+01
2.326583359563547115e-01 1.054119290243737872e+01
1.908636235196898845e-01 1.067700831777719728e+01
2.116256144847413201e-01 1.081282373311701761e+01
2.587685584478466860e-01 1.094863914845683617e+01
1.611108553716487646e-01 1.108445456379665650e+01
1.516506851177323312e-01 1.122026997913647506e+01
2.473375271389308128e-01 1.135608539447629362e+01
2.199516379516321674e-01 1.149190080981611395e+01
1.917460444563837685e-01 1.162771622515593251e+01
2.495663546184938297e-01 1.176353164049575284e+01
1.995213160913825723e-01 1.189934705583557140e+01
2.158631047698690297e-01 1.203516247117539173e+01
2.757554637305769663e-01 1.217097788651521029e+01
1.959752583188986430e-01 1.230679330185503062e+01
1.947562535038478149e-01 1.244260871719484918e+01
2.767816940234718026e-01 1.257842413253466951e+01
2.425458792847614564e-01 1.271423954787448807e+01
1.396835221255922355e-01 1.285005496321430840e+01
2.702488146896490084e-01 1.298587037855412696e+01
2.262435725892520122e-01 1.312168579389394729e+01
1.630216588500721375e-01 1.325750120923376585e+01
3.029353394353963558e-01 1.339331662457358441e+01
2.337542448981925758e-01 1.352913203991340474e+01
2.394297670664069788e-01 1.366494745525322330e+01
