5.544486480304593179e-02 2.116498741354162494e-01
1.626988655695949249e-01 3.475410040999925565e-01
2.640448069718860369e-01 4.834321340645688081e-01
2.944940360030660620e-01 6.193232640291450597e-01
4.458312489490802166e-01 7.552143939937213668e-01
5.062752409064980030e-01 8.911055239582976739e-01
7.489601409460818759e-01 1.026996653922873870e+00
9.302921168183552192e-01 1.162887783887450066e+00
1.095717779017622018e+00 1.298778913852026484e+00
1.372942103032877004e+00 1.434670043816602680e+00
1.474288044435175138e+00 1.570561173781179098e+00
1.545184756806289528e+00 1.706452303745755295e+00
1.958748912304456802e+00 1.842343433710331491e+00
2.585003204915967245e+00 1.978234563674907909e+00
2.502290373816333791e+00 2.114125693639484105e+00
3.138542920736591135e+00 2.250016823604060079e+00
3.097186505186774408e+00 2.385907953568636941e+00
4.772348568006068881e+00 2.521799083533212915e+00
5.369971496006872513e+00 2.657690213497788889e+00
4.681000880912606910e+00 2.793581343462365751e+00
5.227269139053608349e+00 2.929472473426941725e+00
6.754275251660733836e+00 3.065363603391517699e+00
6.011223170079587952e+00 3.201254733356094562e+00
7.859951451547646073e+00 3.337145863320670536e+00
7.834954303173469192e+00 3.473036993285246510e+00
5.653947042152947411e+00 3.608928123249823372e+00
4.236484121559668026e+00 3.744819253214399346e+00
7.420059969495753194e+00 3.880710383178976208e+00
9.036285215360511103e+00 4.016601513143552182e+00
6.628595539255723423e+00 4.152492643108128156e+00
7.165832800840130190e+00 4.288383773072704130e+00
5.565408885132653971e+00 4.424274903037280993e+00
4.752599325916545325e+00 4.560166033001856967e+00
4.410459038360881934e+00 4.696057162966432941e+00
4.047442385069212278e+00 4.831948292931009803e+00
6.255033152294044108e+00 4.967839422895585777e+00
5.920066130029911555e+00 5.103730552860161751e+00
7.510929881553845000e+00 5.239621682824738613e+00
5.391003087141357675e+00 5.375512812789314587e+00
1.443330244059797263e+00 5.511403942753890561e+00
1.137503977427406276e+00 5.647295072718467424e+00
1.646064837030305483e+00 5.783186202683043398e+00
1.278315477123867616e+00 5.919077332647619372e+00
1.362428221941524686e+00 6.054968462612196234e+00
9.330169670468677623e-01 6.190859592576772208e+00
1.228876347765933019e+00 6.326750722541348182e+00
1.163433228654135121e+00 6.462641852505925044e+00
1.109351762165913247e+00 6.598532982470501018e+00
3.299423921886189270e-01 6.734424112435076992e+00
4.790072746099181544e-01 6.870315242399653854e+00
5.549031141354033858e-01 7.006206372364229829e+00
6.267087587164038576e-01 7.142097502328806691e+00
5.862612753764732121e-01 7.277988632293382665e+00
7.521185244558199479e-01 7.413879762257958639e+00
5.794442838023275977e-01 7.549770892222535501e+00
3.199441378798732472e-01 7.685662022187111475e+00
2.245062558418447207e-01 7.821553152151687449e+00
1.886034335513466775e-01 7.957444282116264311e+00
2.981297648426099456e-01 8.093335412080840285e+00
1.558818739954497268e-01 8.229226542045417148e+00
1.631533316745379381e-01 8.365117672009992233e+00
2.040552811194091265e-01 8.501008801974569096e+00
2.581367476076272260e-01 8.636899931939145958e+00
1.804230436623724398e-01 8.772791061903721044e+00
1.854221708167455851e-01 8.908682191868297906e+00
1.467925518965894627e-01 9.044573321832874768e+00
2.240517897369017075e-01 9.180464451797449854e+00
1.527006112608486343e-01 9.316355581762026716e+00
1.845132386068595587e-01 9.452246711726603579e+00
2.431393661445082621e-01 9.588137841691178664e+00
1.586086706251078060e-01 9.724028971655755527e+00
1.513372129460195947e-01 9.859920101620332389e+00
2.822234511696054549e-01 9.995811231584907475e+00
2.440482983543942885e-01 1.013170236154948434e+01
2.822234511696054549e-01 1.026759349151406120e+01
4.199266809673300460e-01 1.040348462147863629e+01
2.763153918053466440e-01 1.053937575144321315e+01
3.449397736517374469e-01 1.067526688140779001e+01
3.004020953673248728e-01 1.081115801137236510e+01
3.894774519361500209e-01 1.094704914133694196e+01
3.299423921886189270e-01 1.108294027130151882e+01
5.008216476471815115e-01 1.121883140126609391e+01
8.057684040639619960e-01 1.135472253123067077e+01
4.035659011893825698e-01 1.149061366119524763e+01
4.335606641156196095e-01 1.162650479115982272e+01
7.298725645384576133e-01 1.176239592112439958e+01
4.467401811589661875e-01 1.189828705108897644e+01
5.621745718144920412e-01 1.203417818105355153e+01
6.517043944882711104e-01 1.217006931101812839e+01
5.453593259315995256e-01 1.230596044098270525e+01
4.185632826525010897e-01 1.244185157094728034e+01
3.872051214114350937e-01 1.257774270091185720e+01
6.685196403711636259e-01 1.271363383087643406e+01
5.817166143270428025e-01 1.284952496084100915e+01
4.458312489490802166e-01 1.298541609080558601e+01
3.944765790905228608e-01 1.312130722077016287e+01
4.571929015726548529e-01 1.325719835073473796e+01
4.035659011893825698e-01 1.339308948069931482e+01
3.749341523316211955e-01 1.352898061066389168e+01
4.312883335909046822e-01 1.366487174062846854e+01
