5.335376926930297803e-02 2.293166393589368690e-01
9.856299598662077166e-02 3.650311016712779466e-01
1.317197494539467939e-01 5.007455639836190242e-01
1.887517698859871584e-01 6.364600262959601018e-01
2.115730795403868991e-01 7.721744886083011794e-01
3.338201265958214425e-01 9.078889509206422570e-01
4.884334553117550271e-01 1.043603413232983446e+00
5.474804285407417481e-01 1.179317875545324412e+00
6.627679810243933822e-01 1.315032337857665379e+00
6.569049048376399691e-01 1.450746800170006345e+00
6.687074536564499017e-01 1.586461262482347756e+00
7.930014271444245644e-01 1.722175724794688723e+00
1.015689554923308480e+00 1.857890187107029689e+00
9.519127466507045776e-01 1.993604649419370656e+00
1.413272748320934857e+00 2.129319111731712066e+00
1.483917508055441425e+00 2.265033574044053033e+00
1.735634323535522050e+00 2.400748036356394000e+00
1.888361607258148167e+00 2.536462498668734966e+00
2.451599090941686043e+00 2.672176960981075933e+00
2.494057684559810362e+00 2.807891423293417343e+00
2.129590089248147855e+00 2.943605885605758310e+00
2.270475458964193116e+00 3.079320347918099277e+00
2.426470445081535754e+00 3.215034810230440687e+00
2.762446311316806735e+00 3.350749272542781654e+00
3.430776828106922860e+00 3.486463734855122620e+00
4.342334653138754774e+00 3.622178197167463587e+00
2.822899140042355981e+00 3.757892659479804554e+00
2.209405609047669916e+00 3.893607121792145964e+00
2.598034293329559929e+00 4.029321584104486931e+00
4.589255727134862184e+00 4.165036046416828341e+00
4.164407428228579455e+00 4.300750508729169752e+00
4.069882597777851885e+00 4.436464971041510275e+00
4.184127996544401817e+00 4.572179433353851685e+00
3.621285659761589226e+00 4.707893895666193096e+00
2.864756999231858003e+00 4.843608357978533618e+00
2.325712091902232714e+00 4.979322820290875029e+00
2.553573992190739883e+00 5.115037282603215552e+00
3.587464015749655566e+00 5.250751744915556962e+00
2.464399617161520784e+00 5.386466207227898373e+00
2.441693768665201159e+00 5.522180669540238895e+00
1.234661113363652474e+00 5.657895131852580306e+00
5.129842151063456201e-01 5.793609594164921717e+00
1.823163227157920119e-01 5.929324056477262239e+00
2.692603716651104095e-01 6.065038518789603650e+00
2.050584559080294855e-01 6.200752981101945061e+00
1.714688601485282737e-01 6.336467443414285583e+00
1.735818804266285598e-01 6.472181905726626994e+00
1.951792136491313501e-01 6.607896368038967516e+00
1.429082855820199838e-01 6.743610830351308927e+00
1.740930856607099952e-01 6.879325292663650337e+00
1.714937735710840572e-01 7.015039754975990860e+00
1.566410632103754363e-01 7.150754217288332271e+00
2.333010518197387584e-01 7.286468679600672793e+00
1.759712934346447377e-01 7.422183141913014204e+00
1.515557307936116760e-01 7.557897604225355614e+00
2.017004202230586185e-01 7.693612066537696137e+00
2.777195302359735662e-01 7.829326528850037548e+00
1.341967906628949436e-01 7.965040991162378958e+00
1.388663296792395363e-01 8.100755453474718593e+00
1.402273522012823237e-01 8.236469915787060003e+00
1.805395972639677327e-01 8.372184378099401414e+00
1.176179262586993096e-01 8.507898840411742825e+00
1.275723218119709235e-01 8.643613302724082459e+00
1.233138012609324430e-01 8.779327765036423870e+00
1.204771953982871208e-01 8.915042227348765280e+00
1.439123449931098975e-01 9.050756689661106691e+00
8.026329352151885532e-02 9.186471151973448102e+00
1.118608682863532489e-01 9.322185614285787736e+00
1.071726165771043349e-01 9.457900076598129147e+00
1.069045393002207439e-01 9.593614538910470557e+00
1.882398974833862648e-01 9.729329001222811968e+00
2.081767907385285443e-01 9.865043463535153379e+00
1.227487184064672693e-01 1.000075792584749301e+01
1.242762029282071384e-01 1.013647238815983442e+01
1.063149254324914222e-01 1.027218685047217583e+01
1.189873966954187179e-01 1.040790131278451724e+01
1.556450000022389368e-01 1.054361577509685866e+01
2.443068341280682509e-01 1.067933023740920007e+01
1.421290310486124642e-01 1.081504469972153970e+01
1.667670469475588668e-01 1.095075916203388111e+01
1.024032107575395117e-01 1.108647362434622252e+01
1.681202495203240055e-01 1.122218808665856393e+01
1.505918274667289447e-01 1.135790254897090534e+01
1.876661644320649913e-01 1.149361701128324498e+01
1.258447322040039951e-01 1.162933147359558639e+01
1.392678264739224403e-01 1.176504593590792780e+01
1.609494009105993939e-01 1.190076039822026921e+01
1.179529955002036612e-01 1.203647486053261062e+01
1.265541026483275877e-01 1.217218932284495203e+01
1.498589577987518573e-01 1.230790378515729167e+01
1.345881732992679491e-01 1.244361824746963308e+01
1.866593891748592193e-01 1.257933270978197449e+01
1.440714549891447260e-01 1.271504717209431590e+01
1.129663340804701460e-01 1.285076163440665731e+01
1.865334301909468695e-01 1.298647609671899694e+01
1.521893235802116717e-01 1.312219055903133835e+01
1.052874341017834697e-01 1.325790502134367976e+01
1.352647438818851966e-01 1.339361948365602117e+01
1.876451565679373990e-01 1.352933394596836258e+01
2.141004986092275297e-01 1.366504840828070222e+01
