6.998778016122191026e-02 2.124911477438259644e-01
1.699703232486831361e-01 3.440665316512337979e-01
3.235798667194171307e-01 4.756419155586416592e-01
3.862961892015491228e-01 6.072172994660494094e-01
4.567384354677118674e-01 7.387926833734572707e-01
5.376334021475678293e-01 8.703680672808651320e-01
7.416886832669932206e-01 1.001943451188272993e+00
8.171300566875380200e-01 1.133518835095680855e+00
9.212027947194944000e-01 1.265094219003088716e+00
1.240238000389509043e+00 1.396669602910496577e+00
1.125258075838919680e+00 1.528244986817904438e+00
1.226604017241217814e+00 1.659820370725312300e+00
1.839678792809380070e+00 1.791395754632719939e+00
1.759238292234461820e+00 1.922971138540127800e+00
2.097815540417027336e+00 2.054546522447535661e+00
2.468659882050548759e+00 2.186121906354943523e+00
2.817235384541861176e+00 2.317697290262351384e+00
2.999021826519077560e+00 2.449272674169759245e+00
2.616361366157037072e+00 2.580848058077167106e+00
3.651180687112341339e+00 2.712423441984574968e+00
4.220626716605922368e+00 2.843998825891982829e+00
3.954307279845259426e+00 2.975574209799390690e+00
4.469219676009356768e+00 3.107149593706798552e+00
4.423773065515097080e+00 3.238724977614206413e+00
4.727356423616751790e+00 3.370300361521613830e+00
8.188093108754884497e+00 3.501875745429021691e+00
6.389338969393067558e+00 3.633451129336429553e+00
3.991547160183581688e+00 3.765026513243837414e+00
3.557106203389131860e+00 3.896601897151245275e+00
4.747332286475424823e+00 4.028177281058653136e+00
6.225731171612493675e+00 4.159752664966060998e+00
6.157106789766161548e+00 4.291328048873468859e+00
7.184319124198221829e+00 4.422903432780876720e+00
5.132651933635455244e+00 4.554478816688284581e+00
4.196403188471165002e+00 4.686054200595692443e+00
4.200082883565226410e+00 4.817629584503100304e+00
5.467607365635219097e+00 4.949204968410508165e+00
5.756250899609145932e+00 5.080780352317916027e+00
5.471967497570165762e+00 5.212355736225323888e+00
5.781903316636364920e+00 5.343931120132731749e+00
5.647580305154363600e+00 5.475506504040139610e+00
2.468143990970994128e+00 5.607081887947547472e+00
1.472411525720371595e+00 5.738657271854955333e+00
7.725844605886301730e-01 5.870232655762363194e+00
6.103479789384543830e-01 6.001808039669771055e+00
4.608082748269100026e-01 6.133383423577178917e+00
5.571754446601185906e-01 6.264958807484586778e+00
5.762630210677263110e-01 6.396534191391994639e+00
4.871876644988918925e-01 6.528109575299401612e+00
5.430869954068843208e-01 6.659684959206809474e+00
6.208006993521443251e-01 6.791260343114217335e+00
5.721728261232389423e-01 6.922835727021625196e+00
4.022025028745536135e-01 7.054411110929033057e+00
5.339976733080235016e-01 7.185986494836440919e+00
6.062577839939670143e-01 7.317561878743848780e+00
6.657928437414982747e-01 7.449137262651256641e+00
7.085126576061512305e-01 7.580712646558664503e+00
8.221291838419114706e-01 7.712288030466072364e+00
5.721728261232389423e-01 7.843863414373480225e+00
5.826255465369288844e-01 7.975438798280888086e+00
5.785353515924415158e-01 8.107014182188295948e+00
6.821536235194548548e-01 8.238589566095704697e+00
4.949135882829226452e-01 8.370164950003111670e+00
3.858417230966061373e-01 8.501740333910520420e+00
5.017305798570675934e-01 8.633315717817927393e+00
2.722251968608597750e-01 8.764891101725334366e+00
3.935676468806368900e-01 8.896466485632743115e+00
4.185632826525010897e-01 9.028041869540150088e+00
2.867681122190353094e-01 9.159617253447558838e+00
2.122356710083833642e-01 9.291192637354965811e+00
2.894949088486932220e-01 9.422768021262374560e+00
4.017480367696106280e-01 9.554343405169781533e+00
2.326866457308189584e-01 9.685918789077190283e+00
1.586086706251078060e-01 9.817494172984597256e+00
3.122182140958424945e-01 9.949069556892006005e+00
2.631358747620000660e-01 1.008064494079941298e+01
1.913302301810047568e-01 1.021222032470682173e+01
1.327041026433560533e-01 1.034379570861422870e+01
1.886034335513466775e-01 1.047537109252163745e+01
2.822234511696054549e-01 1.060694647642904442e+01
2.340500440456479980e-01 1.073852186033645317e+01
1.940570268106628360e-01 1.087009724424386015e+01
3.399406464973646069e-01 1.100167262815126890e+01
3.476665702813953596e-01 1.113324801205867587e+01
2.654082052867149932e-01 1.126482339596608462e+01
2.335955779407049848e-01 1.139639877987349159e+01
5.040029103817827982e-01 1.152797416378090034e+01
4.940046560730366743e-01 1.165954954768830731e+01
3.058556886266406982e-01 1.179112493159571606e+01
2.654082052867149932e-01 1.192270031550312304e+01
2.694984002312018623e-01 1.205427569941053179e+01
1.767873148228283342e-01 1.218585108331793876e+01
2.245062558418447207e-01 1.231742646722534751e+01
1.876945013414606511e-01 1.244900185113275448e+01
1.477014841064754891e-01 1.258057723504016323e+01
2.513197560334824443e-01 1.271215261894757020e+01
2.190526625825285623e-01 1.284372800285497718e+01
1.095263312912628517e-01 1.297530338676238593e+01
1.449746874768174099e-01 1.310687877066979290e+01
1.890578996562896907e-01 1.323845415457720165e+01
