1.544542448224158968e-02 1.611733798431670139e-01
1.243972967777577793e-01 2.975692747506657465e-01
1.620519613316225571e-01 4.339651696581645623e-01
2.466559434172196086e-01 5.703610645656632672e-01
3.096366027826846778e-01 7.067569594731620830e-01
4.445948689075296389e-01 8.431528543806608988e-01
5.578565592219709712e-01 9.795487492881596037e-01
7.757807999394843446e-01 1.115944644195658197e+00
8.584710788726978015e-01 1.252340539103157013e+00
9.785377564657908867e-01 1.388736434010655829e+00
1.119724158257858759e+00 1.525132328918154645e+00
1.120418337678120713e+00 1.661528223825653239e+00
1.425734973027899422e+00 1.797924118733152055e+00
2.208193580216918583e+00 1.934320013640650870e+00
2.452245697659254819e+00 2.070715908548149464e+00
2.561543000045589213e+00 2.207111803455648502e+00
2.519755269292357713e+00 2.343507698363147096e+00
2.192121554672850525e+00 2.479903593270645690e+00
2.825022196886675108e+00 2.616299488178144728e+00
3.414628529426039893e+00 2.752695383085643321e+00
2.571521993225355907e+00 2.889091277993142359e+00
2.139108728377743684e+00 3.025487172900640953e+00
2.647018268518223305e+00 3.161883067808139547e+00
2.250727949371011061e+00 3.298278962715638585e+00
2.484917534064120748e+00 3.434674857623137179e+00
3.358306913226340118e+00 3.571070752530635772e+00
4.493660838018340264e+00 3.707466647438134810e+00
3.703330557808726997e+00 3.843862542345633404e+00
3.060318348071207506e+00 3.980258437253131998e+00
2.852468001641014439e+00 4.116654332160631036e+00
3.994004418023277658e+00 4.253050227068130518e+00
4.961712406863219904e+00 4.389446121975629111e+00
5.606879114618887883e+00 4.525842016883127705e+00
5.841787786036277907e+00 4.662237911790626299e+00
4.427961629939907162e+00 4.798633806698124893e+00
3.642479141189658431e+00 4.935029701605624375e+00
4.280179325048921513e+00 5.071425596513122969e+00
4.111313121344310595e+00 5.207821491420621562e+00
3.975916143068022546e+00 5.344217386328120156e+00
4.064972810913704215e+00 5.480613281235618750e+00
5.178900799388424403e+00 5.617009176143118232e+00
3.353341945244218802e+00 5.753405071050616826e+00
2.849819998708583046e+00 5.889800965958115420e+00
2.590165185214490684e+00 6.026196860865614013e+00
2.837419686855382039e+00 6.162592755773112607e+00
2.995748936294344578e+00 6.298988650680611201e+00
4.289533751238883141e+00 6.435384545588110683e+00
4.962814165211566042e+00 6.571780440495609277e+00
7.021467643531486225e+00 6.708176335403107871e+00
6.235254728757921860e+00 6.844572230310606464e+00
3.991889330687240278e+00 6.980968125218105058e+00
1.445876198743620167e+00 7.117364020125604540e+00
7.157427318132174587e-01 7.253759915033103134e+00
1.784198537025546649e+00 7.390155809940601728e+00
2.551867592498404669e+00 7.526551704848100321e+00
3.301367897867223622e+00 7.662947599755598915e+00
2.643699926177542459e+00 7.799343494663097509e+00
1.129136301876906279e+00 7.935739389570596991e+00
6.763892624375772433e-01 8.072135284478095585e+00
1.018179789252811274e+00 8.208531179385593290e+00
1.250749689458494629e+00 8.344927074293092772e+00
1.718903597493705471e+00 8.481322969200590478e+00
1.762464350027757920e+00 8.617718864108089960e+00
1.867000492893152064e+00 8.754114759015587666e+00
2.439178760578885274e+00 8.890510653923087148e+00
2.860272245072676967e+00 9.026906548830586630e+00
4.708277448986981639e+00 9.163302443738084335e+00
5.290368589090247653e+00 9.299698338645583817e+00
6.399808301292841506e+00 9.436094233553081523e+00
7.382039284315981220e+00 9.572490128460581005e+00
7.270935048610922102e+00 9.708886023368080487e+00
6.996656523578272058e+00 9.845281918275578192e+00
7.547533985508625420e+00 9.981677813183077674e+00
8.229242879205095562e+00 1.011807370809057538e+01
8.651597247808586744e+00 1.025446960299807486e+01
1.001961940876319090e+01 1.039086549790557434e+01
1.059564047517115881e+01 1.052726139281307205e+01
1.065935414828710037e+01 1.066365728772057153e+01
1.148844035298399291e+01 1.080005318262806924e+01
1.177513709952843612e+01 1.093644907753556872e+01
1.145005301078039217e+01 1.107284497244306820e+01
1.138704734974177235e+01 1.120924086735056591e+01
1.148355874546529165e+01 1.134563676225806539e+01
1.131138799099940506e+01 1.148203265716556309e+01
1.040811043660493240e+01 1.161842855207306258e+01
8.267317410558344903e+00 1.175482444698056028e+01
6.591412650055551659e+00 1.189122034188805976e+01
5.821766294445810175e+00 1.202761623679555925e+01
4.816768440000847917e+00 1.216401213170305695e+01
3.854710725458853737e+00 1.230040802661055643e+01
3.361734327652682097e+00 1.243680392151805414e+01
2.943745840638840150e+00 1.257319981642555362e+01
2.929541089046902691e+00 1.270959571133305310e+01
2.996876334371519235e+00 1.284599160624055081e+01
3.201687287806801674e+00 1.298238750114805029e+01
3.068963677449229266e+00 1.311878339605554800e+01
3.283987794638919766e+00 1.325517929096304748e+01
3.565962647250665363e+00 1.339157518587054696e+01
3.875509891368646542e+00 1.352797108077804467e+01
4.096154354444186296e+00 1.366436697568554415e+01
