1.042876361921481099e+01
9.992503306180081424e+00
7.979058217346420179e+00
6.978763446203402054e+00
6.290476820318128937e+00
5.989705179533772572e+00
4.992709930031272059e+00
4.583801636517498501e+00
3.997992030072911263e+00
3.614482997006713383e+00
2.997289738966746775e+00
2.976370093317854071e+00
2.518400408644275945e+00
2.170427714959343835e+00
1.999818490543936012e+00
1.895074134493909934e+00
1.670446439522973670e+00
1.482800433234253035e+00
1.323036940102407133e+00
1.184873207350459978e+00
1.063820479767799920e+00
9.994830608851477116e-01
9.565797491880729808e-01
8.606679900406193351e-01
7.741780927941450674e-01
6.956187756245260090e-01
6.238070024437687433e-01
5.577905648737384592e-01
4.995510833911414039e-01
4.967943014199844853e-01
4.401803363790350865e-01
3.874187205736494555e-01
3.380653501264394567e-01
2.917451296807886951e-01
2.497948824965148251e-01
2.481389736796710821e-01
2.069736562948305547e-01
1.680138030256246306e-01
1.310555115556559791e-01
9.592122558287097256e-02
6.245558195785094746e-02
3.052202094474809613e-02
-2.230216011867014458e-12
