8.058308583276227713e+08
1.144412951042288065e+09
6.224260450755003929e+09
8.142271632769678116e+09
8.474449394015235901e+09
9.598303042966304779e+09
2.019016248739221573e+10
2.343369815678971481e+10
2.558114461465744019e+10
3.106208884836784363e+10
4.923632496151065826e+10
4.984351794044507599e+10
8.872936678731623840e+10
1.266904929493180389e+11
1.085967513605213318e+11
2.742655289297796021e+11
3.353837450787886963e+11
4.354507417575854492e+11
4.265238935750209961e+11
4.867388210194107666e+11
5.716576909880981445e+11
5.258476138975213013e+11
5.054300043758734131e+11
4.940492735792928467e+11
4.980444516544589844e+11
5.333648089119158325e+11
5.652652362879567871e+11
5.806274542001173096e+11
5.972778866505501709e+11
5.977456910234453125e+11
6.030330821538604736e+11
6.068076708871909180e+11
6.120395952597452393e+11
6.199558823581917725e+11
6.277265521880122070e+11
6.280348264473959961e+11
6.319747719879360352e+11
6.369604786763834229e+11
6.452224329589418945e+11
6.599626675752136230e+11
6.768189679994215088e+11
6.977160094906804199e+11
7.236380990590573730e+11
