0.000000000000000000e+00
0.000000000000000000e+00
1.839527134315804020e+07
4.568694350230495632e+07
8.573898066637541354e+07
1.302281262353946120e+08
5.360313669850627780e+08
7.792082225015244484e+08
9.316899789205273390e+08
1.707703208637508869e+09
2.935929358772634983e+09
3.030385569222478867e+09
4.855715327740318298e+09
5.863495929375429153e+09
4.523358103300553322e+09
1.056547854135669708e+10
1.066476790032164192e+10
1.198608372405344391e+10
8.851877114371875763e+09
9.565205881064685822e+09
1.166137954284059715e+10
6.605137079214383125e+09
5.050607387253513336e+09
4.081821381089948177e+09
3.820506963039322853e+09
4.649828455505468369e+09
3.702254627628641605e+09
2.404857579014356136e+09
1.292291180750483990e+09
1.251092836405967951e+09
9.534485915533890724e+08
8.482802685134212971e+08
8.807036089076869488e+08
8.965476937142695189e+08
9.343697527346469164e+08
9.428672609730956554e+08
9.125287920445288420e+08
8.365256219788601398e+08
7.579888863398431540e+08
8.054735633969209194e+08
6.809766279381353855e+08
1.031399852880090475e+09
1.601507694856325865e+09
