0.000000000000000000e+00
0.000000000000000000e+00
8.423842522140085697e+06
4.678212452238277346e+07
7.119710672729709744e+07
1.033548255824093223e+08
4.645139920351493359e+08
7.038636071394436359e+08
1.229299305985649109e+09
2.133891808971205235e+09
2.851416621367670536e+09
2.942588465092669964e+09
5.308219483199574471e+09
6.094134693351327896e+09
7.721075507954771996e+09
1.031335897114878273e+10
1.228972134826499176e+10
8.789042767836862564e+09
8.548365350634620667e+09
1.074716394853185463e+10
7.243491521741931915e+09
5.145091806742014885e+09
4.366618141774262428e+09
5.221791517324557304e+09
3.975483089496447086e+09
2.863648092828815460e+09
2.062451382410011530e+09
1.532077385821167946e+09
1.121057897752002239e+09
1.116862922006848574e+09
1.057045068920103669e+09
1.512119036024777412e+09
1.432041199975441933e+09
1.395632599584202766e+09
1.262977274448122740e+09
1.263559870229022026e+09
9.867918429738090038e+08
7.187600949233728647e+08
8.174086909215861559e+08
1.551978595691636086e+09
3.838159948846415520e+09
1.739359502397382975e+09
1.822451893789433956e+09
