9.062956480980169773e+08
1.190360038302560806e+09
6.194404369098961830e+09
8.062839252089876175e+09
8.565138651350399017e+09
9.498000203862375259e+09
1.991133488406843948e+10
2.391828175096637344e+10
2.768432798465798569e+10
3.445515972373445129e+10
4.847684293946035767e+10
4.927350004281281281e+10
9.508599148336224365e+10
1.380327401382719727e+11
1.998060452996915588e+11
2.968239111440960693e+11
3.558242572269054565e+11
4.244120070436685181e+11
4.516118110608286743e+11
5.459278352528363647e+11
5.468751299139880371e+11
5.504649579867581787e+11
5.505718864524311523e+11
5.507711246132275391e+11
5.469404696657559814e+11
5.735653559699660645e+11
5.851950263885345459e+11
6.082531543769465332e+11
6.176956229558963623e+11
6.178228555594343262e+11
6.256408907760761719e+11
6.419619806110052490e+11
6.536277701285655518e+11
6.663308097946124268e+11
6.752866662801456299e+11
6.756738343810913086e+11
6.827539636222760010e+11
7.016918482639008789e+11
7.280073772026267090e+11
7.544750126784726562e+11
8.072224313167209473e+11
7.927901811487183838e+11
8.138876925624843750e+11
