0.000000000000000000e+00
0.000000000000000000e+00
2.124705068838048726e+07
6.825122881297293305e+07
1.089198113699443638e+08
1.848869101645593941e+08
6.539225066267775297e+08
1.025503509036017418e+09
1.304238426246303082e+09
1.767681240236981153e+09
2.793450882504403114e+09
2.814035820524529934e+09
4.729931043175301552e+09
5.886000890348497391e+09
6.313142087163063049e+09
8.014970000274102211e+09
6.544385230542932510e+09
9.735042798678356171e+09
7.677941337268178940e+09
9.301948382885829926e+09
1.056575402387947083e+10
6.426452840203720093e+09
5.044931845945096970e+09
2.473350031776066303e+09
1.446546884329485893e+09
1.553242150465756655e+09
3.318131393801708698e+09
3.052983607583812237e+09
2.244387123744965076e+09
2.210377625049994469e+09
1.594066286396230698e+09
1.167938577005174637e+09
8.660338543074464798e+08
7.455034603262928724e+08
6.653089575526340008e+08
6.659198151496074200e+08
6.236454694850261211e+08
5.652993940174065828e+08
5.401854207241144180e+08
5.196562054664720893e+08
4.840604145791878104e+08
4.586304630866336226e+08
4.547962929651376605e+08
