1.042876361921475237e+01
9.992503306180029909e+00
7.979058217346445048e+00
6.978763446203260834e+00
6.290476820318049000e+00
5.989705179533818757e+00
4.992709930031309362e+00
4.583801636517530476e+00
3.997992030072849090e+00
3.614482997006570386e+00
2.997289738966751216e+00
2.976370093317882937e+00
2.518400408644554389e+00
2.170427714959779486e+00
1.999818490544244209e+00
1.895074134494675544e+00
1.670446439524066573e+00
1.482800433235077708e+00
1.323036940102197967e+00
1.184873207350139790e+00
1.063820479768224025e+00
9.994830608856564158e-01
9.565797491886072201e-01
8.606679900406324357e-01
7.741779655220353273e-01
6.956187756251077658e-01
6.238070024446435990e-01
5.577905648748353595e-01
4.995510833924716732e-01
4.967943014213087594e-01
4.401803363803158398e-01
3.874187205748822471e-01
3.380653501275865391e-01
2.917451296817705764e-01
2.497948824974571824e-01
2.481389736806123292e-01
2.069736562958548465e-01
1.680138030266404847e-01
1.310555115567895168e-01
9.592122558416105171e-02
6.245558195922984446e-02
3.052202094616296435e-02
-6.961098364399731508e-13
