9.610730811514027119e+08
1.213018416089440584e+09
6.399258961043192863e+09
8.518080049830882072e+09
9.512814264454008102e+09
1.098324606232851028e+10
2.133408315069891357e+10
2.462528807006857300e+10
2.666108412991287613e+10
3.013385513256661224e+10
4.834009271536846924e+10
4.903421758443578339e+10
8.552746046519088745e+10
1.239968843828296509e+11
1.499187014491026306e+11
2.025548166331129456e+11
2.685035751412840576e+11
3.979515867067791748e+11
4.214702302905065918e+11
4.623840083771600342e+11
5.494059145038078613e+11
5.088426640853153076e+11
4.976515976149773560e+11
4.759169947115353394e+11
4.647292742253381958e+11
4.758940498706528320e+11
5.194612153630814209e+11
5.483151662349068604e+11
5.664717934131585693e+11
5.675003826054093018e+11
5.869455266530291748e+11
5.958189818513714600e+11
6.021162394910554199e+11
6.086340476506947021e+11
6.144480262254696045e+11
6.147772194417886963e+11
6.228058923452341309e+11
6.274770451677899170e+11
6.314188030686926270e+11
6.370012578002445068e+11
6.475643811754874268e+11
6.539796505376282959e+11
6.618642553408511963e+11
