4.480492348605741859e-01
4.749700982940175398e-01
6.432254947530519074e-01
7.677344881327420323e-01
8.787830497956726772e-01
9.359898845917199450e-01
1.178277655492625087e+00
1.309516864730615460e+00
1.545074419773218466e+00
1.740250679665671596e+00
2.154158954954762617e+00
2.170984494600659787e+00
2.601718309535963503e+00
3.032452124469804389e+00
3.288200327087007047e+00
3.463185939403909952e+00
3.893919754338257988e+00
4.324653569273651854e+00
4.755387384212013124e+00
5.186121199150220740e+00
5.616855014082350550e+00
5.869238108769307516e+00
6.047588829016192769e+00
6.478322643953708493e+00
6.909056458888366059e+00
7.339790273822373479e+00
7.770524088756736170e+00
8.201257903692049211e+00
8.611801071050770418e+00
8.631991718625805277e+00
9.062725533560895386e+00
9.493459348496376293e+00
9.924193163431228371e+00
1.035492697836695974e+01
1.076883525365838246e+01
1.078566079330441063e+01
1.121639460824096979e+01
1.164712842317891450e+01
1.207786223811532089e+01
1.250859605305118016e+01
1.293932986798765228e+01
1.337006368292439618e+01
1.380079749786011512e+01
