0.000000000000000000e+00
0.000000000000000000e+00
0.000000000000000000e+00
3.014962557787289843e+05
1.311149303266617935e+06
3.997587937966862228e+06
1.397045561366465688e+07
7.969154079867050052e+07
1.660472019308297634e+08
1.811549301983577609e+08
2.381215459722374380e+08
8.310819121042120457e+08
1.058854375035642147e+09
1.004705490265292645e+09
1.001932414606911421e+09
1.342001453014778137e+09
1.217256268794955969e+09
1.166959729417271614e+09
1.156325355578403950e+09
1.634898984191455126e+09
2.176534472813824177e+09
1.849435297369321585e+09
1.096022927857723236e+09
1.268823766043265104e+09
1.939116452332099915e+09
1.793429886680852890e+09
1.435813661062892675e+09
1.576831511918603420e+09
1.569355426623444557e+09
1.100355949146104336e+09
1.175284287588470936e+09
1.181264759394356251e+09
1.145414523117785215e+09
1.091422823834911823e+09
1.113209128736771584e+09
1.111859358785268307e+09
1.202541347592522144e+09
1.281114317532308578e+09
1.177889456310440063e+09
1.216723268277035236e+09
1.530331949111376286e+09
1.921056326170516968e+09
1.438193084312562227e+09
1.006838034286435843e+09
9.194798633712294102e+08
9.078419838449912071e+08
1.057242037720196486e+09
1.061794896967867017e+09
9.421041945434262753e+08
5.995711588789194822e+08
4.402349572224660516e+08
4.229460117765605450e+08
5.367206484518575668e+08
6.442630840899463892e+08
7.751833604036083221e+08
9.940215914251087904e+08
1.155651856141088486e+09
1.376851534562353611e+09
1.586762190812765598e+09
1.730617703289654016e+09
1.604714349156450272e+09
1.431744728233335972e+09
1.303338766529681683e+09
1.271328656188623905e+09
1.298971379406144857e+09
1.329259400785536766e+09
1.324464317450177670e+09
1.155906962063230515e+09
9.924289143190392256e+08
8.435807989011324644e+08
