0.000000000000000000e+00
0.000000000000000000e+00
0.000000000000000000e+00
0.000000000000000000e+00
3.584012366763602942e+07
1.624717103342756033e+08
3.240964913316106200e+08
3.842239834972506166e+08
3.894116246487554312e+08
4.369687356842817068e+08
7.090074356989022493e+08
6.831472706775510311e+08
6.758117046666853428e+08
6.978200401738936901e+08
6.621468655878242254e+08
6.565399678169609308e+08
6.527646513607479334e+08
6.860618734478234053e+08
7.054107911832216978e+08
6.820220372708311081e+08
6.803369594188987017e+08
7.037456622759635448e+08
6.878880447387866974e+08
6.767416412950260639e+08
6.630637561983530521e+08
6.619922166354870796e+08
6.810778587464478016e+08
6.632558141427356005e+08
6.736775977708414793e+08
6.646378839836758375e+08
6.595288897003930807e+08
6.732525186280746460e+08
6.469042846587915421e+08
6.642868294781901836e+08
6.745112488417053223e+08
6.550149298403253555e+08
6.741591115218602419e+08
6.819674465701146126e+08
6.696663334012570381e+08
6.665100049721121788e+08
6.678141275426448584e+08
6.764450654142353535e+08
6.859858762753238678e+08
6.839530237580208778e+08
6.607181176174423695e+08
6.529876250584628582e+08
6.587486859876499176e+08
6.568872495799462795e+08
6.598835681699470282e+08
6.847514492330344915e+08
6.507191286643924713e+08
6.799035189931960106e+08
6.869509427057408094e+08
6.665206613335063457e+08
6.645410549638776779e+08
6.796028767851636410e+08
6.489750696800451279e+08
6.724828114661557674e+08
6.791862191219828129e+08
6.530416483190553188e+08
6.768010143273909092e+08
6.815170546115939617e+08
6.586817116671471596e+08
6.825228581060980558e+08
6.633365641564656496e+08
6.570370829107961655e+08
6.581848920853962898e+08
6.325803452587130070e+08
6.478107955334324837e+08
6.367956082904660702e+08
6.270428536452553272e+08
6.158055055942248106e+08
6.252193566978970766e+08
6.184076250387823582e+08
6.202411269954631329e+08
6.141060683336015940e+08
6.159741367487015724e+08
6.222778255357420444e+08
6.025465371585042477e+08
6.312250787879689932e+08
6.047098491907539368e+08
6.218629640939049721e+08
6.187263744738018513e+08
6.328278455337445736e+08
6.305228771816456318e+08
6.130591999402123690e+08
6.204582683396306038e+08
6.091842923608710766e+08
6.184875895601433516e+08
6.093372925646770000e+08
6.244963786881946325e+08
6.248197196824626923e+08
6.445553901810283661e+08
6.327900516188688278e+08
6.180787710910491943e+08
6.480250520944083929e+08
6.296405324712123871e+08
6.458297464406223297e+08
6.482514823260551691e+08
6.319040437619709969e+08
6.547103369801610708e+08
6.533650991373243332e+08
6.356223658584554195e+08
6.316929815126816034e+08
6.553203167588267326e+08
6.617621908249033689e+08
6.705754924104037285e+08
6.521133705042582750e+08
6.538649699445538521e+08
6.384179282815448046e+08
6.162803413648490906e+08
6.139186314872416258e+08
5.338224719893042445e+08
5.189083465592343807e+08
5.211291674066792727e+08
4.986495381635746956e+08
4.572190272210635543e+08
4.256441164377914667e+08
4.168989598574072123e+08
3.993371398875271678e+08
3.646310265386098623e+08
3.616868725184629560e+08
3.603183687739444971e+08
3.423743480585314035e+08
3.353402268661875725e+08
3.329044273673778176e+08
3.279670553917449713e+08
3.167370744532448053e+08
3.090050714515792131e+08
3.108815596330716610e+08
2.968584536555398703e+08
2.977172252292652130e+08
2.882278258236392140e+08
3.027001064596326351e+08
2.923091825261243582e+08
2.873131935062619448e+08
2.858401416993778944e+08
2.862021886976101398e+08
2.808369691481166482e+08
2.814829617696436644e+08
2.857979620157296658e+08
2.794852865609996915e+08
2.776028411838822961e+08
2.689290772227278948e+08
2.701660471348278522e+08
2.777557767146290541e+08
2.629061019672314525e+08
2.802702939995874166e+08
2.630465433979271352e+08
2.672477747936148047e+08
2.772190339462915659e+08
2.638188441277532578e+08
2.665692686239184141e+08
2.697631974875879288e+08
2.641867015188777745e+08
2.732073072631176114e+08
2.716673010239744782e+08
2.646597863227206469e+08
2.716631672259176970e+08
2.650979631139814258e+08
2.728373883750510812e+08
2.716633034869832397e+08
2.712668281427518129e+08
2.651955336564815640e+08
2.806065682172095180e+08
2.745599129645528197e+08
2.564077262020298243e+08
2.794356469622278214e+08
2.739009758664764166e+08
2.599059613735057116e+08
2.718181280140348673e+08
2.697536173641003966e+08
2.807773505556962490e+08
2.579888247097078264e+08
2.692349904508903027e+08
2.607922683623000383e+08
2.790862651070876122e+08
2.714875686373121142e+08
2.841368639007615447e+08
2.610358977592320442e+08
2.679156928395244479e+08
2.581272837059656978e+08
2.734278241168293953e+08
2.804859233743920922e+08
2.692097941599351168e+08
2.526600450027706623e+08
2.651800852092882991e+08
2.720353226606296897e+08
1.568072222609913945e+08
2.596939050988795701e+06
0.000000000000000000e+00
0.000000000000000000e+00
0.000000000000000000e+00
0.000000000000000000e+00
0.000000000000000000e+00
0.000000000000000000e+00
0.000000000000000000e+00
0.000000000000000000e+00
0.000000000000000000e+00
0.000000000000000000e+00
0.000000000000000000e+00
0.000000000000000000e+00
0.000000000000000000e+00
0.000000000000000000e+00
0.000000000000000000e+00
0.000000000000000000e+00
0.000000000000000000e+00
0.000000000000000000e+00
0.000000000000000000e+00
0.000000000000000000e+00
0.000000000000000000e+00
0.000000000000000000e+00
0.000000000000000000e+00
0.000000000000000000e+00
0.000000000000000000e+00
0.000000000000000000e+00
0.000000000000000000e+00
0.000000000000000000e+00
0.000000000000000000e+00
0.000000000000000000e+00
0.000000000000000000e+00
0.000000000000000000e+00
0.000000000000000000e+00
0.000000000000000000e+00
0.000000000000000000e+00
0.000000000000000000e+00
0.000000000000000000e+00
0.000000000000000000e+00
0.000000000000000000e+00
0.000000000000000000e+00
0.000000000000000000e+00
0.000000000000000000e+00
0.000000000000000000e+00
0.000000000000000000e+00
0.000000000000000000e+00
0.000000000000000000e+00
0.000000000000000000e+00
0.000000000000000000e+00
0.000000000000000000e+00
0.000000000000000000e+00
0.000000000000000000e+00
0.000000000000000000e+00
0.000000000000000000e+00
0.000000000000000000e+00
0.000000000000000000e+00
0.000000000000000000e+00
0.000000000000000000e+00
0.000000000000000000e+00
0.000000000000000000e+00
0.000000000000000000e+00
0.000000000000000000e+00
0.000000000000000000e+00
0.000000000000000000e+00
0.000000000000000000e+00
0.000000000000000000e+00
0.000000000000000000e+00
0.000000000000000000e+00
0.000000000000000000e+00
0.000000000000000000e+00
0.000000000000000000e+00
0.000000000000000000e+00
0.000000000000000000e+00
0.000000000000000000e+00
0.000000000000000000e+00
0.000000000000000000e+00
0.000000000000000000e+00
0.000000000000000000e+00
0.000000000000000000e+00
0.000000000000000000e+00
