nan
nan
4.641442501451820135e-04
1.513317809440195560e-03
1.005223095749638003e-03
1.382823446130549425e-03
1.268750490085717147e-03
1.876178342136917369e-03
1.902282105719880481e-03
1.876213746081657665e-03
2.118018545967494462e-03
1.931369623353824993e-03
1.899483456763269990e-03
2.110423046098944266e-03
2.613209624016934064e-03
1.305153777989440317e-03
1.481187587046762458e-03
1.410802374097724649e-03
1.389546798347179131e-03
3.274237315154649493e-03
2.606305232728372331e-03
3.210102019173712799e-03
2.790986559676206062e-03
2.978879905898253362e-03
3.218824888894330875e-03
3.180597553664379386e-03
3.357752737457903210e-03
3.488481456144420286e-03
3.483854016813450576e-03
3.752836369055050254e-03
4.050353214628152516e-03
4.070224625050928441e-03
3.922405450935514092e-03
3.909044471149216403e-03
3.821554206537409147e-03
3.897909993266893830e-03
4.843618089167047933e-03
5.525213697303033196e-03
5.716675545335241429e-03
5.441776912936658293e-03
5.278391078420266273e-03
4.992996998079139714e-03
4.421097981852604129e-03
4.557141636659281514e-03
4.612447946441622544e-03
4.634163835672559101e-03
5.116761127428372594e-03
5.684713268422157857e-03
5.663367723689543068e-03
5.513499715763448342e-03
5.562298172749014120e-03
5.647413810874610078e-03
5.638530837345805645e-03
5.539761541542569286e-03
5.305981778945680072e-03
5.106163450267990796e-03
4.764818685448694857e-03
4.515843884769947698e-03
4.298508546198016866e-03
4.023169684894733859e-03
3.835323573856404961e-03
3.581340365168985893e-03
3.360787550226187158e-03
3.302659636765688678e-03
3.190536722226517199e-03
3.043189720879552630e-03
2.948962997853583033e-03
2.891889976054558709e-03
2.785416878485642931e-03
2.895616732898892345e-03
