0.000000000000000000e+00
0.000000000000000000e+00
0.000000000000000000e+00
0.000000000000000000e+00
2.269147214913601428e+07
7.287237659408175945e+07
1.262455097583571970e+08
1.751272027440781593e+08
2.216380110578814149e+08
2.746797537600088716e+08
1.065087144417927504e+09
9.223278587483885288e+08
8.058793783060044050e+08
7.356622121496028900e+08
7.303735529919213057e+08
6.747159392403402328e+08
6.302127786421810389e+08
6.054158316427072287e+08
6.043513757140908241e+08
5.855463011401818991e+08
5.941766192363462448e+08
5.845626503376293182e+08
5.851768574146568775e+08
5.796367555641942024e+08
5.855753478269014359e+08
5.822617776719367504e+08
5.675416912943435907e+08
5.683090763121080399e+08
5.640980256297211647e+08
5.664312592588217258e+08
5.585982624498392344e+08
5.664208121039289236e+08
5.614704517891542912e+08
5.470405051416718960e+08
5.496064054071569443e+08
5.318067977128369808e+08
5.338166397048369646e+08
5.437645120306124687e+08
5.358532219690066576e+08
5.259336885737424493e+08
5.245347091455958486e+08
5.190775599163140059e+08
5.259373317697908878e+08
5.206714672957395315e+08
5.252800252313793898e+08
5.061465435976760387e+08
5.326967075754571557e+08
5.166599621395542026e+08
5.109680977985991240e+08
5.207949480404657722e+08
4.902963624053944349e+08
4.993358226606276631e+08
4.991742103222724199e+08
4.947490749923634529e+08
4.950227124332362413e+08
4.787833196580849290e+08
4.825611417428713441e+08
4.973488486603658199e+08
4.765397006522661448e+08
4.801414203728085756e+08
4.808843982532474995e+08
4.713191337775481939e+08
4.799895508215307593e+08
4.664402975454360247e+08
4.647114950200673342e+08
4.605743646912077665e+08
4.659135234086887836e+08
4.632317420563184023e+08
4.547566914513782263e+08
4.480538295996977091e+08
4.522761205523673296e+08
4.470275771359460950e+08
4.485815881803318262e+08
4.440023167716110945e+08
4.520289859198300838e+08
4.400672450236681700e+08
4.321593018550560474e+08
4.393441267393295169e+08
4.309449995290343761e+08
4.201029395030646324e+08
4.244214370163332224e+08
4.250719612318778634e+08
4.268938919541365504e+08
4.287798205025833249e+08
4.179665804000512362e+08
4.313908740653789639e+08
4.088005354939091206e+08
4.182996687337943316e+08
4.250085029580610991e+08
4.131883274788656831e+08
4.139895571478900313e+08
4.163773561666528583e+08
4.162310638412333727e+08
4.018396963868467808e+08
4.084118647068578005e+08
4.104943713712623715e+08
4.066964362137077451e+08
4.178937141441661119e+08
4.063903059073337317e+08
4.009584601817694306e+08
4.061401937235517502e+08
4.068113297480888367e+08
4.114719071018710732e+08
4.071312172548702955e+08
4.053270883344786167e+08
4.046369978189024925e+08
3.973697347723683119e+08
4.025849538095647097e+08
3.918723284080876112e+08
4.076771001184391975e+08
3.819679714076322913e+08
3.899335938438432813e+08
4.010060732866319418e+08
3.974359882182971239e+08
3.892748263726599216e+08
3.845464699740257859e+08
3.948694230471684337e+08
3.796325238073570728e+08
3.935229454324223995e+08
3.807484250960905552e+08
3.744270830645575523e+08
3.759223574105736017e+08
3.883622638556873202e+08
3.704491010111495852e+08
3.832083033240607977e+08
3.674556756805039048e+08
3.690038481126588583e+08
3.788283830493295193e+08
3.744231587251456976e+08
3.679011462554630041e+08
3.509410326722907424e+08
3.748635556771838665e+08
3.651375470239989161e+08
3.554089757025642395e+08
3.427149541000508070e+08
3.622471236951847076e+08
3.472483098402976394e+08
3.381804818203990459e+08
3.398602436186965108e+08
3.484125423452522755e+08
3.435798030554604530e+08
3.251819505305087566e+08
3.368655581374270320e+08
3.365744818568623662e+08
3.228013171098760366e+08
3.183493883642548323e+08
3.333208621703185439e+08
3.123119507564731240e+08
3.181820946544481516e+08
3.267316251571513414e+08
3.041420786406874657e+08
3.009787045715065002e+08
3.010604001023248434e+08
3.274522899547936916e+08
2.954154732876687050e+08
3.098741211232175827e+08
2.940312688212876320e+08
2.954440563966279030e+08
2.914157901138982773e+08
2.987867153220847845e+08
2.797018110656574965e+08
2.972778545354727507e+08
2.783382105434665680e+08
2.938134186363497972e+08
2.880652799467350841e+08
2.693704644144974947e+08
2.620869549455748796e+08
2.896313544578484297e+08
2.700444243624041677e+08
2.906554423636270761e+08
2.656388996905088425e+08
2.645757164160664976e+08
2.763519556009645462e+08
2.714088774954692125e+08
2.735532656600159407e+08
2.728267728885225654e+08
2.638656430926097631e+08
2.592185678806260824e+08
2.708260757859328389e+08
2.727971526342484951e+08
2.645510698322997093e+08
2.615997993232705593e+08
2.621052290984117389e+08
2.636914907364695072e+08
2.695217992352151275e+08
2.583401152628795803e+08
2.691783602277033329e+08
2.706521752830715179e+08
2.592371892729417682e+08
2.586689398169076443e+08
2.664878985722567439e+08
2.531961561138553619e+08
2.748124363923736811e+08
2.679041386610501111e+08
2.532627988554032445e+08
2.597755739370358884e+08
2.632887246903153062e+08
2.559094864103958309e+08
2.613200272054395676e+08
2.616883005157648325e+08
2.590348240925386548e+08
2.727445836401704550e+08
2.528385518273594677e+08
2.667355862140249610e+08
2.588679829490786493e+08
2.602860137189685702e+08
2.574172503869617581e+08
2.516359448973955214e+08
2.658842857878944278e+08
2.591066673507723808e+08
2.530145634476055503e+08
2.594359034650287032e+08
2.549118067695335746e+08
2.540610564443496764e+08
2.627203978020741343e+08
2.588573245981693268e+08
2.606097640352602601e+08
2.635489300092710555e+08
2.460374687511870861e+08
2.520270321302391887e+08
7.016675304379977286e+07
0.000000000000000000e+00
0.000000000000000000e+00
0.000000000000000000e+00
0.000000000000000000e+00
0.000000000000000000e+00
0.000000000000000000e+00
0.000000000000000000e+00
0.000000000000000000e+00
0.000000000000000000e+00
0.000000000000000000e+00
0.000000000000000000e+00
0.000000000000000000e+00
0.000000000000000000e+00
0.000000000000000000e+00
0.000000000000000000e+00
0.000000000000000000e+00
0.000000000000000000e+00
0.000000000000000000e+00
0.000000000000000000e+00
0.000000000000000000e+00
0.000000000000000000e+00
0.000000000000000000e+00
0.000000000000000000e+00
0.000000000000000000e+00
0.000000000000000000e+00
0.000000000000000000e+00
0.000000000000000000e+00
0.000000000000000000e+00
0.000000000000000000e+00
0.000000000000000000e+00
0.000000000000000000e+00
0.000000000000000000e+00
0.000000000000000000e+00
0.000000000000000000e+00
0.000000000000000000e+00
0.000000000000000000e+00
0.000000000000000000e+00
0.000000000000000000e+00
0.000000000000000000e+00
0.000000000000000000e+00
0.000000000000000000e+00
0.000000000000000000e+00
0.000000000000000000e+00
0.000000000000000000e+00
0.000000000000000000e+00
0.000000000000000000e+00
0.000000000000000000e+00
0.000000000000000000e+00
