nan
nan
nan
nan
nan
nan
nan
nan
nan
nan
nan
2.664651455623762762e-03
3.860471583373675190e-03
5.077020185611521609e-03
6.596671113663393933e-03
3.300608709369870584e-03
4.308597800850090184e-03
4.290474264543727052e-03
4.131380836925812976e-03
5.863925265281330623e-03
5.263794874366518016e-03
5.587295338008992258e-03
6.105104482188408212e-03
6.528960465425034769e-03
5.877411141778137761e-03
6.291321057321034096e-03
6.756317844604349532e-03
6.163240863245090378e-03
6.311498060497916160e-03
6.068920492894213509e-03
7.381875321708785027e-03
7.286927520745189492e-03
8.290791627551759302e-03
7.720805882271943726e-03
8.339430927314256739e-03
8.928923232141242061e-03
9.630461072279090581e-03
1.148415147167212123e-02
1.375171213360332038e-02
1.236465778364897843e-02
1.071144947054273287e-02
9.072772720674370656e-03
8.392602144980932516e-03
7.034455364792362338e-03
7.976978761533750142e-03
7.735691174013294494e-03
9.869325053680200882e-03
1.193127558262487529e-02
1.372779738938469801e-02
1.347840938541078164e-02
1.248992820812479254e-02
1.237040532451443194e-02
1.237302466128869897e-02
1.224630662744504925e-02
1.189129220249302357e-02
1.130048516753430314e-02
1.104949577366879342e-02
1.121598552203046696e-02
1.080410606802449658e-02
9.921264646077260219e-03
9.852613396201902532e-03
8.753725247916673696e-03
8.386819526564148405e-03
8.608561177367567499e-03
9.083841103023447897e-03
9.391460096684121558e-03
1.019304062381383436e-02
1.026079584830056658e-02
1.104840020856173201e-02
1.166588185472026799e-02
