0.000000000000000000e+00
0.000000000000000000e+00
0.000000000000000000e+00
0.000000000000000000e+00
0.000000000000000000e+00
0.000000000000000000e+00
0.000000000000000000e+00
0.000000000000000000e+00
9.837654069165328983e+05
5.156047567588016391e+05
3.249735406848931685e+06
8.059892965050408244e+07
3.103499440525879264e+08
3.619754564960612655e+08
2.715065429129743576e+08
6.761738486883226633e+08
1.390157074854246855e+09
1.578336454769555330e+09
1.603011751025956392e+09
1.624493314959300280e+09
6.213595191364749908e+09
9.248827800270336151e+09
9.669438772836059570e+09
1.105116341287350464e+10
1.272133179799487877e+10
1.358538106667013359e+10
1.675356436151000977e+10
1.872464546233139420e+10
1.957191182676985550e+10
2.273320380920535660e+10
2.718116445058474350e+10
2.735956871368352127e+10
2.716653967884668732e+10
2.534488060738744354e+10
2.600722638202931595e+10
2.759543720813052368e+10
3.057182049244013977e+10
3.438029302130815887e+10
3.450609485312072754e+10
2.818456633300439453e+10
2.814092072945692444e+10
2.872496527395472336e+10
2.707133224173087311e+10
3.286270050273894882e+10
4.201013839083315277e+10
4.260932929802478790e+10
4.099531623179897308e+10
4.795447178810050201e+10
4.520165222590158081e+10
3.592768229405611420e+10
3.271924935438283157e+10
3.345051072493747711e+10
3.500214024228902435e+10
3.575395391339923859e+10
3.569963953286052704e+10
3.576764861174360657e+10
3.540792867301518250e+10
3.534036173291158295e+10
3.593897755648294067e+10
3.632719795352047729e+10
3.588061762360689545e+10
3.568227072083544159e+10
3.518931861921653748e+10
3.897330334638081360e+10
4.154872328072936249e+10
4.148792284404917908e+10
4.029913435141065216e+10
4.000488426300624847e+10
4.004064509303362274e+10
4.105626486821081543e+10
