0.000000000000000000e+00
0.000000000000000000e+00
0.000000000000000000e+00
0.000000000000000000e+00
3.430105246608614922e+06
9.847191694398134947e+06
1.784999403827129677e+07
3.011195366587050632e+07
4.714581575819674134e+07
6.370743449416354299e+07
1.140188229914099276e+08
1.380638554638644755e+08
1.489787176805674434e+08
1.518929212767252326e+08
1.568055315184923708e+08
1.565852746073729396e+08
1.680046013044138253e+08
1.849878142295441031e+08
1.908891099838021994e+08
2.010932435390385985e+08
2.191284623522058129e+08
2.205207592821004987e+08
2.300990702729903758e+08
2.354760700250799954e+08
2.505914921484660506e+08
2.496959654492930174e+08
2.674415428506370783e+08
2.963265032078747749e+08
3.084594662428142428e+08
3.298402685411173701e+08
3.466078960127537251e+08
3.672880481742619276e+08
3.630077662598283291e+08
3.786594759808745980e+08
3.982552267231115103e+08
4.056059835527709723e+08
3.973323627935950756e+08
3.967745391362516880e+08
3.857864812952810526e+08
3.971731470818686485e+08
3.936304137300345898e+08
4.033713996814418435e+08
4.001575690342789888e+08
4.110059023953619003e+08
3.943618592614018917e+08
4.064472225170856714e+08
4.092718247948444486e+08
4.096711654485059977e+08
4.131090651112935543e+08
4.105961049190074205e+08
4.088343225597575307e+08
4.111376476483083367e+08
4.021747789470499158e+08
3.937625705984736085e+08
3.994953175628016591e+08
3.984714999893058538e+08
4.023990414361176491e+08
3.992937858787293434e+08
3.984418283737631440e+08
3.787860041102098227e+08
3.721522004649279118e+08
3.954967911953944564e+08
3.596413013691234589e+08
3.586479038419111967e+08
3.423907334223045111e+08
3.520831551700657010e+08
3.387237881927325726e+08
3.344016643079441786e+08
3.077127780547299385e+08
3.090568780883101225e+08
3.024828825229532719e+08
2.985068623732917309e+08
3.020851056282213926e+08
2.970228499128118753e+08
2.879276459844604731e+08
2.745834099194086790e+08
2.630407376265128553e+08
2.555412900763470531e+08
2.509792846129228473e+08
2.396426771144315004e+08
2.122567748156756461e+08
2.179649185027322471e+08
2.224700575502144694e+08
1.947172823594852984e+08
1.986353682347493172e+08
1.890348163569764495e+08
1.842607217919256687e+08
1.721751654358329773e+08
1.706243057558563948e+08
1.625741896807986498e+08
1.536348988827949464e+08
1.471539609556195736e+08
1.348213362358058691e+08
1.230189659572326243e+08
1.270786424638048857e+08
1.153953747945684344e+08
1.243072243617043495e+08
1.104990228639246225e+08
1.193398242950020283e+08
1.096782046564269513e+08
9.895645314158907533e+07
1.049946841998005509e+08
9.707486801563675702e+07
8.795083467220236361e+07
8.821105316478811204e+07
8.201054031708821654e+07
7.637365777546690404e+07
7.667432349846348166e+07
6.757187520652340353e+07
6.610853172941916436e+07
5.871489559757287800e+07
5.583394296891149879e+07
5.199986885533893108e+07
4.936754760325992107e+07
4.640048253356890380e+07
4.417859350299061835e+07
4.515733838217255473e+07
4.131907897111392021e+07
3.493738948689355701e+07
3.622196487738116086e+07
3.580303500135046244e+07
3.166021200639606267e+07
2.480313628447877616e+07
2.728332960390432924e+07
2.524074610536217317e+07
2.541012046810246259e+07
2.377317001761405170e+07
2.253444291458979994e+07
1.712185660089778155e+07
2.384729925641899556e+07
2.117091759330937266e+07
1.830684888158212602e+07
1.686963324446674809e+07
2.094288049657090753e+07
9.601593188635194674e+06
1.478332816038159188e+06
0.000000000000000000e+00
0.000000000000000000e+00
0.000000000000000000e+00
0.000000000000000000e+00
0.000000000000000000e+00
0.000000000000000000e+00
0.000000000000000000e+00
0.000000000000000000e+00
0.000000000000000000e+00
0.000000000000000000e+00
0.000000000000000000e+00
0.000000000000000000e+00
0.000000000000000000e+00
0.000000000000000000e+00
0.000000000000000000e+00
0.000000000000000000e+00
0.000000000000000000e+00
0.000000000000000000e+00
0.000000000000000000e+00
0.000000000000000000e+00
0.000000000000000000e+00
0.000000000000000000e+00
0.000000000000000000e+00
0.000000000000000000e+00
0.000000000000000000e+00
0.000000000000000000e+00
0.000000000000000000e+00
0.000000000000000000e+00
0.000000000000000000e+00
0.000000000000000000e+00
0.000000000000000000e+00
0.000000000000000000e+00
0.000000000000000000e+00
0.000000000000000000e+00
0.000000000000000000e+00
0.000000000000000000e+00
0.000000000000000000e+00
0.000000000000000000e+00
0.000000000000000000e+00
0.000000000000000000e+00
0.000000000000000000e+00
0.000000000000000000e+00
0.000000000000000000e+00
0.000000000000000000e+00
0.000000000000000000e+00
0.000000000000000000e+00
0.000000000000000000e+00
0.000000000000000000e+00
0.000000000000000000e+00
0.000000000000000000e+00
0.000000000000000000e+00
0.000000000000000000e+00
0.000000000000000000e+00
0.000000000000000000e+00
0.000000000000000000e+00
0.000000000000000000e+00
0.000000000000000000e+00
0.000000000000000000e+00
0.000000000000000000e+00
0.000000000000000000e+00
0.000000000000000000e+00
0.000000000000000000e+00
0.000000000000000000e+00
0.000000000000000000e+00
0.000000000000000000e+00
0.000000000000000000e+00
0.000000000000000000e+00
0.000000000000000000e+00
0.000000000000000000e+00
0.000000000000000000e+00
0.000000000000000000e+00
0.000000000000000000e+00
0.000000000000000000e+00
0.000000000000000000e+00
0.000000000000000000e+00
0.000000000000000000e+00
0.000000000000000000e+00
0.000000000000000000e+00
0.000000000000000000e+00
0.000000000000000000e+00
0.000000000000000000e+00
0.000000000000000000e+00
0.000000000000000000e+00
0.000000000000000000e+00
0.000000000000000000e+00
0.000000000000000000e+00
0.000000000000000000e+00
0.000000000000000000e+00
0.000000000000000000e+00
0.000000000000000000e+00
0.000000000000000000e+00
0.000000000000000000e+00
0.000000000000000000e+00
0.000000000000000000e+00
0.000000000000000000e+00
0.000000000000000000e+00
0.000000000000000000e+00
0.000000000000000000e+00
0.000000000000000000e+00
0.000000000000000000e+00
0.000000000000000000e+00
0.000000000000000000e+00
0.000000000000000000e+00
0.000000000000000000e+00
0.000000000000000000e+00
0.000000000000000000e+00
0.000000000000000000e+00
0.000000000000000000e+00
0.000000000000000000e+00
0.000000000000000000e+00
0.000000000000000000e+00
0.000000000000000000e+00
0.000000000000000000e+00
0.000000000000000000e+00
0.000000000000000000e+00
0.000000000000000000e+00
0.000000000000000000e+00
0.000000000000000000e+00
0.000000000000000000e+00
0.000000000000000000e+00
0.000000000000000000e+00
0.000000000000000000e+00
0.000000000000000000e+00
0.000000000000000000e+00
0.000000000000000000e+00
0.000000000000000000e+00
0.000000000000000000e+00
0.000000000000000000e+00
0.000000000000000000e+00
0.000000000000000000e+00
0.000000000000000000e+00
0.000000000000000000e+00
0.000000000000000000e+00
