0.000000000000000000e+00
0.000000000000000000e+00
0.000000000000000000e+00
0.000000000000000000e+00
6.981069568134285510e+06
2.521519764258840308e+07
5.438314052507396787e+07
8.406948615491017699e+07
1.016405279628448188e+08
1.292791878097649217e+08
2.125249412072467208e+08
2.472489250999253094e+08
2.553143002382923663e+08
2.645814744253004491e+08
2.613127424436399341e+08
2.607165085638301969e+08
2.868759630403299332e+08
2.943122899677999020e+08
2.985890113546856046e+08
3.042007759425119162e+08
3.067944313815964460e+08
3.190500481032236218e+08
3.309825956964501739e+08
3.396712922953559160e+08
3.567539634813040495e+08
3.619854928195238709e+08
3.643909135544899702e+08
3.683835513230975866e+08
3.735564617173771858e+08
3.634462880385472775e+08
3.716840979251927137e+08
3.739844640727553964e+08
3.635140208271713257e+08
3.590545524752907157e+08
3.757415684324671030e+08
3.711066495727008581e+08
3.862521202487672567e+08
3.919451650284863114e+08
3.955843448122049570e+08
4.049928890637500286e+08
4.171442525235678554e+08
4.218665715173383355e+08
4.481781369188999534e+08
4.406370540938085914e+08
4.581981997147558928e+08
4.721946268118590117e+08
4.869642588388962150e+08
4.889055782738270760e+08
4.978076410427702665e+08
5.221749355567269921e+08
5.127825805773653984e+08
5.390438859070171118e+08
5.420264072921575308e+08
5.415753521964513063e+08
5.436437328402563334e+08
5.611967640508508682e+08
5.428418244287867546e+08
5.626936947718727589e+08
5.726524447926059961e+08
5.603983638178110123e+08
5.785374315031037331e+08
5.857672910909316540e+08
5.770654981146111488e+08
5.942935546488392353e+08
5.784990114297740459e+08
5.863597441320196390e+08
5.925737923975410461e+08
5.702796761327115297e+08
5.919393986909475327e+08
5.826807012547440529e+08
5.829739451259107590e+08
5.701339403879790306e+08
5.867731085258581638e+08
5.683530472640359402e+08
5.819022521976749897e+08
5.711242966856448650e+08
5.747550009205576181e+08
5.821505162531098127e+08
5.613546694941318035e+08
5.891984118123375177e+08
5.711638202076460123e+08
5.849704734274110794e+08
5.813412526316606998e+08
5.862670190675506592e+08
5.822783878716490269e+08
5.780589722312496901e+08
5.915540725483232737e+08
5.781176838327144384e+08
5.906214993495335579e+08
5.804772931622364521e+08
5.832429730328180790e+08
5.852030917282481194e+08
5.907508345811638832e+08
5.830621649470762014e+08
5.677336625704710484e+08
5.935279303589149714e+08
5.682396650013055801e+08
5.646816612500705719e+08
5.700576301846089363e+08
5.494562117944509983e+08
5.521127001640470028e+08
5.403241107873624563e+08
5.293794157836632729e+08
5.294179212334446907e+08
5.156495096247346997e+08
5.004099797346636057e+08
5.183029297819847465e+08
4.878592131517894268e+08
4.933743979894900322e+08
4.723438090531427860e+08
4.830212992988135815e+08
4.796182473276131749e+08
4.368997536873673201e+08
4.382398274188827872e+08
4.483996442126762867e+08
4.310021311238621473e+08
4.040942760462613106e+08
3.975309301276848912e+08
3.995414026785595417e+08
3.879116097647259235e+08
3.576047775953183174e+08
3.561850408092556000e+08
3.581770478960666060e+08
3.393958361474730968e+08
3.339133850724030733e+08
3.291085451546130776e+08
3.236614940895572901e+08
3.123270094175765514e+08
3.052278175391690731e+08
3.091762477140710950e+08
2.940956925971487761e+08
2.942787392466834784e+08
2.852492795174556971e+08
2.996458328987501860e+08
2.878281403621284962e+08
2.817866772743386626e+08
2.815890808443796635e+08
2.806470405238013268e+08
2.758869205067830086e+08
2.777539245312629938e+08
2.798798328146690130e+08
2.733932822579364777e+08
2.700940699159054756e+08
2.608675420766189396e+08
2.621236951980150044e+08
2.702216078554461002e+08
2.570100043809259832e+08
2.726451115563669801e+08
2.570685784640620947e+08
2.599193532491886914e+08
2.693632975660123825e+08
2.555349626029337049e+08
2.582076769402153492e+08
2.608186579133392572e+08
2.564947840703431070e+08
2.641142590780816972e+08
2.633662980285820663e+08
2.548273370117769837e+08
2.623563694332420826e+08
2.558859890341495872e+08
2.623012162523734868e+08
2.608267152218432426e+08
2.606942741774117649e+08
2.484162863730941713e+08
2.687282939763045311e+08
2.644751481301242709e+08
2.435120708491706848e+08
2.642712493858292103e+08
2.567205846480682492e+08
2.475004794680618048e+08
2.567535789750147760e+08
2.546063452165808082e+08
2.662506472293982506e+08
2.417449168542056084e+08
2.542599414169720411e+08
2.489738209773695469e+08
2.612977671280248165e+08
2.530195038628140688e+08
2.635589176448761225e+08
2.440962732810127139e+08
2.510185772130026817e+08
2.396720517119374871e+08
2.538391080032148063e+08
2.578582160432950854e+08
2.504574830897530317e+08
2.352790861378303766e+08
2.426184718036877513e+08
2.502060289848918617e+08
1.448174524394678175e+08
2.596939050988795701e+06
0.000000000000000000e+00
0.000000000000000000e+00
0.000000000000000000e+00
0.000000000000000000e+00
0.000000000000000000e+00
0.000000000000000000e+00
0.000000000000000000e+00
0.000000000000000000e+00
0.000000000000000000e+00
0.000000000000000000e+00
0.000000000000000000e+00
0.000000000000000000e+00
0.000000000000000000e+00
0.000000000000000000e+00
0.000000000000000000e+00
0.000000000000000000e+00
0.000000000000000000e+00
0.000000000000000000e+00
0.000000000000000000e+00
0.000000000000000000e+00
0.000000000000000000e+00
0.000000000000000000e+00
0.000000000000000000e+00
0.000000000000000000e+00
0.000000000000000000e+00
0.000000000000000000e+00
0.000000000000000000e+00
0.000000000000000000e+00
0.000000000000000000e+00
0.000000000000000000e+00
0.000000000000000000e+00
0.000000000000000000e+00
0.000000000000000000e+00
0.000000000000000000e+00
0.000000000000000000e+00
0.000000000000000000e+00
0.000000000000000000e+00
0.000000000000000000e+00
0.000000000000000000e+00
0.000000000000000000e+00
0.000000000000000000e+00
0.000000000000000000e+00
0.000000000000000000e+00
0.000000000000000000e+00
0.000000000000000000e+00
0.000000000000000000e+00
0.000000000000000000e+00
0.000000000000000000e+00
0.000000000000000000e+00
0.000000000000000000e+00
0.000000000000000000e+00
0.000000000000000000e+00
0.000000000000000000e+00
0.000000000000000000e+00
0.000000000000000000e+00
0.000000000000000000e+00
0.000000000000000000e+00
0.000000000000000000e+00
0.000000000000000000e+00
0.000000000000000000e+00
0.000000000000000000e+00
0.000000000000000000e+00
0.000000000000000000e+00
0.000000000000000000e+00
0.000000000000000000e+00
0.000000000000000000e+00
0.000000000000000000e+00
0.000000000000000000e+00
0.000000000000000000e+00
0.000000000000000000e+00
0.000000000000000000e+00
0.000000000000000000e+00
0.000000000000000000e+00
0.000000000000000000e+00
0.000000000000000000e+00
0.000000000000000000e+00
0.000000000000000000e+00
0.000000000000000000e+00
0.000000000000000000e+00
