0.000000000000000000e+00
0.000000000000000000e+00
0.000000000000000000e+00
0.000000000000000000e+00
5.511013957291573286e+06
1.670256642228680290e+07
3.467405527537890524e+07
5.980309665233946592e+07
7.766121214716318250e+07
1.001288919752609581e+08
1.639233505505199432e+08
1.931300163340326250e+08
2.083519048268978298e+08
2.093000477365941405e+08
2.017805287967661619e+08
2.131858498665078282e+08
2.405532597253084779e+08
2.477303974027112722e+08
2.588270299535142779e+08
2.657937918403523564e+08
2.674898686993120313e+08
2.764546719208510518e+08
2.891782634940240383e+08
2.985131633681923151e+08
3.216792792513816357e+08
3.249687081594347954e+08
3.277302631778699756e+08
3.341600470292927623e+08
3.359495948482120037e+08
3.330589783982648849e+08
3.448778901761044264e+08
3.474741602318906784e+08
3.415006591621767282e+08
3.362754338445785046e+08
3.501862488982592821e+08
3.487209313039959669e+08
3.606590183430165052e+08
3.651639553856278658e+08
3.734425240206942558e+08
3.780286794627911448e+08
3.888578678160325289e+08
3.923515361383147240e+08
4.136676406326730251e+08
4.128323641279089451e+08
4.240911015187861919e+08
4.355209803003754020e+08
4.484652422584227920e+08
4.491152457080076933e+08
4.534659619654353857e+08
4.736399662611680031e+08
4.614657246064387560e+08
4.840409646643292904e+08
4.930794180383656025e+08
4.795327942934283018e+08
4.807336599554972649e+08
4.978723020683164001e+08
4.776300488429318666e+08
4.998899045096685886e+08
4.955269165910395980e+08
4.947368107158556581e+08
5.013776391319885254e+08
5.087675667730035782e+08
4.904268616761045456e+08
5.189672580793422461e+08
4.952701913624279499e+08
4.930202562331035137e+08
4.998581020404741764e+08
4.837380200484092236e+08
4.926614719568660855e+08
4.767668387022935152e+08
4.808482979407986999e+08
4.620829745709421635e+08
4.683329230713841319e+08
4.567923533920773268e+08
4.523352352240806818e+08
4.452216489477657676e+08
4.456164971863516569e+08
4.400560048639140725e+08
4.296770827981513143e+08
4.462752482716670036e+08
4.240928975950610638e+08
4.303097200184403658e+08
4.258216322420405149e+08
4.239457048482307196e+08
4.213277548797612190e+08
4.090687780811483264e+08
4.063326869918159246e+08
4.083355673178995848e+08
4.148261400871379375e+08
4.061696096242218018e+08
4.034704526476226449e+08
4.003866347656285763e+08
4.119175865206595063e+08
3.937085714745687246e+08
3.951402925681423545e+08
4.070334723327464461e+08
3.850091571570681334e+08
3.815272956333315969e+08
3.748335077876751423e+08
3.656373036827950478e+08
3.607983704727042913e+08
3.448615958464667797e+08
3.333513427793784142e+08
3.300930682973988056e+08
3.157501163994791508e+08
2.932418429181798697e+08
2.981074480868445635e+08
2.731379370896862745e+08
2.685708544595172405e+08
2.540547000538858175e+08
2.440790500619362593e+08
2.356204977119395137e+08
2.110048679897483587e+08
2.002571706202960610e+08
1.910752999982371032e+08
1.811061520182095170e+08
1.634423539698266983e+08
1.427874361142112017e+08
1.282526785949347913e+08
1.229688285375518501e+08
1.058035567640805542e+08
9.667487679742026329e+07
8.357745713918988407e+07
8.066224369828653336e+07
6.390189363138850033e+07
6.979616363385410607e+07
5.518483998218564689e+07
4.372466464932274818e+07
3.925269622193751484e+07
3.931760085256426036e+07
3.742410273078570515e+07
2.939203185543447360e+07
2.578763289348739386e+07
2.976407353547135741e+07
2.750122334402683750e+07
2.153033334028254822e+07
2.075610220736692101e+07
2.261180302933061123e+07
1.455100619368562847e+07
1.277557955283072032e+07
1.017365094975334965e+07
1.303074359921129979e+07
9.099320249069940299e+06
7.803204468553480692e+06
9.217170810912400484e+06
6.997501899663306773e+06
6.567307989696389996e+06
5.571705492484070361e+06
7.110374452750049531e+06
6.122296067066104151e+06
9.937756967440895736e+06
6.718486578208191320e+06
6.895144203703709878e+06
6.907259639607314020e+06
5.738821147590369917e+06
5.857865964274460450e+06
3.393478596866771579e+06
5.661584520951336250e+06
7.736430128866237588e+06
5.936600612945763394e+06
5.284701556062880903e+06
7.060669497022953816e+06
7.065706023775442503e+06
6.893423501040364616e+06
6.673799055414309725e+06
4.664379717952854931e+06
7.031056212959982455e+06
4.625018389794890769e+06
6.795488704561742023e+06
6.496702831626635045e+06
6.410195616903077811e+06
5.273701775335311890e+06
6.572830462439047173e+06
4.312482286663488485e+06
8.057623096098107286e+06
5.833197385312103666e+06
3.652187565535627306e+06
4.986483869319986552e+06
5.420866282102979720e+06
6.577184343704261817e+06
6.799556862433688715e+06
6.131126350572886877e+06
6.176225260894047096e+06
4.297536371661531739e+06
5.972435656704163179e+06
5.232927863769095391e+06
3.704625797346964478e+06
5.185415961675132625e+06
1.849601942462640116e+06
0.000000000000000000e+00
0.000000000000000000e+00
0.000000000000000000e+00
0.000000000000000000e+00
0.000000000000000000e+00
0.000000000000000000e+00
0.000000000000000000e+00
0.000000000000000000e+00
0.000000000000000000e+00
0.000000000000000000e+00
0.000000000000000000e+00
0.000000000000000000e+00
0.000000000000000000e+00
0.000000000000000000e+00
0.000000000000000000e+00
0.000000000000000000e+00
0.000000000000000000e+00
0.000000000000000000e+00
0.000000000000000000e+00
0.000000000000000000e+00
0.000000000000000000e+00
0.000000000000000000e+00
0.000000000000000000e+00
0.000000000000000000e+00
0.000000000000000000e+00
0.000000000000000000e+00
0.000000000000000000e+00
0.000000000000000000e+00
0.000000000000000000e+00
0.000000000000000000e+00
0.000000000000000000e+00
0.000000000000000000e+00
0.000000000000000000e+00
0.000000000000000000e+00
0.000000000000000000e+00
0.000000000000000000e+00
0.000000000000000000e+00
0.000000000000000000e+00
0.000000000000000000e+00
0.000000000000000000e+00
0.000000000000000000e+00
0.000000000000000000e+00
0.000000000000000000e+00
0.000000000000000000e+00
0.000000000000000000e+00
0.000000000000000000e+00
0.000000000000000000e+00
0.000000000000000000e+00
0.000000000000000000e+00
0.000000000000000000e+00
0.000000000000000000e+00
0.000000000000000000e+00
0.000000000000000000e+00
0.000000000000000000e+00
0.000000000000000000e+00
0.000000000000000000e+00
0.000000000000000000e+00
0.000000000000000000e+00
0.000000000000000000e+00
0.000000000000000000e+00
0.000000000000000000e+00
0.000000000000000000e+00
0.000000000000000000e+00
0.000000000000000000e+00
0.000000000000000000e+00
0.000000000000000000e+00
0.000000000000000000e+00
0.000000000000000000e+00
0.000000000000000000e+00
0.000000000000000000e+00
0.000000000000000000e+00
0.000000000000000000e+00
0.000000000000000000e+00
0.000000000000000000e+00
0.000000000000000000e+00
0.000000000000000000e+00
0.000000000000000000e+00
0.000000000000000000e+00
0.000000000000000000e+00
0.000000000000000000e+00
