0.000000000000000000e+00
0.000000000000000000e+00
2.124209776271368610e+05
3.639319671504521975e+05
1.377669130079941591e+06
1.914857225139433052e+06
9.133160271943802014e+06
4.218072576039695740e+07
7.232842815408092737e+07
7.565366889488203824e+07
1.474115583172231019e+08
5.269749213130811453e+08
1.641473548205509424e+09
2.589935486276501656e+09
2.657295119927890301e+09
3.897691889142192841e+09
6.532534074119242668e+09
8.140245743220459938e+09
8.451441306963265419e+09
6.602670980898462296e+09
1.759833029051411057e+10
2.199891969793134308e+10
2.543214055179351044e+10
2.927634061579664230e+10
3.381704895143725586e+10
3.665055146774188995e+10
4.050236832536295319e+10
4.450422033906118011e+10
4.664560040473239136e+10
4.977335966306752777e+10
5.512179245592855835e+10
5.578873185690452576e+10
5.825922089789392090e+10
5.902740055804259491e+10
5.874975918518601990e+10
5.962797904474386597e+10
6.239555714405848694e+10
6.690148303515328217e+10
7.297744704949555969e+10
7.557838414754092407e+10
7.695090740814353943e+10
7.458880843887683105e+10
6.789193032364461517e+10
6.750274936757873535e+10
7.183010414034925842e+10
7.219132222844583130e+10
7.184847035302714539e+10
8.115836507154696655e+10
8.352754917068827820e+10
8.269153109606443787e+10
8.120386398859834290e+10
7.845685385921937561e+10
7.623168952872061157e+10
7.444729657685415649e+10
7.283718405546293640e+10
7.167955125374597168e+10
7.098075475770268250e+10
7.030633564907012939e+10
6.998399719537081909e+10
6.944998285020991516e+10
6.828328775202644348e+10
6.749002575064615631e+10
6.656331117146706390e+10
6.975186747625872803e+10
7.112903564285931396e+10
7.196033121162350464e+10
7.293284057518756104e+10
7.442230849105250549e+10
7.527299126640724182e+10
7.664106129743214417e+10
