0.000000000000000000e+00
0.000000000000000000e+00
0.000000000000000000e+00
0.000000000000000000e+00
0.000000000000000000e+00
0.000000000000000000e+00
0.000000000000000000e+00
1.340885011593398231e+05
7.199000293896589428e+05
9.169948459265206475e+05
3.869976771142435819e+07
3.720008489682047069e+07
1.853718949840235338e+07
7.256022935136307031e+06
3.836999308791056275e+06
1.787119318599350518e+06
1.361420856337002479e+06
1.474443776704546064e+06
4.259433453301636036e+05
0.000000000000000000e+00
4.265424380880192621e+05
6.432671515266397037e+05
7.293743769869559910e+05
1.537241041011565540e+05
0.000000000000000000e+00
7.246616645537377335e+05
6.363145006008765195e+05
6.390862130130624864e+05
4.279327776113006985e+05
2.126690176686889608e+05
8.594320789482396794e+05
8.169377065000357106e+05
9.164511003756197169e+05
2.133426481653166120e+05
6.435599280275325291e+05
4.248639090016154805e+05
1.238052933700602502e+06
1.163124676586576505e+06
9.923099324898528866e+05
2.242321765934599098e+06
1.496461713542921003e+06
3.810254456591666676e+06
2.573816297687279992e+06
3.102518716756083537e+06
3.415560446880226955e+06
3.767866143263329752e+06
5.130464972194482572e+06
4.910301119265900925e+06
4.195493364501937293e+06
3.702922938147868030e+06
5.754033229327716865e+06
4.924731597860004753e+06
3.708764182341465261e+06
3.091826689157550223e+06
5.101321932149463333e+06
4.020484335560653824e+06
3.598245729996660724e+06
5.275974851690033451e+06
7.199574904564898461e+06
5.488446368529112078e+06
7.921030168364259414e+06
5.714798974543686025e+06
9.770156271297512576e+06
7.418160132464363240e+06
8.841869994152856991e+06
8.790015968275737017e+06
9.483920267010761425e+06
9.779256742018274963e+06
1.142667466048759036e+07
1.010431030818797089e+07
1.191410002789140679e+07
9.664065284647338092e+06
1.186162077614561096e+07
1.211298711437369883e+07
1.391947531653636880e+07
1.502749433956135437e+07
1.565034000892690197e+07
1.846380705313310027e+07
1.786865922064504400e+07
1.981664422222476453e+07
2.207492400683557242e+07
2.167354322279613093e+07
2.691739729667945951e+07
2.376146886370598897e+07
3.050929442848007381e+07
3.267523876891884953e+07
3.495532740475734323e+07
3.661148251400242746e+07
3.576328245023050159e+07
4.507358565121237934e+07
4.744601377242561430e+07
4.986587309602341056e+07
5.018326084606459737e+07
5.249579799088707566e+07
5.857507876411430538e+07
5.247065303356830776e+07
5.483844849961009622e+07
5.973765213775552809e+07
6.833949974671751261e+07
6.618668674527793378e+07
7.298205443481579423e+07
7.037962592460182309e+07
7.052677872224369645e+07
7.191897165161404014e+07
7.738302498212485015e+07
8.260640178452566266e+07
7.725630844293907285e+07
8.644548281008832157e+07
8.912543880300742388e+07
9.908401539051826298e+07
9.825848047083288431e+07
1.073023007762100101e+08
1.161661873048693836e+08
1.221189375378558040e+08
1.303146794852887839e+08
1.210853545672715306e+08
1.408206775914850831e+08
1.405717208808149099e+08
1.408512889351794124e+08
1.517032798264912665e+08
1.544173231500737071e+08
1.615220627155655026e+08
1.688878394176903963e+08
1.662498225497840047e+08
1.696506084079328179e+08
1.722472376748291850e+08
1.875513900159575939e+08
1.806240128478968740e+08
1.986165743072562516e+08
1.945579446172533035e+08
2.093301921728532314e+08
1.975435055878269970e+08
2.128747615777826309e+08
2.023750867794522643e+08
2.199515251473062038e+08
2.169009937608521581e+08
2.176869848212700486e+08
2.095252891845659018e+08
2.351844060776537061e+08
2.207784576254153550e+08
2.339470470150034428e+08
2.282425990043660998e+08
2.262625944208402038e+08
2.369135719658639133e+08
2.389416930637646317e+08
2.504725059257671535e+08
2.250157557673912048e+08
2.419285102819202244e+08
2.387225889592539966e+08
2.432175477542849481e+08
2.342280665243105888e+08
2.429886521541151702e+08
2.529372651252718866e+08
2.421342883305416703e+08
2.429205902596141398e+08
2.562011431527376771e+08
2.439665396835083067e+08
2.461930673239874840e+08
2.508329653876001835e+08
2.622478141073666215e+08
2.552180470726095438e+08
2.547251548836237490e+08
2.493952622087376714e+08
2.601432698182129562e+08
2.483990369241943657e+08
2.564259617665618658e+08
2.541259578074740171e+08
2.560558191754745245e+08
2.526466740998935103e+08
2.474093927417093813e+08
2.568776842064495385e+08
2.511872542023169398e+08
2.633347342321286500e+08
2.456793141565033793e+08
2.671307631854538023e+08
2.430997823685610294e+08
2.527245874587385654e+08
2.597834148512241542e+08
2.543259704621680379e+08
2.556838223838738799e+08
2.483840997547695637e+08
2.671889010190309584e+08
2.502141798973217309e+08
2.460184196960046589e+08
2.555199302545501590e+08
2.496829277556679547e+08
2.483002508431850374e+08
2.529280745599089563e+08
2.482412633277420998e+08
2.574315399139319360e+08
2.252063258100182414e+08
2.545755765353945196e+08
2.438140242306016684e+08
2.441524530517129302e+08
2.478846586690023541e+08
2.427085997978737354e+08
2.457634234597028494e+08
2.482051942465368509e+08
2.350248641890587509e+08
2.399006473512459397e+08
2.489871096400446296e+08
2.438146754514203668e+08
2.339663707338089943e+08
2.352057405124079883e+08
2.352034869788950682e+08
2.381849757642101645e+08
2.366385120699954033e+08
2.398794374615234137e+08
2.278981966155778170e+08
2.344763421990665495e+08
2.341083005636389256e+08
2.337436372493276000e+08
2.351944727964870930e+08
2.147353282633999586e+08
2.246956963126157224e+08
2.189111311198676527e+08
2.277904441419729590e+08
2.178488714640304446e+08
2.158838052726522386e+08
2.284992841318124831e+08
2.079511396043807864e+08
2.150534969741368294e+08
2.157542196867874265e+08
2.214852503972291350e+08
2.139198272700877786e+08
2.136115741717433929e+08
2.184127127347062528e+08
2.048692228630238175e+08
2.112209316107807755e+08
2.251084015828390121e+08
1.921610661143915951e+08
1.974050794807418585e+08
2.130929304719989896e+08
2.174359044344004989e+08
1.988775411200542450e+08
1.954518009457337260e+08
1.962917960831202865e+08
1.815679527409875393e+08
1.975177485230052173e+08
1.875710785690169036e+08
1.929413550170693099e+08
1.862342449563933015e+08
1.830215592544910312e+08
1.838692154967236519e+08
1.817564209506339431e+08
1.764646252531943619e+08
1.755644781537107825e+08
1.713554046556522250e+08
1.774144289728574753e+08
1.680579911738356948e+08
1.701475368327432275e+08
1.675785969403768182e+08
1.588502620976693630e+08
1.620746868440725505e+08
1.576151127646579146e+08
1.584308982241003513e+08
1.560748647579724789e+08
1.559453971545025110e+08
1.533946922118527293e+08
1.436562977973893881e+08
1.426962145705733597e+08
1.459537300594207942e+08
1.469608590062396526e+08
1.455828031503309608e+08
1.411862155740385652e+08
1.444096981330282986e+08
1.371181750903953314e+08
1.342237787550357878e+08
1.240434076167707145e+08
