nan
nan
5.939691061432186359e-04
6.091570999471163745e-04
5.094714916224516799e-04
5.691729558894606349e-04
5.727942869013993984e-04
8.380868754297128098e-04
1.053873148316568755e-03
1.118737285858215861e-03
1.186205387533378940e-03
1.102303642714019599e-03
1.686063315737381567e-03
2.485325649609214545e-03
3.429466251678283620e-03
1.398572792915936738e-03
1.984500659815970243e-03
2.364498952702885799e-03
2.336580579509104760e-03
4.717490822585217354e-03
4.174173337280492370e-03
6.625512827038383158e-03
5.665353828762067362e-03
6.454796216089464522e-03
5.829380939006459719e-03
5.784467982251580154e-03
6.318350238304025306e-03
6.690393805157931854e-03
6.780352760319549414e-03
7.598058285525019842e-03
8.542141586990978017e-03
8.450161556101877525e-03
7.637162669790997262e-03
8.564703348287874135e-03
8.621587084160492812e-03
9.283823987864573204e-03
1.139413309710718934e-02
1.198621249539477338e-02
1.105895060597765316e-02
1.001846695000841239e-02
9.649076911548370994e-03
7.034370647786817969e-03
7.101626203430948941e-03
8.535067276324732541e-03
9.517126136031013595e-03
9.117395340162310138e-03
1.158408545033555448e-02
9.790455296416101724e-03
1.003936306237663591e-02
9.752275204849508369e-03
9.206085689419286552e-03
9.383016445661208557e-03
1.015448511230531738e-02
1.064150854522873287e-02
1.024132669473246451e-02
1.070022712388958054e-02
1.025445775422335892e-02
1.168396843988191158e-02
1.053474260715347825e-02
7.867741351831238766e-03
5.790966036222588986e-03
3.792054713515595130e-03
6.104118649030845084e-03
5.531806473325930756e-03
4.756962189605323625e-03
4.318351883410676863e-03
5.313080399029913685e-03
4.736890201888028541e-03
7.134732047670199785e-03
1.008144833484842483e-02
