nan
nan
4.641442501451820135e-04
1.513317809440195560e-03
1.005223095749638003e-03
1.382823446130549425e-03
1.268750490085717147e-03
1.876178342136917369e-03
1.894062533047920216e-03
1.876846954423728791e-03
2.116998708893985323e-03
1.831151085826374265e-03
1.698330889444746436e-03
1.896825681374372926e-03
2.419426908301279804e-03
1.106684864050179419e-03
1.244713673617917028e-03
1.220088421557537391e-03
1.201027241647338118e-03
2.975363182012463227e-03
2.067151473215417517e-03
2.707973739474307112e-03
2.597135440296254733e-03
2.624299493336491526e-03
2.800707338757569241e-03
2.739810178705882199e-03
3.031865709831670346e-03
3.173448678163346814e-03
3.066303517710972006e-03
3.109530139132718907e-03
3.490417330111277288e-03
3.524028884419969348e-03
3.453696571641913082e-03
3.247661460007861874e-03
2.938368046385062687e-03
2.711038542141297816e-03
3.207907541134548488e-03
4.005220102760816657e-03
5.213500692900842858e-03
4.775971055115986810e-03
4.062975942174217037e-03
3.545325755905259172e-03
3.124482365410480994e-03
3.146969480921875135e-03
3.285747641332910710e-03
3.314423169570731523e-03
3.837428350737430351e-03
4.684966716305211804e-03
5.132060869483826872e-03
4.574231462311817084e-03
4.339352309350205487e-03
4.240811006511913984e-03
4.194606840839618447e-03
4.094018700152460798e-03
3.876050233633752343e-03
3.579010145582098984e-03
3.273458783794642828e-03
3.039338961004738830e-03
2.869298826570607693e-03
2.685092964720476282e-03
2.507741735507543288e-03
2.357762381361692017e-03
2.259373838349061463e-03
2.143877070960607378e-03
2.100145960216036334e-03
2.151155059435855190e-03
2.171568392538998724e-03
2.141701117537140805e-03
2.095159768699156062e-03
2.033941877835838356e-03
