0.000000000000000000e+00
0.000000000000000000e+00
0.000000000000000000e+00
0.000000000000000000e+00
0.000000000000000000e+00
0.000000000000000000e+00
0.000000000000000000e+00
1.469286193479930284e+06
7.340877000908054411e+06
1.659295710929777659e+07
1.314756023626651019e+08
1.866245308152866364e+08
1.701945838376412690e+08
1.216575478019388020e+08
9.829157376234342158e+07
8.590241406047381461e+07
8.429855797224195302e+07
9.066120878406222165e+07
9.421231835401192307e+07
1.063967611649179161e+08
1.068778951119629443e+08
1.072779618419516981e+08
1.163747151121556908e+08
1.273588238483952284e+08
1.295273956959360093e+08
1.360544309660980105e+08
1.498226927878024578e+08
1.556810482418909967e+08
1.700153256394870877e+08
1.866149009539195895e+08
2.053138596791466475e+08
2.132655002931602001e+08
2.270625613763582706e+08
2.470758483737841845e+08
2.294663802614687979e+08
2.502032964548757970e+08
2.423971352628147006e+08
2.518224908899783790e+08
2.396803987574052811e+08
2.449269665714390874e+08
2.571071614358550310e+08
2.584051173383017778e+08
2.475035813018326759e+08
2.552905799810819030e+08
2.596728514620868564e+08
2.613215169240092039e+08
2.660352759941878319e+08
2.824018676347028017e+08
2.938760673363741636e+08
3.136498379279119372e+08
3.199123136938992739e+08
3.429285560621770620e+08
3.299407644791691303e+08
3.503281691259152293e+08
3.470959772017301321e+08
3.525030843077265620e+08
3.654029952335505486e+08
3.590752964730597734e+08
3.839295392783520222e+08
3.718399326976561546e+08
3.672953790126804709e+08
3.934074064039867520e+08
3.742274758702936172e+08
3.915690443380485773e+08
3.823046383403528929e+08
3.925730387691649199e+08
3.792936669434369206e+08
3.925103008103710413e+08
4.086700712745879889e+08
3.771098415037535429e+08
4.082853483419126272e+08
4.010321420974291563e+08
3.871564624827842116e+08
3.933649977672082186e+08
4.044230609965028763e+08
3.997162896839033365e+08
3.918048672988139987e+08
3.890444803606613874e+08
3.909804874515741467e+08
4.052310244076110125e+08
3.755612871744890213e+08
3.807093276342911720e+08
3.907494420006459355e+08
3.835658028639642596e+08
3.651004269054126143e+08
3.668657606735992432e+08
3.791891693581109047e+08
3.621659557105662823e+08
3.636562135009700060e+08
3.682810502784245610e+08
3.505231400451955199e+08
3.520328093624861240e+08
3.523392735689160824e+08
3.477813004589986205e+08
3.544893447628434896e+08
3.560279177773583531e+08
3.318063906124117374e+08
3.361011496485174894e+08
3.448712718466249704e+08
3.391167409414571524e+08
3.281235019746656418e+08
3.197647919931688309e+08
3.367898736780284643e+08
3.238795208301510811e+08
3.325722381839663982e+08
3.068098335518378019e+08
3.088784591132508516e+08
3.243777336942497492e+08
3.072734515171216130e+08
2.977347223244483471e+08
2.830937644366351366e+08
2.796399575292565823e+08
2.810256494552786350e+08
2.763782076682153940e+08
2.580384537806285620e+08
2.543204794555421472e+08
2.456023298321658373e+08
2.542609797988259494e+08
2.295878884433447123e+08
2.346121500212814510e+08
2.202370485114011467e+08
2.264405356566593945e+08
2.053201408756080270e+08
2.127606053314757943e+08
2.003945229418283701e+08
1.945227836806462109e+08
1.963695635718178153e+08
1.792586630513941050e+08
1.746345294915664196e+08
1.607690452234374881e+08
1.576265251210954487e+08
1.547800630453227460e+08
1.435364754602130055e+08
1.449326140264789462e+08
1.455748583046987951e+08
1.390011166719405651e+08
1.235135620554394424e+08
1.244415674655421227e+08
1.275777582638405263e+08
1.245529132522470951e+08
1.111354725479370058e+08
1.124829744728619158e+08
1.124069748825488389e+08
1.121757160146696568e+08
1.047606235073679984e+08
9.879841134743803740e+07
9.856316494540785253e+07
9.630446419181993604e+07
9.761975387650425732e+07
9.151243147403201461e+07
9.134941033096572757e+07
8.281171800312045217e+07
9.544073142350532115e+07
7.626097026110774279e+07
8.043500517083463073e+07
8.260491022150968015e+07
8.159908603052127361e+07
7.659734862432304025e+07
7.318513371991491318e+07
7.024890167288368940e+07
7.404261939675578475e+07
7.318176559506393969e+07
7.125369767137543857e+07
7.180135217057785392e+07
6.909915584341889620e+07
7.140264588212041557e+07
7.266553990923659503e+07
6.711328835899773240e+07
6.306109385945729911e+07
6.700716339170464128e+07
6.397910662562675774e+07
6.623126099005140364e+07
6.128914410361641645e+07
6.027176119557219744e+07
6.651297764481928945e+07
6.120532450284055620e+07
5.817634997617445886e+07
6.204497616562938690e+07
5.896681795693683624e+07
5.164733990495752543e+07
5.783425375324676931e+07
6.185310894529049098e+07
5.304123963110908866e+07
5.098337934323003888e+07
4.950115664507753402e+07
5.511022679381375015e+07
5.257155334748795629e+07
5.351149796251612157e+07
4.580360166066019237e+07
4.737449295381143689e+07
5.193747168391572684e+07
5.225647768349665403e+07
5.001609396094247699e+07
3.829992723352275044e+07
4.917493573778541386e+07
4.294882888951991498e+07
4.171817456900660694e+07
4.029503121485689282e+07
4.471517190836071968e+07
4.386986503486348689e+07
3.979318753391531110e+07
3.954687330006723106e+07
3.832913610717763752e+07
3.525880803613279760e+07
3.568026494874903560e+07
3.846759738999637216e+07
3.608408070594078302e+07
3.710379167832864821e+07
3.920233310972072929e+07
3.440503793086296320e+07
3.122422493218567222e+07
3.540621183736488968e+07
3.647135664251959324e+07
3.942957044898995012e+07
3.389611373810527474e+07
3.465621808362901956e+07
3.537768770924107730e+07
3.191628780337109044e+07
3.323520556240687519e+07
3.121261230479497463e+07
3.192926335227902979e+07
2.927130169833771139e+07
3.170561334374833852e+07
2.790947733654571325e+07
3.105480756690378487e+07
2.581201274405959994e+07
2.520590610242216662e+07
2.525960889909414947e+07
3.049194030206818134e+07
2.498008840657684952e+07
2.314570742268143222e+07
1.986438058031577617e+07
2.395528327366869152e+07
2.212335942391407490e+07
2.311955770493366197e+07
2.238335717011961341e+07
2.221371094151190668e+07
2.395436476010425016e+07
2.075904065220384672e+07
2.050896116416961327e+07
2.266041005590926856e+07
2.069437848683133349e+07
2.047634519741680846e+07
1.884717358547988907e+07
1.874122620314051956e+07
1.245829419374078885e+07
1.613377456086130626e+07
1.648381383333106339e+07
1.623953331229289994e+07
1.531747349921810441e+07
1.625350652707397752e+07
1.393322594739891402e+07
9.959922328735541552e+06
1.442848065111793578e+07
1.366352052767719328e+07
1.150872324735344201e+07
1.209312282771507837e+07
1.258985571357890591e+07
1.276757429639915377e+07
8.262159397111122496e+06
9.293319228013597429e+06
8.289208603684452362e+06
8.362658671745635569e+06
8.042693394263241440e+06
6.855010853852331638e+06
7.187297178105507046e+06
6.527230463706644252e+06
7.367957728862478398e+06
4.864157837821196765e+06
