0.000000000000000000e+00
0.000000000000000000e+00
0.000000000000000000e+00
0.000000000000000000e+00
4.356873274983363226e+05
5.895467296844320372e+06
2.287666485691579431e+07
3.499886909806166589e+07
5.151210587826233357e+07
6.980757182474422455e+07
1.658798474855458736e+08
2.371074047028535604e+08
2.733190316725217700e+08
3.050028892325965762e+08
3.055496833631972075e+08
2.844149660831063986e+08
2.742069221496044993e+08
2.617222427223487496e+08
2.771135368644620180e+08
2.656726329910911024e+08
2.606143129097369909e+08
2.595259270856563151e+08
2.695591448252801299e+08
2.668194564300011992e+08
2.886647082280358076e+08
2.915499467490444183e+08
2.930847009582563639e+08
3.182826210569511056e+08
3.182358329100833535e+08
3.249429173626595736e+08
3.415434053050074577e+08
3.593262738817948103e+08
3.749836032785978317e+08
3.735889891576126814e+08
3.942432007560641766e+08
3.869129850143497586e+08
4.000559863028373718e+08
4.042729084728117585e+08
4.124816298929187059e+08
4.167529383685573339e+08
4.293246668218366504e+08
4.233444560016576052e+08
4.401725076466603279e+08
4.426826492831231356e+08
4.524401334687497616e+08
4.353567102253403068e+08
4.662978732450960875e+08
4.532737025688251257e+08
4.524965757103846073e+08
4.647414371129616499e+08
4.402734912300798297e+08
4.472290840546993017e+08
4.463857998273338079e+08
4.455211593565355539e+08
4.419094665970739722e+08
4.285962747472444773e+08
4.309233915014029145e+08
4.360693485934120417e+08
4.191842607950457335e+08
4.202913905876827240e+08
4.221920704240460396e+08
4.080094279945458174e+08
4.147781682547279596e+08
4.044370748996325731e+08
4.098815965310133696e+08
3.949090634946346283e+08
4.013028411210972071e+08
3.890709957347195148e+08
3.864055904409939051e+08
3.814324230599293709e+08
3.735223418429430723e+08
3.599060919195641875e+08
3.573045341745502949e+08
3.419885347264698148e+08
3.484095199193875194e+08
3.379705930742026567e+08
3.252905407316181660e+08
3.275588246931329370e+08
3.219584475030000210e+08
3.085055149877478480e+08
3.050730982388186455e+08
3.012250850119985938e+08
2.931455807098742723e+08
2.905768046485563517e+08
2.759089223340748549e+08
2.796102905490079522e+08
2.641305450213602185e+08
2.724112267149703503e+08
2.614190358081951141e+08
2.515926992895426750e+08
2.418388652632676661e+08
2.364121385602553785e+08
2.401726338261072636e+08
2.269846463319517076e+08
2.231417966672638655e+08
2.081583256701968312e+08
2.082440825821009874e+08
2.070054816682217121e+08
1.970565356466978788e+08
1.856878151074032784e+08
1.923593993212300539e+08
1.769979690937358141e+08
1.787116620043069422e+08
1.734478142838302255e+08
1.660691321010350585e+08
1.590323704628325105e+08
1.491557488651697040e+08
1.557670343141666651e+08
1.370529704505510628e+08
1.524441339271102250e+08
1.445359576432743669e+08
1.290647496433566809e+08
1.344761113621006310e+08
1.291457053301263601e+08
1.299236708106624931e+08
1.134492408917926699e+08
1.106414786649215817e+08
1.065131925116348863e+08
1.036571919678486437e+08
9.773741345179770887e+07
9.658637228215935826e+07
9.391315110897816718e+07
9.484350997737517953e+07
8.605930811851657927e+07
8.549627276037259400e+07
7.801146146546103060e+07
7.781912275074915588e+07
7.641900603144894540e+07
7.162207550723591447e+07
6.344780680468907952e+07
5.865976925443504751e+07
6.219898007984258235e+07
5.817923140205904841e+07
5.746734520197711885e+07
4.590909246999041736e+07
5.033642461841367185e+07
4.450172516295855492e+07
4.369812923504403234e+07
4.069404797821065784e+07
3.892361062003081292e+07
3.805186836065684259e+07
3.381320262042151392e+07
3.395645899403628707e+07
3.115921873957233876e+07
2.864600053203655034e+07
2.793238712191872299e+07
2.664399597948124260e+07
2.308788296537690982e+07
2.141698222589912638e+07
2.524061546053217724e+07
1.727478450516968966e+07
1.927741747510760650e+07
1.869137567431155965e+07
2.285637756340862066e+07
1.699781823927868903e+07
1.578834566513782181e+07
1.480884406556844339e+07
1.440000720727487840e+07
1.504677880689040013e+07
1.441047305186665803e+07
1.212575897284925357e+07
1.000655038180381432e+07
1.220659493639827520e+07
1.095210435888680443e+07
9.723435312015267089e+06
1.041029507600030676e+07
9.256573566579114646e+06
9.558391937299568206e+06
8.752619203459190205e+06
7.033051593062536791e+06
8.224638142527163029e+06
7.054236054294234142e+06
8.926999186386335641e+06
7.237876207983372733e+06
1.057600329418726638e+07
6.552276774231193587e+06
5.378056129384642467e+06
6.310644954158105887e+06
4.498658181067064404e+06
8.896762907751221210e+06
7.148633624039814807e+06
6.761755956622576341e+06
5.111304863380113617e+06
6.268704033055334352e+06
4.845584912305773236e+06
6.027913784810411744e+06
5.295649851177190430e+06
4.917730148548078723e+06
4.666397742606630549e+06
6.366880555628036149e+06
4.031489697983581107e+06
5.308828330633243546e+06
4.971220695727592334e+06
4.030203628398115281e+06
5.091263454606375657e+06
4.925099782512558624e+06
3.915737604906850494e+06
3.029186092262727674e+06
4.331424453761406243e+06
4.311015033036083914e+06
2.471439141782352235e+06
4.475747870683108456e+06
4.424545763336632401e+06
2.501857391975826584e+06
3.762340776052409783e+06
4.411928817631418817e+06
3.792196559909805190e+06
3.366748507146321237e+06
3.521436061604387127e+06
4.625410600606430322e+06
3.657610009876300581e+06
2.798579509040228557e+06
2.781381455949187744e+06
4.468215814910100773e+06
4.019399801099462435e+06
4.176774375413889997e+06
3.368633089214383624e+06
3.800931477940798737e+06
3.874493663471886422e+06
4.209977622178184800e+06
1.529989783200153150e+06
0.000000000000000000e+00
0.000000000000000000e+00
0.000000000000000000e+00
0.000000000000000000e+00
0.000000000000000000e+00
0.000000000000000000e+00
0.000000000000000000e+00
0.000000000000000000e+00
0.000000000000000000e+00
0.000000000000000000e+00
0.000000000000000000e+00
0.000000000000000000e+00
0.000000000000000000e+00
0.000000000000000000e+00
0.000000000000000000e+00
0.000000000000000000e+00
0.000000000000000000e+00
0.000000000000000000e+00
0.000000000000000000e+00
0.000000000000000000e+00
0.000000000000000000e+00
0.000000000000000000e+00
0.000000000000000000e+00
0.000000000000000000e+00
0.000000000000000000e+00
0.000000000000000000e+00
0.000000000000000000e+00
0.000000000000000000e+00
0.000000000000000000e+00
0.000000000000000000e+00
0.000000000000000000e+00
0.000000000000000000e+00
0.000000000000000000e+00
0.000000000000000000e+00
0.000000000000000000e+00
0.000000000000000000e+00
0.000000000000000000e+00
0.000000000000000000e+00
0.000000000000000000e+00
0.000000000000000000e+00
0.000000000000000000e+00
0.000000000000000000e+00
0.000000000000000000e+00
0.000000000000000000e+00
0.000000000000000000e+00
0.000000000000000000e+00
0.000000000000000000e+00
0.000000000000000000e+00
