0.000000000000000000e+00
0.000000000000000000e+00
0.000000000000000000e+00
0.000000000000000000e+00
1.470055610842713155e+06
8.512631220301596448e+06
1.970908524969507009e+07
2.426638950257069618e+07
2.397931581568162888e+07
2.915029583450395614e+07
4.860159065672677010e+07
5.411890876589266956e+07
4.696239541139452159e+07
5.528142668870635331e+07
5.953221364687377959e+07
4.753065869732235372e+07
4.632270331502145529e+07
4.658189256508865952e+07
3.976198140117131919e+07
3.840698410215950012e+07
3.930456268228448927e+07
4.259537618237260729e+07
4.180433220242612064e+07
4.115812892716358602e+07
3.507468422992237657e+07
3.701678466008907557e+07
3.666065037661998719e+07
3.422350429380477220e+07
3.760686686916516721e+07
3.038730964028247446e+07
2.680620774908826873e+07
2.651030384086477384e+07
2.201336166499465704e+07
2.277911863071226329e+07
2.555531953420778736e+07
2.238571826870486513e+07
2.559310190575077385e+07
2.678120964285854250e+07
2.214182079151073843e+07
2.696420960095889866e+07
2.828638470753528923e+07
2.951503537902358919e+07
3.451049628622686118e+07
2.780468996589958668e+07
3.410709819596967846e+07
3.667364651148357987e+07
3.849901658047339320e+07
3.979033256581937522e+07
4.434167907733489573e+07
4.853496929555899650e+07
5.131685597092664242e+07
5.500292124268785119e+07
4.894698925379203260e+07
6.204255790302296728e+07
6.291007288475900888e+07
6.332446198253446817e+07
6.521177558585482836e+07
6.280379026220418513e+07
7.712552820156636834e+07
6.566155310195542872e+07
7.715979237111520767e+07
7.699972431792813540e+07
8.663863643850658834e+07
7.532629656949697435e+07
8.322882006734603643e+07
9.333948789891621470e+07
9.271569035706678033e+07
8.654165608430227637e+07
9.927792673408156633e+07
1.059138625524505675e+08
1.021256471851121187e+08
1.080509658170368373e+08
1.184401854544739574e+08
1.115606938719586581e+08
1.295670169735944271e+08
1.259026477378790975e+08
1.291385037342059612e+08
1.420945113891957104e+08
1.316775866959805191e+08
1.429231635406704545e+08
1.470709226125849783e+08
1.546607534089708328e+08
1.555196203896202445e+08
1.623213142193199396e+08
1.609506329918878078e+08
1.689901941501013637e+08
1.852213855565073192e+08
1.697821165148148537e+08
1.757953592623956501e+08
1.743076835380146205e+08
1.797725203851954341e+08
1.848164569626193643e+08
1.788332480605043769e+08
1.893535934725074768e+08
1.725933700023286939e+08
1.864944580261685848e+08
1.832305078442374468e+08
1.831543656167389750e+08
1.952241223969336748e+08
1.838189081116559505e+08
1.913143296913427711e+08
1.954625149408956766e+08
1.960280730042848885e+08
1.993248529360459447e+08
1.998993932252555788e+08
2.071681368164837360e+08
2.201954816951401830e+08
2.147212760621031523e+08
2.248035435299728215e+08
2.182891089992569983e+08
2.389422492368773520e+08
2.439977496156736612e+08
2.258948856976190209e+08
2.379826567985867262e+08
2.573243442144392133e+08
2.498959791056526899e+08
2.406519220764346719e+08
2.547434940134736598e+08
2.712887240836247802e+08
2.649427812271740735e+08
2.518012208312377930e+08
2.595101640118353665e+08
2.745995907568767071e+08
2.587335924491865933e+08
2.700114914410145879e+08
2.593123815207589865e+08
2.684766541073716879e+08
2.686023447682538033e+08
2.659751213172315359e+08
2.698586468615068197e+08
2.566715898663630784e+08
2.648867073912490010e+08
2.594616466239683032e+08
2.698817593632787466e+08
2.603269170181017220e+08
2.602563439340561628e+08
2.608329786370127201e+08
2.580352374944706559e+08
2.613359143130974174e+08
2.649783449784322977e+08
2.697061818649157286e+08
2.603625386587251425e+08
2.609947496668355763e+08
2.530643376080654562e+08
2.529065243871026039e+08
2.632241059557828307e+08
2.504426963912295997e+08
2.670734060638828874e+08
2.499582040113120675e+08
2.537970571821225882e+08
2.594255405985714495e+08
2.488164760247255266e+08
2.513125327365116477e+08
2.539113982737319469e+08
2.507559629227527082e+08
2.582563931138072014e+08
2.599728194317153096e+08
2.491657524908256531e+08
2.546199393043758571e+08
2.499493884212038219e+08
2.570165146963106096e+08
2.537660457248203158e+08
2.536285681536363363e+08
2.415228628720538020e+08
2.620544949208902419e+08
2.598107684121714234e+08
2.364810146362107098e+08
2.596462309960343242e+08
2.499250959435064793e+08
2.410037766364351511e+08
2.503433833581117094e+08
2.493326434412454963e+08
2.596778167669592500e+08
2.374324345675421357e+08
2.462023183208739758e+08
2.431406235920574367e+08
2.576455795624892116e+08
2.480330199934940636e+08
2.581380513627731800e+08
2.375190889373084307e+08
2.442190203505690098e+08
2.335409253613645732e+08
2.476628827423207462e+08
2.535606796716335416e+08
2.444850474330488741e+08
2.300461582740612924e+08
2.389138460063407719e+08
2.450206130232167244e+08
1.429678504970051646e+08
2.596939050988795701e+06
0.000000000000000000e+00
0.000000000000000000e+00
0.000000000000000000e+00
0.000000000000000000e+00
0.000000000000000000e+00
0.000000000000000000e+00
0.000000000000000000e+00
0.000000000000000000e+00
0.000000000000000000e+00
0.000000000000000000e+00
0.000000000000000000e+00
0.000000000000000000e+00
0.000000000000000000e+00
0.000000000000000000e+00
0.000000000000000000e+00
0.000000000000000000e+00
0.000000000000000000e+00
0.000000000000000000e+00
0.000000000000000000e+00
0.000000000000000000e+00
0.000000000000000000e+00
0.000000000000000000e+00
0.000000000000000000e+00
0.000000000000000000e+00
0.000000000000000000e+00
0.000000000000000000e+00
0.000000000000000000e+00
0.000000000000000000e+00
0.000000000000000000e+00
0.000000000000000000e+00
0.000000000000000000e+00
0.000000000000000000e+00
0.000000000000000000e+00
0.000000000000000000e+00
0.000000000000000000e+00
0.000000000000000000e+00
0.000000000000000000e+00
0.000000000000000000e+00
0.000000000000000000e+00
0.000000000000000000e+00
0.000000000000000000e+00
0.000000000000000000e+00
0.000000000000000000e+00
0.000000000000000000e+00
0.000000000000000000e+00
0.000000000000000000e+00
0.000000000000000000e+00
0.000000000000000000e+00
0.000000000000000000e+00
0.000000000000000000e+00
0.000000000000000000e+00
0.000000000000000000e+00
0.000000000000000000e+00
0.000000000000000000e+00
0.000000000000000000e+00
0.000000000000000000e+00
0.000000000000000000e+00
0.000000000000000000e+00
0.000000000000000000e+00
0.000000000000000000e+00
0.000000000000000000e+00
0.000000000000000000e+00
0.000000000000000000e+00
0.000000000000000000e+00
0.000000000000000000e+00
0.000000000000000000e+00
0.000000000000000000e+00
0.000000000000000000e+00
0.000000000000000000e+00
0.000000000000000000e+00
0.000000000000000000e+00
0.000000000000000000e+00
0.000000000000000000e+00
0.000000000000000000e+00
0.000000000000000000e+00
0.000000000000000000e+00
0.000000000000000000e+00
0.000000000000000000e+00
0.000000000000000000e+00
