0.000000000000000000e+00
0.000000000000000000e+00
0.000000000000000000e+00
0.000000000000000000e+00
0.000000000000000000e+00
1.061227456678051036e+06
2.985322429085500073e+06
5.768750695486189798e+06
7.719319351937537082e+06
1.053469009966322035e+07
6.251245629797578603e+07
7.244742650729596615e+07
7.351917825057414174e+07
6.931912651995015144e+07
6.008173764098749310e+07
5.286105769691310823e+07
4.716549468144993484e+07
3.444209879229232669e+07
2.940352426913377643e+07
1.837982067848426104e+07
1.983412630623955652e+07
1.472049759241946228e+07
1.682151460241596401e+07
1.179926418254238926e+07
9.896989079684523866e+06
8.714379650999648497e+06
4.700148492894938216e+06
8.690615976765276864e+06
6.745771100215583108e+06
7.020722001047749072e+06
6.750493615155873820e+06
6.713698547427814454e+06
8.592513245863156393e+06
7.129853015245573595e+06
5.975732794548321515e+06
7.257096098965615965e+06
5.855255312787154689e+06
7.498844706342842430e+06
7.727214024483817630e+06
5.520805383870300837e+06
8.097333280216031708e+06
1.127418581043840572e+07
1.048121703672993556e+07
7.947157186296500266e+06
1.157636878744730912e+07
1.210359376353146322e+07
1.235436794467265904e+07
1.080362791883636266e+07
1.400345476933031715e+07
1.387546063672269136e+07
1.268720407282677107e+07
1.491722001730813459e+07
1.590678534453009255e+07
2.072920922609129921e+07
2.208459948198285326e+07
2.186179961815649271e+07
2.336281136672666669e+07
3.109287825926262513e+07
2.529745698681034148e+07
2.842191908194191009e+07
3.049373297958789766e+07
2.750340857085200027e+07
3.293830628868715465e+07
3.312129683803864941e+07
3.728769274173564464e+07
4.208540669972221553e+07
4.608775907060887665e+07
4.621928210576277226e+07
5.020319094560897350e+07
4.712791046700024605e+07
5.958933539774631709e+07
6.626813614958142489e+07
7.487701663943192363e+07
7.701965199965891242e+07
8.206385671260929108e+07
8.584025431143653393e+07
8.703139547891488671e+07
9.428479469255444407e+07
9.533428145371028781e+07
9.632927902777999640e+07
1.056834022469498813e+08
1.117134871523702145e+08
1.126234834572691470e+08
1.225484484914737046e+08
1.283384635258443654e+08
1.354527724313751757e+08
1.299532671354901791e+08
1.297596581498776078e+08
1.476055817575322092e+08
1.453256994855371118e+08
1.506953658363258243e+08
1.680017453070200682e+08
1.609486264829347432e+08
1.615469303082179725e+08
1.706855060611993074e+08
1.847440547680574059e+08
1.863015139047513604e+08
1.957086571714854240e+08
1.974757025858964324e+08
2.024182678040502667e+08
1.988608398309421539e+08
2.125408730030075908e+08
2.156662125572289526e+08
2.174034144288273752e+08
2.203190890089535117e+08
2.322909847912482023e+08
2.267878616034609675e+08
2.361498394630922675e+08
2.402554500204297304e+08
2.418668935530897677e+08
2.276002899701904058e+08
2.468811174674043953e+08
2.528224142273063064e+08
2.535080232148761451e+08
2.478729075216174126e+08
2.546541402377373874e+08
2.698787572401400805e+08
2.586980550313723087e+08
2.736090608947358131e+08
2.699784797956147790e+08
2.638869009586618841e+08
2.675718447448622584e+08
2.783417725631508827e+08
2.675199020888472199e+08
2.821993943158600926e+08
2.734691519218555689e+08
2.764906340656155348e+08
2.877483255517846346e+08
2.866502134577472210e+08
2.901460592007707357e+08
2.737046344475603104e+08
2.977689413154233098e+08
2.871497902933851480e+08
2.821468297705590725e+08
2.794639460886194706e+08
2.952685019572983384e+08
2.838507477302240133e+08
2.805213976250994802e+08
2.800104549448493719e+08
2.933834156024032831e+08
2.874169723170577884e+08
2.735331043553205729e+08
2.868337514898986816e+08
2.885639751922759414e+08
2.759722490166603327e+08
2.729475845466611981e+08
2.873828524909799099e+08
2.686330784878556728e+08
2.776419130859382153e+08
2.807858406182915568e+08
2.649481195039698482e+08
2.648886876703786850e+08
2.663348545438523889e+08
2.855252075189294815e+08
2.610384484420343935e+08
2.742660635416119099e+08
2.578462168144203722e+08
2.632583401168110371e+08
2.578022307269793153e+08
2.688836672917753458e+08
2.531030122564414740e+08
2.706250592619468570e+08
2.508969691339775324e+08
2.672370194883807600e+08
2.596812577785277069e+08
2.421130054159408808e+08
2.410979079703649879e+08
2.602368959741725326e+08
2.466065279122663438e+08
2.667403487886823118e+08
2.441973898994435966e+08
2.406524934126925766e+08
2.540343239368156195e+08
2.500052995382747054e+08
2.466785182150142193e+08
2.506826123995308280e+08
2.439884198118804693e+08
2.388939275813819766e+08
2.519569422773245573e+08
2.504150462060037851e+08
2.412161501351115704e+08
2.428724092932372093e+08
2.433840204505869448e+08
2.458485674627715349e+08
2.483901851635949016e+08
2.408605576007701755e+08
2.502747364563439190e+08
2.512674425579515696e+08
2.386798763342275918e+08
2.379344211343584657e+08
2.495705357395769954e+08
2.346732976390123367e+08
2.552001965483447909e+08
2.510811405572994947e+08
2.320508720627257824e+08
2.443746202358967662e+08
2.426610670611347556e+08
2.411649109385046959e+08
2.423895277643498182e+08
2.422370698346823752e+08
2.405169373125038743e+08
2.500073196353401244e+08
2.360740125806575418e+08
2.485480312460984290e+08
2.374122282017096281e+08
2.392064627933763862e+08
2.368814754214573801e+08
2.330255348021652102e+08
2.421322805643255711e+08
2.344337052723294497e+08
2.345951390309734046e+08
2.356822381222968698e+08
2.359570989492110014e+08
2.282768406191682220e+08
2.396148278464352489e+08
2.384742985082030296e+08
2.383408037391634285e+08
2.396374898819043040e+08
2.227343374100700021e+08
2.301069796458432078e+08
6.054725758968909085e+07
0.000000000000000000e+00
0.000000000000000000e+00
0.000000000000000000e+00
0.000000000000000000e+00
0.000000000000000000e+00
0.000000000000000000e+00
0.000000000000000000e+00
0.000000000000000000e+00
0.000000000000000000e+00
0.000000000000000000e+00
0.000000000000000000e+00
0.000000000000000000e+00
0.000000000000000000e+00
0.000000000000000000e+00
0.000000000000000000e+00
0.000000000000000000e+00
0.000000000000000000e+00
0.000000000000000000e+00
0.000000000000000000e+00
0.000000000000000000e+00
0.000000000000000000e+00
0.000000000000000000e+00
0.000000000000000000e+00
0.000000000000000000e+00
0.000000000000000000e+00
0.000000000000000000e+00
0.000000000000000000e+00
0.000000000000000000e+00
0.000000000000000000e+00
0.000000000000000000e+00
0.000000000000000000e+00
0.000000000000000000e+00
0.000000000000000000e+00
0.000000000000000000e+00
0.000000000000000000e+00
0.000000000000000000e+00
0.000000000000000000e+00
0.000000000000000000e+00
0.000000000000000000e+00
0.000000000000000000e+00
0.000000000000000000e+00
0.000000000000000000e+00
0.000000000000000000e+00
0.000000000000000000e+00
0.000000000000000000e+00
0.000000000000000000e+00
0.000000000000000000e+00
0.000000000000000000e+00
