0.000000000000000000e+00
0.000000000000000000e+00
0.000000000000000000e+00
0.000000000000000000e+00
8.606593058591131121e+06
2.996196844106332213e+07
6.098984545386839658e+07
9.698822033285200596e+07
1.545666340397642553e+08
2.079929299578696489e+08
5.841006718779206276e+08
5.514053596469278336e+08
5.019830235312601924e+08
4.662919361173237562e+08
4.558554476509543061e+08
4.592894216134464145e+08
4.741480531858056784e+08
4.656500231071970463e+08
4.687962116268371940e+08
4.658637330350618362e+08
4.520226591855769157e+08
4.470487204183584452e+08
4.402164877724639177e+08
4.475018882272065878e+08
4.505441523560410738e+08
4.453010609434585571e+08
4.573351218008884192e+08
4.527658219803986549e+08
4.493391852324449420e+08
4.413506818795552254e+08
4.497168289243834019e+08
4.499522323875839710e+08
4.524511593135076761e+08
4.602838838974046707e+08
4.520813037997892499e+08
4.625799044602568150e+08
4.591236277217620611e+08
4.681049059043376446e+08
4.783765875065161586e+08
4.684703740397106409e+08
4.934670804382676482e+08
4.891910352723932266e+08
4.853835245506564975e+08
4.986900061664582491e+08
4.907995531469961405e+08
4.860946514467444420e+08
4.909647057723456621e+08
4.879788534345109463e+08
5.023109577012578249e+08
4.964859716806232929e+08
4.854607602308942676e+08
4.945110214534980655e+08
4.726100256024031639e+08
4.865605711981922388e+08
4.729721677243298292e+08
4.604787931693465710e+08
4.752046170738387108e+08
4.569958729264898896e+08
4.767529132289686203e+08
4.610110241386517286e+08
4.482861542052645087e+08
4.675576732928814888e+08
4.408786690858991146e+08
4.600669847836182714e+08
4.506341413259459734e+08
4.536981339931489229e+08
4.372475709477052689e+08
4.496115760900821686e+08
4.614276769731134176e+08
4.252023772330881357e+08
4.563767441343147159e+08
4.397049985558152199e+08
4.307689840126543641e+08
4.308534367904515862e+08
4.477317094285886288e+08
4.395475393165771961e+08
4.298772403489594460e+08
4.261487027483018637e+08
4.289345621677093506e+08
4.476004569674988985e+08
4.158462903693459630e+08
4.191895986020948887e+08
4.316297316032494307e+08
4.227581907810703516e+08
4.100601804976715446e+08
4.150570309637897015e+08
4.298448811125609875e+08
4.147810749571266174e+08
4.141109137328542471e+08
4.267401575363334417e+08
4.128732169707266092e+08
4.122560872544547915e+08
4.162685411675984859e+08
4.153349573572709560e+08
4.262620266242882013e+08
4.225752103105474710e+08
4.025201475908589363e+08
4.127635072563015819e+08
4.287195009376486540e+08
4.188489664827288985e+08
4.172239942606772184e+08
4.083028256524725556e+08
4.236323726627067327e+08
4.120696645910888314e+08
4.253041847106645107e+08
4.040680383477312922e+08
3.967048867556189299e+08
4.249301625995210409e+08
4.115256677879082561e+08
4.107931377497119904e+08
3.918129941436366439e+08
3.989021665127480030e+08
4.097358507903486490e+08
4.073529042750924230e+08
4.008681692062237263e+08
3.891936821033387184e+08
4.042144243806973100e+08
4.151362768211491108e+08
3.854504371360754967e+08
4.037494500427170992e+08
3.918200347408045530e+08
4.053969280473079681e+08
3.912738460169092417e+08
3.910379554471679330e+08
3.805646206830546856e+08
3.764753826405381560e+08
3.895273954073530436e+08
3.632905912610672116e+08
3.765880006116705537e+08
3.587589585514928102e+08
3.684069783893247247e+08
3.548849057452417612e+08
3.593775792505054474e+08
3.493871433337327838e+08
3.688276193934770823e+08
3.593514365167848468e+08
3.448062058580276966e+08
3.358879518481099606e+08
3.651730769051428437e+08
3.472407899012246728e+08
3.464484752013549805e+08
3.428010018334809542e+08
3.395180533290042877e+08
3.508925712326300144e+08
3.453043039796017408e+08
3.509202896830952764e+08
3.260516443698581457e+08
3.399757819217880964e+08
3.383325075762504339e+08
3.360692084244555235e+08
3.273733323284456134e+08
3.271456730945221186e+08
3.511467021956224442e+08
3.201132051892908216e+08
3.242433624194297194e+08
3.401345840630470514e+08
3.268945267151577473e+08
3.245804517096431851e+08
3.263609071678793430e+08
3.349864996750261784e+08
3.317500059700044394e+08
3.310336489148361683e+08
3.219307336325643659e+08
3.337649642489731312e+08
3.222423375649386048e+08
3.304250184902994633e+08
3.295373096117409468e+08
3.253153551841820478e+08
3.188528803032567501e+08
3.172607690208302140e+08
3.226235390557496548e+08
3.198722104976372719e+08
3.253764159885891676e+08
3.068658944144660234e+08
3.346412557489498854e+08
3.049638690717513561e+08
3.111162244749464393e+08
3.220554826379520893e+08
3.132927884191048741e+08
3.077553305445086956e+08
3.064440700978055596e+08
3.292540940921600461e+08
3.034675036562694311e+08
2.978501355505892038e+08
3.050210868996276855e+08
3.056415214838391542e+08
3.015086639842254519e+08
3.075000363230447173e+08
2.961657730122596025e+08
3.056545109524452686e+08
2.786284327279286981e+08
3.093771357623512745e+08
2.959533039201421738e+08
2.854234417175512910e+08
2.991804658042232990e+08
2.884147659543764591e+08
2.900266710614657402e+08
2.918936636047852039e+08
2.824982551893725395e+08
2.890818763192963600e+08
2.921783367620035410e+08
2.894528845083708167e+08
2.809910543146823049e+08
2.742822081809566021e+08
2.738531255741013288e+08
2.817429177843867540e+08
2.782371624873209000e+08
2.818683417949707508e+08
2.740994942018469572e+08
2.720647197092618346e+08
2.719184484809927940e+08
2.744532238591782451e+08
2.776053630739789009e+08
2.611678242307605147e+08
2.660235436090363264e+08
2.578095257126764059e+08
2.701673187389800549e+08
2.573458308194724321e+08
2.578147202884488404e+08
2.660942095509395301e+08
2.462591006383514702e+08
2.514855698934064806e+08
2.570066227577671707e+08
2.586654443216370642e+08
2.534668577556701303e+08
2.498404108759962320e+08
2.489218198309898674e+08
2.390447822864941359e+08
2.489369730769606531e+08
2.604844495723557174e+08
2.228824646556665897e+08
2.278928666975089610e+08
2.469867741318384409e+08
2.484131475191432834e+08
2.319679016118966639e+08
2.274063949365067482e+08
2.282745696981216073e+08
2.152796392856338620e+08
2.293105391197935939e+08
2.192692134633734226e+08
2.281241254410434961e+08
2.171177502650853992e+08
2.136875337368795276e+08
2.139784241083037257e+08
2.125931967478917241e+08
1.998954785501899123e+08
2.040006831359024942e+08
1.994496678579399288e+08
2.038439301331042349e+08
1.971758984887647033e+08
1.991372923736189306e+08
1.932773213917579651e+08
1.819619936854339242e+08
1.902956459443261325e+08
1.849825378902242780e+08
1.864157505744460821e+08
1.804812619285738766e+08
1.846190804155356884e+08
1.807445407445253134e+08
1.690613765369861424e+08
1.679471038184022903e+08
1.695224228950179517e+08
1.735964342383869886e+08
1.672176488867747784e+08
1.632649218771920204e+08
1.682970853534836769e+08
1.586831557062431276e+08
1.615608926428379416e+08
1.438725718303759694e+08
