0.000000000000000000e+00
0.000000000000000000e+00
0.000000000000000000e+00
0.000000000000000000e+00
0.000000000000000000e+00
0.000000000000000000e+00
0.000000000000000000e+00
0.000000000000000000e+00
0.000000000000000000e+00
0.000000000000000000e+00
0.000000000000000000e+00
1.136210004069093382e+06
9.789616347881181166e+06
1.057397754634609818e+07
4.009478047460524831e+06
5.610909344989295304e+07
5.668496904918868840e+07
6.081738039311577380e+07
7.011548395610898733e+07
1.400669945098176301e+08
2.170453335629511356e+09
2.132388558116561413e+09
1.269839596279781818e+09
1.677523159200114727e+09
2.511511799145227909e+09
2.861382420434103012e+09
2.919616531693566799e+09
3.322915910179511547e+09
6.113130101567868233e+09
7.040357294799566269e+09
4.749429149908045769e+09
4.678775866094775200e+09
4.485549961042463303e+09
5.540126698408952713e+09
6.215235342675745010e+09
6.078000023101062775e+09
6.537280267744167328e+09
6.538760225151323318e+09
3.556443839150415421e+09
4.931030328215670586e+09
5.544851229940479279e+09
8.396462660320270538e+09
1.524951324132428551e+10
1.531215572978520775e+10
1.143429054430990791e+10
1.104801712170040703e+10
1.384148510689242744e+10
5.955592617340161324e+09
5.570058572559209824e+09
7.014726746891949654e+09
7.337396525109270096e+09
6.823814310675109863e+09
6.611835461948962212e+09
6.910873569669850349e+09
7.532379308973826408e+09
8.519343956756099701e+09
9.291818446741380692e+09
1.025889145626251221e+10
1.081027346020670891e+10
1.138346621009819984e+10
1.326772779265202141e+10
1.441534866456953621e+10
1.629856355416997147e+10
1.384408149506185913e+10
1.338352781527014732e+10
1.335849298815467072e+10
1.360137141303027534e+10
1.309273511795034409e+10
1.333844695952290154e+10
1.321838613308309174e+10
