nan
nan
nan
1.631921739317476749e-03
1.099691401967512741e-03
9.681678695249667068e-04
8.939294231190021960e-04
9.480230078365493212e-04
1.329527058561601150e-03
1.354989881317887612e-03
1.465275139298913374e-03
1.097111725221470990e-03
1.031046775733272195e-03
1.625970981447711532e-03
2.570955485154788507e-03
8.175725629991226076e-04
7.973857844133709107e-04
1.035914411792215970e-03
1.111417707008486005e-03
2.569551809617935841e-03
1.734745794245512018e-03
2.282799029009712020e-03
3.080674169785327550e-03
3.477612402989953191e-03
3.018922569485795598e-03
2.516864783077097257e-03
3.090736342216308854e-03
3.273235214677459610e-03
3.461027997522198724e-03
3.457177981222901188e-03
3.734382574480563446e-03
3.892216772085120655e-03
4.214908327694272608e-03
4.625778942988537611e-03
4.012787835165160417e-03
3.570095613996302712e-03
4.305103756955925252e-03
5.208490157644651321e-03
5.518662453354468249e-03
5.568577226539461571e-03
4.584097991136064365e-03
3.989423108348277153e-03
4.655681958514815318e-03
5.752848173062275958e-03
5.494364568413461977e-03
5.357332524646128864e-03
5.418304430730348613e-03
4.814032055904335188e-03
4.841422049675359919e-03
5.655364380064835904e-03
6.546021825536810744e-03
6.647394071480225430e-03
6.109686320690251721e-03
5.067932361679588875e-03
3.837824783365739560e-03
2.918516543380030980e-03
2.474845656893227570e-03
2.257532805546823285e-03
1.950787847782149221e-03
1.746478446614567470e-03
1.600279593116195722e-03
1.396794441797996654e-03
1.068441749690887330e-03
8.407209124881361451e-04
5.939040852290289373e-04
4.171521121871262405e-04
3.941271396098511076e-04
3.757057664201728727e-04
3.705149376083583142e-04
4.886374472153579441e-04
