0.000000000000000000e+00
0.000000000000000000e+00
0.000000000000000000e+00
0.000000000000000000e+00
4.356873274983363226e+05
6.956694753522370011e+06
2.586198728600129858e+07
4.076761979354785383e+07
5.923142523019986600e+07
8.034226192440745234e+07
2.283923037835216522e+08
3.095548312101495266e+08
3.468382099230958223e+08
3.743220157525466681e+08
3.656314210041847229e+08
3.372760237800195217e+08
3.213724168310544491e+08
2.961643415146410465e+08
3.065170611335958242e+08
2.840524536695753336e+08
2.804484392159765959e+08
2.742464246780757904e+08
2.863806594276961088e+08
2.786187206125435233e+08
2.985616973077203035e+08
3.002643264000440836e+08
2.977848494511512518e+08
3.269732370337163806e+08
3.249816040102989674e+08
3.319636393637073040e+08
3.482938989201632738e+08
3.660399724292225838e+08
3.835761165244610310e+08
3.807188421728582382e+08
4.002189335506125093e+08
3.941700811133154035e+08
4.059112416156245470e+08
4.117717531791546345e+08
4.202088439174025655e+08
4.222737437524275780e+08
4.374220001020526886e+08
4.346186418120960593e+08
4.506537246833902597e+08
4.506298064694197178e+08
4.640165022561969757e+08
4.474603039888718128e+08
4.786522411897687316e+08
4.640773304876614809e+08
4.665000304797148705e+08
4.786168977496843338e+08
4.529606953029065728e+08
4.621463040720074177e+08
4.622925851718639135e+08
4.662503685826268196e+08
4.639940660790568590e+08
4.504580743654009700e+08
4.542862028681296110e+08
4.671622268526747227e+08
4.444817177818560600e+08
4.487133096696246862e+08
4.526858034036339521e+08
4.355128365653978586e+08
4.477164745434151888e+08
4.375583717376712561e+08
4.471692892727490067e+08
4.369944701943567991e+08
4.473906001917060614e+08
4.352902778404822350e+08
4.366087813866028786e+08
4.285603335269296169e+08
4.331116772406893969e+08
4.261742280691456199e+08
4.321815508139823079e+08
4.190081867261288166e+08
4.304733766319968104e+08
4.238108473856391907e+08
4.123219362105329633e+08
4.218436193856874108e+08
4.172927289567102790e+08
4.048347940155278444e+08
4.107565004857685566e+08
4.129385721643687487e+08
4.057690641671434641e+08
4.131252531400300860e+08
4.042473858599192500e+08
4.150630629803830981e+08
3.940838121568504572e+08
4.021708848648479581e+08
4.090246175657272935e+08
3.969183987750797868e+08
3.925342310995935202e+08
4.044138838672754765e+08
4.011212603090419769e+08
3.885315766401696801e+08
3.938273027284631729e+08
3.929023804382542372e+08
3.945455964868524075e+08
4.027141388397071362e+08
3.945322382325943708e+08
3.881060829114535451e+08
3.912202391521722078e+08
3.895388420967434645e+08
3.943778745615358949e+08
3.908512287126575708e+08
3.863882211099885702e+08
3.913233552540807724e+08
3.759436104686306715e+08
3.919168737772588730e+08
3.773084204709807634e+08
3.943110274801999331e+08
3.721362476134647131e+08
3.759458671107610464e+08
3.872985255894068480e+08
3.826537285450024605e+08
3.777965783322799206e+08
3.681033811295300722e+08
3.805202359050616622e+08
3.652112475430071950e+08
3.772662528625843525e+08
3.677158932474124432e+08
3.604732732408212423e+08
3.614849958538404703e+08
3.731852825405260921e+08
3.535792102073638439e+08
3.676956670762326717e+08
3.514806133873165846e+08
3.543097568163646460e+08
3.641673315832335353e+08
3.582722889649832249e+08
3.535938660054597855e+08
3.323644037019953728e+08
3.599679213952659369e+08
3.453290216954442263e+08
3.396141749725362062e+08
3.253730385586099029e+08
3.456049265757120252e+08
3.283524728931826353e+08
3.242195268601435423e+08
3.207045029230600595e+08
3.323070262224340439e+08
3.254688406777145863e+08
3.073463069757421017e+08
3.207902104839349389e+08
3.197231939318482876e+08
3.046182495486968756e+08
3.008799716685799360e+08
3.140268484704611301e+08
2.917209614532325268e+08
2.990588953118373156e+08
3.060264560788237453e+08
2.822229040091395378e+08
2.841661051454862952e+08
2.850262302181639671e+08
3.083815850823380947e+08
2.780362666813130975e+08
2.900544092067497373e+08
2.726550608799887896e+08
2.776583473240859509e+08
2.728490095338697433e+08
2.832941403436419964e+08
2.652287712292907238e+08
2.806316096437506676e+08
2.631035640703758001e+08
2.781891238472676277e+08
2.694046930905429721e+08
2.525233004919411540e+08
2.503544815369440615e+08
2.697952879114720821e+08
2.553591471157255173e+08
2.737734003817448616e+08
2.524220280419707596e+08
2.477067294669868052e+08
2.629613231232019365e+08
2.572431757462580800e+08
2.572545215092014670e+08
2.572348891737619936e+08
2.493664759412650764e+08
2.452045725355401039e+08
2.564556004583916068e+08
2.593118091137550473e+08
2.483647837591513395e+08
2.496341652498597801e+08
2.484953253139670491e+08
2.521172714958269000e+08
2.532357700759007037e+08
2.468884713855805993e+08
2.555703863075211048e+08
2.561851727064996362e+08
2.433462740768342018e+08
2.443013016899864972e+08
2.536020254375605881e+08
2.399821259696455896e+08
2.601714172440723777e+08
2.551113441856976151e+08
2.371421355173321366e+08
2.492997200184093118e+08
2.465768046660415828e+08
2.441940970307674408e+08
2.467209522181112468e+08
2.465480848677184582e+08
2.429883764542862177e+08
2.544830675060232282e+08
2.404985583439942002e+08
2.510498886380742192e+08
2.411745689777620137e+08
2.436183916110078096e+08
2.406736719813671708e+08
2.363922833093115091e+08
2.456537166259299517e+08
2.390591158729358613e+08
2.382527490408497155e+08
2.384808176313371062e+08
2.387384804051601887e+08
2.327450564340783358e+08
2.436342276475346982e+08
2.426510728836169243e+08
2.417094368283777833e+08
2.434384213598451018e+08
2.266088310735419095e+08
2.343169572680214345e+08
6.207724737288925052e+07
0.000000000000000000e+00
0.000000000000000000e+00
0.000000000000000000e+00
0.000000000000000000e+00
0.000000000000000000e+00
0.000000000000000000e+00
0.000000000000000000e+00
0.000000000000000000e+00
0.000000000000000000e+00
0.000000000000000000e+00
0.000000000000000000e+00
0.000000000000000000e+00
0.000000000000000000e+00
0.000000000000000000e+00
0.000000000000000000e+00
0.000000000000000000e+00
0.000000000000000000e+00
0.000000000000000000e+00
0.000000000000000000e+00
0.000000000000000000e+00
0.000000000000000000e+00
0.000000000000000000e+00
0.000000000000000000e+00
0.000000000000000000e+00
0.000000000000000000e+00
0.000000000000000000e+00
0.000000000000000000e+00
0.000000000000000000e+00
0.000000000000000000e+00
0.000000000000000000e+00
0.000000000000000000e+00
0.000000000000000000e+00
0.000000000000000000e+00
0.000000000000000000e+00
0.000000000000000000e+00
0.000000000000000000e+00
0.000000000000000000e+00
0.000000000000000000e+00
0.000000000000000000e+00
0.000000000000000000e+00
0.000000000000000000e+00
0.000000000000000000e+00
0.000000000000000000e+00
0.000000000000000000e+00
0.000000000000000000e+00
0.000000000000000000e+00
0.000000000000000000e+00
0.000000000000000000e+00
