0.000000000000000000e+00
0.000000000000000000e+00
2.124209776271368610e+05
3.639319671504521975e+05
1.377669130079941591e+06
1.914857225139433052e+06
9.133160271943802014e+06
4.218072576039695740e+07
7.134466274716438353e+07
7.513806413812324405e+07
1.441618229103741646e+08
4.463759916625770330e+08
1.331123604152921677e+09
2.227960029780440807e+09
2.385788577014915466e+09
3.221518040453870773e+09
5.142376999264995575e+09
6.561909288450902939e+09
6.848429555937309265e+09
4.978177665939161301e+09
1.138473509914935875e+10
1.275009189766100883e+10
1.576270177895745087e+10
1.822517720292313766e+10
2.109571715344237900e+10
2.306517040107176208e+10
2.374880396385293961e+10
2.577957487672978973e+10
2.707368857796252823e+10
2.704015585386217499e+10
2.794062800534381485e+10
2.842916314322100067e+10
3.109268121904722595e+10
3.368251995065515137e+10
3.274253280315670013e+10
3.203254183661334229e+10
3.182373665161833954e+10
3.252119001384511948e+10
3.847135219637483215e+10
4.739381781453655243e+10
4.880998667868660736e+10
4.586384316492209625e+10
4.082059808191374969e+10
3.464004886483979034e+10
2.981996574951609802e+10
2.958199293042104340e+10
3.085315412122818375e+10
3.320389328344645691e+10
3.832589694478670502e+10
4.676384880200830078e+10
4.848461463421551514e+10
4.500634313428186798e+10
4.122954928643159485e+10
3.869334266345493317e+10
3.713754452260240936e+10
3.591190264200238800e+10
3.557282608468748474e+10
3.496597391615855408e+10
3.404501963888789749e+10
3.312278489668944168e+10
3.240267012841954041e+10
3.180775502981071854e+10
3.137399255225053406e+10
3.077856412987792587e+10
2.958031236212993622e+10
3.047240836757432938e+10
3.263370622377693176e+10
3.441742422804625702e+10
3.523234617337359619e+10
3.558479642922131348e+10
