0.000000000000000000e+00
0.000000000000000000e+00
0.000000000000000000e+00
0.000000000000000000e+00
5.767940486154228449e+06
1.361995034562081844e+07
2.546912608951507136e+07
3.993616230132795870e+07
6.045669452031070739e+07
7.828290756589433551e+07
1.421358312568852305e+08
1.782315221378629208e+08
1.944622753397349119e+08
2.038770466356251836e+08
2.099238170176567435e+08
2.177633228502205312e+08
2.299841031818119586e+08
2.525993077432692647e+08
2.658115114020173550e+08
2.759504412845349312e+08
2.982501055196783543e+08
3.018955971922746897e+08
3.154475297926705480e+08
3.219942135423586965e+08
3.314486941174137592e+08
3.414691391765054464e+08
3.529116214814803600e+08
3.863477288737048507e+08
3.977251043359410167e+08
4.173169464683703780e+08
4.297783028851875067e+08
4.564137147491250038e+08
4.534832036635156274e+08
4.692025142710929513e+08
4.877072361666920185e+08
4.958009093814288378e+08
4.912392308340333700e+08
4.967399169417164326e+08
5.033857486638431549e+08
5.075424642913058996e+08
5.191630258754395247e+08
5.348342135096257925e+08
5.299585370766381621e+08
5.495680411922290325e+08
5.411377120285533667e+08
5.644682193541116714e+08
5.728327625181208849e+08
5.657886565293760300e+08
5.776519440840339661e+08
5.745402721398646832e+08
5.666235668459106684e+08
5.890648270384602547e+08
5.828475935591394901e+08
5.847107717942893505e+08
5.895827294849159718e+08
5.863917675617434978e+08
5.986123030586233139e+08
6.053963104507042170e+08
6.122366612511086464e+08
6.026395664046461582e+08
5.918390356497464180e+08
6.204209906486790180e+08
5.973286874917722940e+08
6.055337185201096535e+08
5.872383930347809792e+08
6.123781558606773615e+08
5.962470255174639225e+08
6.054209488415369987e+08
5.872895888558120728e+08
5.915761041285382509e+08
5.849833067536160946e+08
5.758934547661612034e+08
5.852627949786841869e+08
5.894524586008770466e+08
5.895399133705601692e+08
5.750830699561970234e+08
5.827574187422665358e+08
5.809003618101117611e+08
5.699562059443016052e+08
5.785181991500194073e+08
5.634432196839225292e+08
5.495254579893097878e+08
5.729513169607620239e+08
5.393873708046307564e+08
5.422944137833542824e+08
5.516189056470316648e+08
5.256198567366793156e+08
5.163653575229024291e+08
5.237083305609465837e+08
5.159911626278922558e+08
5.029922376212379336e+08
5.028195745415527821e+08
4.761537643640217781e+08
4.678476648593759537e+08
4.767720022540637255e+08
4.573360091937380433e+08
4.503040820497849584e+08
4.430597116705036759e+08
4.534677110325061083e+08
4.397720629640521407e+08
4.248605007963232994e+08
4.280449968297088146e+08
4.237961872423867583e+08
4.027418864490042925e+08
4.123762537432167530e+08
3.934568485295611620e+08
4.053104475045222044e+08
3.990994493315610886e+08
3.741379920783588290e+08
3.781826269314192533e+08
3.759223340406782627e+08
3.876021434075250626e+08
3.535763804259773493e+08
3.590919289511972666e+08
3.389538288003352880e+08
3.335705674360743165e+08
3.449118952527496219e+08
3.337821515462477207e+08
3.296860763413983583e+08
3.082203393950507641e+08
3.185385996370959282e+08
3.081961180839692354e+08
3.113553174940439463e+08
3.043875942499846220e+08
3.008159560611000061e+08
2.951580130644516349e+08
2.898336484785437584e+08
2.926075263536559343e+08
2.804374261372742653e+08
2.939120941749221087e+08
2.841608927676978111e+08
2.745261472998086810e+08
2.787229260638163090e+08
2.716532927647124529e+08
1.766856243847277462e+08
2.294443510092628375e+07
0.000000000000000000e+00
0.000000000000000000e+00
0.000000000000000000e+00
0.000000000000000000e+00
0.000000000000000000e+00
0.000000000000000000e+00
0.000000000000000000e+00
0.000000000000000000e+00
0.000000000000000000e+00
0.000000000000000000e+00
0.000000000000000000e+00
0.000000000000000000e+00
0.000000000000000000e+00
0.000000000000000000e+00
0.000000000000000000e+00
0.000000000000000000e+00
0.000000000000000000e+00
0.000000000000000000e+00
0.000000000000000000e+00
0.000000000000000000e+00
0.000000000000000000e+00
0.000000000000000000e+00
0.000000000000000000e+00
0.000000000000000000e+00
0.000000000000000000e+00
0.000000000000000000e+00
0.000000000000000000e+00
0.000000000000000000e+00
0.000000000000000000e+00
0.000000000000000000e+00
0.000000000000000000e+00
0.000000000000000000e+00
0.000000000000000000e+00
0.000000000000000000e+00
0.000000000000000000e+00
0.000000000000000000e+00
0.000000000000000000e+00
0.000000000000000000e+00
0.000000000000000000e+00
0.000000000000000000e+00
0.000000000000000000e+00
0.000000000000000000e+00
0.000000000000000000e+00
0.000000000000000000e+00
0.000000000000000000e+00
0.000000000000000000e+00
0.000000000000000000e+00
0.000000000000000000e+00
0.000000000000000000e+00
0.000000000000000000e+00
0.000000000000000000e+00
0.000000000000000000e+00
0.000000000000000000e+00
0.000000000000000000e+00
0.000000000000000000e+00
0.000000000000000000e+00
0.000000000000000000e+00
0.000000000000000000e+00
0.000000000000000000e+00
0.000000000000000000e+00
0.000000000000000000e+00
0.000000000000000000e+00
0.000000000000000000e+00
0.000000000000000000e+00
0.000000000000000000e+00
0.000000000000000000e+00
0.000000000000000000e+00
0.000000000000000000e+00
0.000000000000000000e+00
0.000000000000000000e+00
0.000000000000000000e+00
0.000000000000000000e+00
0.000000000000000000e+00
0.000000000000000000e+00
0.000000000000000000e+00
0.000000000000000000e+00
0.000000000000000000e+00
0.000000000000000000e+00
0.000000000000000000e+00
0.000000000000000000e+00
0.000000000000000000e+00
0.000000000000000000e+00
0.000000000000000000e+00
0.000000000000000000e+00
0.000000000000000000e+00
0.000000000000000000e+00
0.000000000000000000e+00
0.000000000000000000e+00
0.000000000000000000e+00
0.000000000000000000e+00
0.000000000000000000e+00
0.000000000000000000e+00
0.000000000000000000e+00
0.000000000000000000e+00
0.000000000000000000e+00
0.000000000000000000e+00
0.000000000000000000e+00
0.000000000000000000e+00
0.000000000000000000e+00
0.000000000000000000e+00
0.000000000000000000e+00
0.000000000000000000e+00
0.000000000000000000e+00
0.000000000000000000e+00
0.000000000000000000e+00
0.000000000000000000e+00
0.000000000000000000e+00
0.000000000000000000e+00
0.000000000000000000e+00
0.000000000000000000e+00
0.000000000000000000e+00
0.000000000000000000e+00
0.000000000000000000e+00
0.000000000000000000e+00
0.000000000000000000e+00
0.000000000000000000e+00
0.000000000000000000e+00
0.000000000000000000e+00
0.000000000000000000e+00
0.000000000000000000e+00
0.000000000000000000e+00
0.000000000000000000e+00
0.000000000000000000e+00
0.000000000000000000e+00
0.000000000000000000e+00
0.000000000000000000e+00
0.000000000000000000e+00
0.000000000000000000e+00
0.000000000000000000e+00
0.000000000000000000e+00
0.000000000000000000e+00
0.000000000000000000e+00
0.000000000000000000e+00
