6.155177323233372299e+05
6.033200838498424273e+05
2.789205711401846632e+07
2.958522905285352096e+07
5.174906087316381931e+07
5.561358507608073950e+07
8.110739530491557717e+07
1.235977721331090927e+08
2.102761833942527771e+08
2.166197046929625571e+08
2.946997770485850573e+08
5.247125710287731886e+08
9.357970685995028019e+08
1.374824567141474724e+09
1.717645252519686699e+09
8.534701375523450375e+08
1.194596788650874853e+09
1.409167274373517752e+09
1.462943417665682793e+09
3.108149407301294327e+09
5.674777866797047615e+09
6.689233071027193069e+09
7.131242791580628395e+09
7.879710787093914032e+09
9.407127051342548370e+09
9.525726226757492065e+09
1.045385962360462952e+10
1.105315348539167404e+10
1.345859437542109680e+10
1.298423297319373322e+10
1.364499908764723396e+10
1.374961863273710060e+10
1.444494270554087067e+10
1.812401764494849014e+10
1.973448841765731430e+10
2.168276426302063751e+10
2.322270613138641739e+10
2.339214520938036346e+10
2.394924933383929825e+10
2.415365822605163956e+10
2.419964603059483719e+10
2.655550298569616318e+10
2.793417441453584290e+10
2.952654866703045654e+10
2.967984429621110916e+10
2.985550364250326920e+10
3.056603373030799866e+10
3.186807751565071869e+10
3.210542707214171982e+10
3.258636606480184937e+10
3.339791772941400528e+10
3.434881883249397278e+10
3.541876267602278900e+10
3.661275089412800598e+10
3.789036218716279602e+10
3.939504411916792297e+10
4.107388902554923248e+10
4.280996720541487122e+10
4.465959748234539795e+10
4.667978061884420776e+10
4.872278164022268677e+10
5.105468917406359100e+10
5.325165492993938446e+10
5.517572603572907257e+10
5.701602056083776093e+10
5.873423538214529419e+10
6.031894318519963837e+10
6.176300303706129456e+10
6.317083510119749451e+10
6.432363365862204742e+10
