0.000000000000000000e+00
0.000000000000000000e+00
2.706740854406883568e+07
3.374287781129083037e+07
1.674451440478684902e+08
2.657314137213002443e+08
3.923852640160865188e+08
9.149948770141181946e+08
1.311922069881489277e+09
1.370297126029517651e+09
2.097249873673723698e+09
3.350779864576498032e+09
2.885933766136966228e+09
3.122895327737256050e+09
3.492990090561935425e+09
3.812760587462244034e+09
4.781240356148120880e+09
5.699890128969126701e+09
5.706597581654711723e+09
3.116193929643735409e+09
1.008768183640212250e+10
1.031984057410594559e+10
7.885557798163213730e+09
6.582174743374656677e+09
8.205590880222572327e+09
5.760064881950373650e+09
5.903581313659988403e+09
5.863182992464431763e+09
8.337159744956964493e+09
4.989302475896713257e+09
5.654677946616809845e+09
5.838724403710091591e+09
6.361283123175960541e+09
7.291534735994590759e+09
6.656291544925794601e+09
5.725407134869066238e+09
5.775297721708809853e+09
5.598394958114499092e+09
4.940902671354035378e+09
4.533442355758834839e+09
3.873326843761328697e+09
6.683997147447492599e+09
7.296580209672821045e+09
5.699557524025399208e+09
4.500217890987873077e+09
4.337053259437865257e+09
6.240268755608605385e+09
6.925085723576192856e+09
6.833798159887405396e+09
5.965244860314260483e+09
4.882647735120772362e+09
4.673675920686072350e+09
4.631167961638387680e+09
4.310313773465196609e+09
3.544867549031713963e+09
2.950005140735949993e+09
2.396163038732719421e+09
2.230765410723437309e+09
1.668712237316548347e+09
1.190947740871875763e+09
1.154952800137869835e+09
1.849293835137730598e+09
1.270682528293880463e+09
8.606417488366931677e+08
8.141775531710315943e+08
8.252916053019142151e+08
8.120958046500704288e+08
8.497496931025507450e+08
8.939098014811992645e+08
8.095721537703452110e+08
