0.000000000000000000e+00
0.000000000000000000e+00
0.000000000000000000e+00
0.000000000000000000e+00
0.000000000000000000e+00
0.000000000000000000e+00
0.000000000000000000e+00
1.603374694639269961e+06
8.060777030297711492e+06
1.750995195522429422e+07
1.701753700740894675e+08
2.238246157121070623e+08
1.887317733360436559e+08
1.289135707370751202e+08
1.021285730711344928e+08
8.768953337907318771e+07
8.565997882857894897e+07
9.213565256076675653e+07
9.463826169934208691e+07
1.063967611649179161e+08
1.073044375500509590e+08
1.079212289934783280e+08
1.171040894891426414e+08
1.275125479524963945e+08
1.295273956959360093e+08
1.367790926306517720e+08
1.504590072884033322e+08
1.563201344549040794e+08
1.704432584170984030e+08
1.868275699715883136e+08
2.061732917580949068e+08
2.140824379996602535e+08
2.279790124767338634e+08
2.472891910219495296e+08
2.301099401894963384e+08
2.506281603638774157e+08
2.436351881965152621e+08
2.529856155665649772e+08
2.406727086898951530e+08
2.471692883373736739e+08
2.586036231493979692e+08
2.622153717948934436e+08
2.500773975995199680e+08
2.583930986978380084e+08
2.630884119089670777e+08
2.650893830672725141e+08
2.711657409663822651e+08
2.873121687539686561e+08
2.980715607008760571e+08
3.173527608660597801e+08
3.256663469232269526e+08
3.478532876600370407e+08
3.336495286615105867e+08
3.534199958150727749e+08
3.521972991338795424e+08
3.565235686432871819e+08
3.690012409635472298e+08
3.643512713247498274e+08
3.911291141829168797e+08
3.773283790661852360e+08
3.752164091810446978e+08
3.991222053785303831e+08
3.839976321415910721e+08
3.989872044705129266e+08
3.911465083345056772e+08
4.013630547374406457e+08
3.887775872104476690e+08
4.022895575523893237e+08
4.200967459350755811e+08
3.872141518119415045e+08
4.201994483698040247e+08
4.106962073820765018e+08
3.990180832589298487e+08
4.054779848815819025e+08
4.183425363130393028e+08
4.147437840234646201e+08
4.074552073077409267e+08
4.075082874137944579e+08
4.088491466722191572e+08
4.250476686298358440e+08
3.976362111813246012e+08
4.023828708570872545e+08
4.176668392973253727e+08
4.073272717276702523e+08
3.956097213338927031e+08
3.995409994425181150e+08
4.141444967628681660e+08
3.987774382245687246e+08
3.994194959512004852e+08
4.133546359296369553e+08
3.979691538176211119e+08
4.018986824585095644e+08
4.025225344149806499e+08
4.002770984498857260e+08
4.130644235269577503e+08
4.084985708109267354e+08
3.866448391120218635e+08
3.958388017862730026e+08
4.132107715933424830e+08
4.053034276867351532e+08
4.011055564094815254e+08
3.901444179177706242e+08
4.073166524002721310e+08
3.957984924817651510e+08
4.099552631660912633e+08
3.894162353363634348e+08
3.861347675561900139e+08
4.108232165043380857e+08
3.963988903201290369e+08
3.968187377149665952e+08
3.813522449074680805e+08
3.869422583054665923e+08
3.971918367601480484e+08
3.984971452060712576e+08
3.883531332659173012e+08
3.754058340228136778e+08
3.864230074236509204e+08
3.948327006796408296e+08
3.704391773785240650e+08
3.863154298477727175e+08
3.746543716614748240e+08
3.879625983722248673e+08
3.742079802932984829e+08
3.790104278812597394e+08
3.700451313497611880e+08
3.667700213554753661e+08
3.839209535877754688e+08
3.598826758992910385e+08
3.732511037988226414e+08
3.553269898406907916e+08
3.669567172939486504e+08
3.523235686331497431e+08
3.564112370379956365e+08
3.473077008059312105e+08
3.655263834520049691e+08
3.559021104327927232e+08
3.412005468767095208e+08
3.339668566501079798e+08
3.627621643414942026e+08
3.453313708776624203e+08
3.450825195629404783e+08
3.407255734772279859e+08
3.386695693033891320e+08
3.490892879805335999e+08
3.437023165711326003e+08
3.492709172732051611e+08
3.235789207127990723e+08
3.382329744737401605e+08
3.363423428357582092e+08
3.347299792283169627e+08
3.255774768552763462e+08
3.258003701572356224e+08
3.483779965487772226e+08
3.183952585916494131e+08
3.233555954304487705e+08
3.388060533742473722e+08
3.255656257140296102e+08
3.227904159483105540e+08
3.240180991075150967e+08
3.324967157802503109e+08
3.292606664693653584e+08
3.279069204786877036e+08
3.206489598801131248e+08
3.319446219887908101e+08
3.174981927676131725e+08
3.278286076486822367e+08
3.267914977167105675e+08
3.231691075344722867e+08
3.157077679593508244e+08
3.144165561334140301e+08
3.208567908320762515e+08
3.174185151923683882e+08
3.246238783357450366e+08
3.059510753520755768e+08
3.336437408302730918e+08
3.043051068714015484e+08
3.109009374349130392e+08
3.218283910168535113e+08
3.132927884191048741e+08
3.073311622888314128e+08
3.062183535080162883e+08
3.290420099643214345e+08
3.032554195284308195e+08
2.970017990392346978e+08
3.050210868996276855e+08
3.047931545494816899e+08
3.008718041906729937e+08
3.064395725224250555e+08
2.940448649884023666e+08
3.048060328677433729e+08
2.771437974939339161e+08
3.068320542188911438e+08
2.938301181915441155e+08
2.824523802852356434e+08
2.970595944067877531e+08
2.856574286873936653e+08
2.874815980287094712e+08
2.885002254613937140e+08
2.797400360974195004e+08
2.837705123861094713e+08
2.887802971739599705e+08
2.833615487514876127e+08
2.722955068409866095e+08
2.704645485485407710e+08
2.708837519276441336e+08
2.766525731542065144e+08
2.727225927759361863e+08
2.769832291398520470e+08
2.671005297252984941e+08
2.688813801299295425e+08
2.653325254958246052e+08
2.691498490866924524e+08
2.716658294390066862e+08
2.541648987123899758e+08
2.585918100507209897e+08
2.535673492034966648e+08
2.631681318512140512e+08
2.497651592674015164e+08
2.491190108350591362e+08
2.597118964366074800e+08
2.398804029566598237e+08
2.443247986724745333e+08
2.474598330305357575e+08
2.493947277337748408e+08
2.449746348369915485e+08
2.394235869158029854e+08
2.436186188371284008e+08
2.301288317621179819e+08
2.417128719128489792e+08
2.500884899894158542e+08
2.153067735370730460e+08
2.172694600610576570e+08
2.370482137456677258e+08
2.395592638583146036e+08
2.219970988249879479e+08
2.178351581158533394e+08
2.185055070246322155e+08
2.055223175010917783e+08
2.182767891752091050e+08
2.080800397331865132e+08
2.156017650729785860e+08
2.069286234432246387e+08
2.034979044519078434e+08
2.027163890822035074e+08
2.004976471537744403e+08
1.889229194469351470e+08
1.916982527145720720e+08
1.878392184889832735e+08
1.936539622851504087e+08
1.833754646730538011e+08
1.864010433598172069e+08
1.815118228877757490e+08
1.688101844264048934e+08
1.765031674951905012e+08
1.712786332923351228e+08
1.699396214714537859e+08
1.681679875856875181e+08
1.685352528680813909e+08
1.661622665082518458e+08
1.519184571945005059e+08
1.519895337985869646e+08
1.542429386631052494e+08
1.553235176779852509e+08
1.536254965445942283e+08
1.480412264278908968e+08
1.515969953111338019e+08
1.436454055541020036e+08
1.415917364838982821e+08
1.289075654545919150e+08
