0.000000000000000000e+00
0.000000000000000000e+00
0.000000000000000000e+00
0.000000000000000000e+00
2.337835239545612596e+06
3.772758651222685352e+06
7.619132051243772730e+06
9.824208635457457975e+06
1.331087876211396791e+07
1.457547307173078135e+07
2.811700826547531039e+07
4.016766667399846017e+07
4.548355765916750580e+07
5.198412535889995098e+07
5.311828549916438758e+07
6.117804824284758419e+07
6.197950187739816308e+07
6.761149351372513175e+07
7.492240141821517050e+07
7.485719774549633265e+07
7.912164316747249663e+07
8.137483791017425060e+07
8.534845951968017220e+07
8.651814351727868617e+07
8.085720196894773841e+07
9.177317372721238434e+07
8.547007863084331155e+07
9.002122566583010554e+07
8.926563809312674403e+07
8.747667792725305259e+07
8.317040687243384123e+07
8.912566657486312091e+07
9.047543740368729830e+07
9.054303829021829367e+07
8.945200944358044863e+07
9.019492582865785062e+07
9.390686804043829441e+07
9.996537780546471477e+07
1.175992673685620427e+08
1.103693172094372362e+08
1.255326121454049200e+08
1.314628138281838596e+08
1.298009680423591137e+08
1.385621387968671024e+08
1.467758527671514750e+08
1.580209968370260000e+08
1.635609377232764065e+08
1.561174910808700025e+08
1.645428789727403820e+08
1.639441672208572924e+08
1.577892442861531377e+08
1.779271793901518583e+08
1.806728146120896339e+08
1.909482011958156824e+08
1.900874119221143723e+08
1.879202675724376440e+08
1.962132616225056946e+08
2.061025245719748437e+08
2.137948328773454428e+08
2.238535622944363654e+08
2.196868351848185658e+08
2.249241994532845020e+08
2.376873861226488650e+08
2.468858146781985164e+08
2.448476596124764085e+08
2.602950006906116307e+08
2.575232373247313201e+08
2.710192845335928202e+08
2.795768108010821939e+08
2.825192260402281284e+08
2.825004242306628227e+08
2.773865923928695321e+08
2.831776893504626751e+08
2.924296086880651712e+08
3.016122673860996962e+08
3.004996600367883444e+08
3.197166811157536507e+08
3.253590717337647080e+08
3.189769213313788176e+08
3.388755220355879664e+08
3.511864448682469130e+08
3.315605394865775108e+08
3.504812594105474949e+08
3.446700884451453686e+08
3.436590455486049652e+08
3.625840892900552154e+08
3.413591349447536469e+08
3.441901920870695114e+08
3.530840248050901294e+08
3.534169729470936060e+08
3.493573387384429574e+08
3.556656135859332085e+08
3.413324281282159090e+08
3.448286989021433592e+08
3.496933597902588248e+08
3.419406343991696239e+08
3.259968576880806088e+08
3.325606888065790534e+08
3.341278867375041246e+08
3.300938583076252341e+08
3.259040476547342539e+08
3.230503126299082637e+08
3.267213192267500162e+08
3.147910517768018842e+08
3.241652005784286261e+08
3.114463082124729156e+08
3.289367897290553451e+08
3.224251258330976367e+08
3.065661168718354702e+08
3.120740952020000815e+08
3.172074384431054592e+08
3.317682004386136532e+08
3.015765115706385374e+08
3.097243813479374051e+08
2.925533462667664289e+08
2.893919739330837131e+08
2.997545568705770969e+08
2.924630725751338005e+08
2.947486868545048237e+08
2.719983745176696181e+08
2.827355646357454658e+08
2.765359060775732398e+08
2.865521812095651627e+08
2.771042646460803747e+08
2.755752099557377696e+08
2.697478925963491797e+08
2.660604784609297216e+08
2.700730834390661120e+08
2.633155695363764763e+08
2.700647949185031652e+08
2.629899751743884683e+08
2.562192984182265997e+08
2.618532928193495870e+08
2.507104122681415677e+08
1.670840311960925460e+08
2.146610228488812596e+07
0.000000000000000000e+00
0.000000000000000000e+00
0.000000000000000000e+00
0.000000000000000000e+00
0.000000000000000000e+00
0.000000000000000000e+00
0.000000000000000000e+00
0.000000000000000000e+00
0.000000000000000000e+00
0.000000000000000000e+00
0.000000000000000000e+00
0.000000000000000000e+00
0.000000000000000000e+00
0.000000000000000000e+00
0.000000000000000000e+00
0.000000000000000000e+00
0.000000000000000000e+00
0.000000000000000000e+00
0.000000000000000000e+00
0.000000000000000000e+00
0.000000000000000000e+00
0.000000000000000000e+00
0.000000000000000000e+00
0.000000000000000000e+00
0.000000000000000000e+00
0.000000000000000000e+00
0.000000000000000000e+00
0.000000000000000000e+00
0.000000000000000000e+00
0.000000000000000000e+00
0.000000000000000000e+00
0.000000000000000000e+00
0.000000000000000000e+00
0.000000000000000000e+00
0.000000000000000000e+00
0.000000000000000000e+00
0.000000000000000000e+00
0.000000000000000000e+00
0.000000000000000000e+00
0.000000000000000000e+00
0.000000000000000000e+00
0.000000000000000000e+00
0.000000000000000000e+00
0.000000000000000000e+00
0.000000000000000000e+00
0.000000000000000000e+00
0.000000000000000000e+00
0.000000000000000000e+00
0.000000000000000000e+00
0.000000000000000000e+00
0.000000000000000000e+00
0.000000000000000000e+00
0.000000000000000000e+00
0.000000000000000000e+00
0.000000000000000000e+00
0.000000000000000000e+00
0.000000000000000000e+00
0.000000000000000000e+00
0.000000000000000000e+00
0.000000000000000000e+00
0.000000000000000000e+00
0.000000000000000000e+00
0.000000000000000000e+00
0.000000000000000000e+00
0.000000000000000000e+00
0.000000000000000000e+00
0.000000000000000000e+00
0.000000000000000000e+00
0.000000000000000000e+00
0.000000000000000000e+00
0.000000000000000000e+00
0.000000000000000000e+00
0.000000000000000000e+00
0.000000000000000000e+00
0.000000000000000000e+00
0.000000000000000000e+00
0.000000000000000000e+00
0.000000000000000000e+00
0.000000000000000000e+00
0.000000000000000000e+00
0.000000000000000000e+00
0.000000000000000000e+00
0.000000000000000000e+00
0.000000000000000000e+00
0.000000000000000000e+00
0.000000000000000000e+00
0.000000000000000000e+00
0.000000000000000000e+00
0.000000000000000000e+00
0.000000000000000000e+00
0.000000000000000000e+00
0.000000000000000000e+00
0.000000000000000000e+00
0.000000000000000000e+00
0.000000000000000000e+00
0.000000000000000000e+00
0.000000000000000000e+00
0.000000000000000000e+00
0.000000000000000000e+00
0.000000000000000000e+00
0.000000000000000000e+00
0.000000000000000000e+00
0.000000000000000000e+00
0.000000000000000000e+00
0.000000000000000000e+00
0.000000000000000000e+00
0.000000000000000000e+00
0.000000000000000000e+00
0.000000000000000000e+00
0.000000000000000000e+00
0.000000000000000000e+00
0.000000000000000000e+00
0.000000000000000000e+00
0.000000000000000000e+00
0.000000000000000000e+00
0.000000000000000000e+00
0.000000000000000000e+00
0.000000000000000000e+00
0.000000000000000000e+00
0.000000000000000000e+00
0.000000000000000000e+00
0.000000000000000000e+00
0.000000000000000000e+00
0.000000000000000000e+00
0.000000000000000000e+00
0.000000000000000000e+00
0.000000000000000000e+00
0.000000000000000000e+00
0.000000000000000000e+00
0.000000000000000000e+00
0.000000000000000000e+00
0.000000000000000000e+00
0.000000000000000000e+00
