0.000000000000000000e+00
0.000000000000000000e+00
0.000000000000000000e+00
0.000000000000000000e+00
2.203618980425696075e+07
5.729889864411346614e+07
9.831119460280629992e+07
1.739777016595204175e+08
2.172807839669662416e+08
2.481924214140278101e+08
5.054424754530819058e+08
5.694834929034755230e+08
5.697552198847668171e+08
5.215381250313073397e+08
4.917675359579740167e+08
4.876731651390002966e+08
4.716981734874178171e+08
4.815101047694499493e+08
4.644247785824053288e+08
4.945796198401092291e+08
5.046652990916352272e+08
4.708948346076274514e+08
4.848720231689515114e+08
5.235498389222161770e+08
5.482274022587940693e+08
5.366527234608696699e+08
5.548930051541242599e+08
5.623396257778589725e+08
5.746572313643674850e+08
5.675158376689553261e+08
5.899102491380448341e+08
6.089673926529932022e+08
6.006372148543933630e+08
6.252162024321117401e+08
6.314250817852246761e+08
6.276702283423020840e+08
6.345915051110931635e+08
6.173446468432881832e+08
6.236098795108525753e+08
6.203961137370822430e+08
6.387433262272653580e+08
6.351693804632799625e+08
6.121004475056251287e+08
6.327512047254531384e+08
6.163859843375501633e+08
6.375566687431013584e+08
6.402608884002879858e+08
6.444076051527664661e+08
6.464746160982682705e+08
6.499152783548568487e+08
6.426825358420999050e+08
6.668207312657876015e+08
6.610299076454740763e+08
6.755675667828325033e+08
6.610095005665739775e+08
6.629432295175395012e+08
6.767697054721097946e+08
6.794549017858343124e+08
6.839701104604343176e+08
6.771907879897465706e+08
6.664097209726910591e+08
6.998087458398765326e+08
6.690183220504561663e+08
6.943125724361789227e+08
6.708287688628113270e+08
6.910987487315951586e+08
6.661115061596924067e+08
6.780937767179031372e+08
6.635740667032475471e+08
6.614913654393894672e+08
6.481405636150336266e+08
6.325869043448517323e+08
6.483392399372518063e+08
6.424146106516119242e+08
6.483972285019263029e+08
6.293310588260306120e+08
6.490007967916105986e+08
6.339051341806585789e+08
6.177773500361808538e+08
6.286371903662009239e+08
6.110273170006966591e+08
6.044748604792956114e+08
6.309437616112694740e+08
6.040586580420563221e+08
6.292244141877019405e+08
6.517824163123931885e+08
6.429193705680457354e+08
6.623209306608941555e+08
6.437953115334089994e+08
6.187714275769176483e+08
5.968681446606893539e+08
5.997902837489948273e+08
5.772896812786692381e+08
5.697912954871606827e+08
5.570229915775183439e+08
5.284394819451756477e+08
5.247910956039842367e+08
5.055862470834954977e+08
5.075358653319672346e+08
4.894781819150801301e+08
4.706628350529189110e+08
4.808904226226419210e+08
4.752344635456597805e+08
4.561652888107088804e+08
4.635541240973628163e+08
4.392483036266949177e+08
4.533494190607997179e+08
4.479398434776627421e+08
4.198644129155175090e+08
4.218445729782729149e+08
4.126677588541066647e+08
4.182245251600185633e+08
3.868180039156578183e+08
3.924851163943346143e+08
3.730270407241112590e+08
3.667064356766988039e+08
3.767148595324442387e+08
3.711362400049713850e+08
3.671933728806320429e+08
3.383623122751607895e+08
3.531796136315885186e+08
3.401472163445984125e+08
3.495783822126774788e+08
3.386619956059581041e+08
3.410814613647687435e+08
3.355152398050788641e+08
3.303310151485127211e+08
3.346713251155512333e+08
3.195916803261673450e+08
3.305155911756678820e+08
3.235413273935542107e+08
3.235304216588670015e+08
3.245663602983180285e+08
3.165281449089614153e+08
2.102617409716595411e+08
2.459111135853275657e+07
0.000000000000000000e+00
0.000000000000000000e+00
0.000000000000000000e+00
0.000000000000000000e+00
0.000000000000000000e+00
0.000000000000000000e+00
0.000000000000000000e+00
0.000000000000000000e+00
0.000000000000000000e+00
0.000000000000000000e+00
0.000000000000000000e+00
0.000000000000000000e+00
0.000000000000000000e+00
0.000000000000000000e+00
0.000000000000000000e+00
0.000000000000000000e+00
0.000000000000000000e+00
0.000000000000000000e+00
0.000000000000000000e+00
0.000000000000000000e+00
0.000000000000000000e+00
0.000000000000000000e+00
0.000000000000000000e+00
0.000000000000000000e+00
0.000000000000000000e+00
0.000000000000000000e+00
0.000000000000000000e+00
0.000000000000000000e+00
0.000000000000000000e+00
0.000000000000000000e+00
0.000000000000000000e+00
0.000000000000000000e+00
0.000000000000000000e+00
0.000000000000000000e+00
0.000000000000000000e+00
0.000000000000000000e+00
0.000000000000000000e+00
0.000000000000000000e+00
0.000000000000000000e+00
0.000000000000000000e+00
0.000000000000000000e+00
0.000000000000000000e+00
0.000000000000000000e+00
0.000000000000000000e+00
0.000000000000000000e+00
0.000000000000000000e+00
0.000000000000000000e+00
0.000000000000000000e+00
0.000000000000000000e+00
0.000000000000000000e+00
0.000000000000000000e+00
0.000000000000000000e+00
0.000000000000000000e+00
0.000000000000000000e+00
0.000000000000000000e+00
0.000000000000000000e+00
0.000000000000000000e+00
0.000000000000000000e+00
0.000000000000000000e+00
0.000000000000000000e+00
0.000000000000000000e+00
0.000000000000000000e+00
0.000000000000000000e+00
0.000000000000000000e+00
0.000000000000000000e+00
0.000000000000000000e+00
0.000000000000000000e+00
0.000000000000000000e+00
0.000000000000000000e+00
0.000000000000000000e+00
0.000000000000000000e+00
0.000000000000000000e+00
0.000000000000000000e+00
0.000000000000000000e+00
0.000000000000000000e+00
0.000000000000000000e+00
0.000000000000000000e+00
0.000000000000000000e+00
0.000000000000000000e+00
0.000000000000000000e+00
0.000000000000000000e+00
0.000000000000000000e+00
0.000000000000000000e+00
0.000000000000000000e+00
0.000000000000000000e+00
0.000000000000000000e+00
0.000000000000000000e+00
0.000000000000000000e+00
0.000000000000000000e+00
0.000000000000000000e+00
0.000000000000000000e+00
0.000000000000000000e+00
0.000000000000000000e+00
0.000000000000000000e+00
0.000000000000000000e+00
0.000000000000000000e+00
0.000000000000000000e+00
0.000000000000000000e+00
0.000000000000000000e+00
0.000000000000000000e+00
0.000000000000000000e+00
0.000000000000000000e+00
0.000000000000000000e+00
0.000000000000000000e+00
0.000000000000000000e+00
0.000000000000000000e+00
0.000000000000000000e+00
0.000000000000000000e+00
0.000000000000000000e+00
0.000000000000000000e+00
0.000000000000000000e+00
0.000000000000000000e+00
0.000000000000000000e+00
0.000000000000000000e+00
0.000000000000000000e+00
0.000000000000000000e+00
0.000000000000000000e+00
0.000000000000000000e+00
0.000000000000000000e+00
0.000000000000000000e+00
0.000000000000000000e+00
0.000000000000000000e+00
0.000000000000000000e+00
0.000000000000000000e+00
0.000000000000000000e+00
0.000000000000000000e+00
0.000000000000000000e+00
0.000000000000000000e+00
0.000000000000000000e+00
0.000000000000000000e+00
0.000000000000000000e+00
0.000000000000000000e+00
0.000000000000000000e+00
