nan
nan
nan
nan
nan
nan
nan
nan
2.422855041610697761e-03
1.791997036586205237e-03
2.165350984261535470e-03
2.456470707893258863e-03
2.678963998574297387e-03
3.306526590681533369e-03
4.132656122164505251e-03
2.160191463574624542e-03
2.282897184012930205e-03
2.147802489284965713e-03
2.139659439052588475e-03
4.130105643684663964e-03
3.527154673498471196e-03
3.859924534878345428e-03
3.095071186584195163e-03
3.537691565650576651e-03
3.877101497609158291e-03
3.891030727243417579e-03
3.801304100054079746e-03
3.906280499858802609e-03
4.038708200974609579e-03
4.484855904286736902e-03
4.598202093359016716e-03
4.610514287465966414e-03
4.436008190672501190e-03
4.747883078540577305e-03
4.876436573280430557e-03
5.189178154842250153e-03
6.418855070742684500e-03
6.866110982315319286e-03
6.251771847529766571e-03
6.519521053750969297e-03
7.269008639405795218e-03
7.148236604067876102e-03
6.264495491245729991e-03
5.958263349359465069e-03
5.505508220902810904e-03
5.503003886698537746e-03
6.032217293695660114e-03
6.346163981342372966e-03
6.099269192426281551e-03
6.682106937304964703e-03
7.275795193859812583e-03
7.420218788679900160e-03
7.225822109452825076e-03
6.995915580961365940e-03
6.692886032050512739e-03
6.534812003511921742e-03
6.166080569865033632e-03
5.887450460121288094e-03
5.572162999931943965e-03
5.176201395499602752e-03
4.972222505997880848e-03
4.619440335009175613e-03
4.300289716861230641e-03
4.176521968619960161e-03
3.933219307392046664e-03
3.671725075136603785e-03
3.554178231047143942e-03
3.513511829360222837e-03
3.371423861582975232e-03
3.614847236221653808e-03
