0.000000000000000000e+00
0.000000000000000000e+00
0.000000000000000000e+00
0.000000000000000000e+00
1.676458056368203834e+05
0.000000000000000000e+00
2.342068596257688187e+05
2.240403956199855602e+05
1.584963569208879780e+05
6.672921499611978652e+05
4.345675067748983856e+05
1.090180221702056471e+06
1.637441121577130165e+06
1.516975424930174602e+06
3.079540686867660843e+06
2.011406490089785773e+06
4.257172604175609536e+06
4.142916253478340339e+06
9.676160701054466888e+06
9.015644694719370455e+06
1.592151856101705693e+07
2.238184265169066191e+07
2.342971877596552670e+07
2.775662962078832835e+07
3.601457237864129990e+07
3.808174667162880301e+07
5.061494861942441761e+07
5.111033658612015843e+07
7.561303294375893474e+07
7.866044289142790437e+07
9.663837419533133507e+07
9.292491452920545638e+07
1.061463166353887916e+08
1.129196083951024413e+08
1.271084591067143679e+08
1.331676994037531018e+08
1.458880044705536962e+08
1.453479679424029589e+08
1.700550795169504881e+08
1.555702117641634345e+08
1.786679010982070267e+08
1.794308956911809444e+08
1.834973625650311708e+08
2.020535242735922337e+08
1.882682362777104378e+08
2.060967653952823281e+08
2.140774032275496125e+08
2.106976257723553479e+08
2.280306570508742630e+08
2.187930379960584044e+08
2.234923676238487363e+08
2.306173953187204599e+08
2.302192876325501204e+08
2.348712624884972572e+08
2.255991258427288234e+08
2.345268183129822016e+08
2.363423758513346910e+08
2.317860294533045590e+08
2.308221415274007916e+08
2.285195815663206577e+08
2.172541091691884398e+08
2.293444693754703999e+08
2.127893419232412577e+08
2.164392777651701272e+08
2.113672491919901967e+08
2.085163933548442721e+08
2.070406997204936743e+08
2.066622342413502634e+08
2.093851454350786507e+08
2.019082086895962954e+08
2.057698920444486141e+08
1.968160078624795377e+08
1.933354686479000449e+08
1.971352625376415849e+08
1.954773335683745146e+08
1.804003231941314638e+08
1.898728313533940911e+08
1.816036040930859149e+08
1.767370508651748002e+08
1.690307977854189277e+08
1.757559808023014069e+08
1.620529370427606404e+08
1.505332308772023618e+08
1.540946983536374271e+08
1.580253321563909054e+08
1.476572526443923712e+08
1.426565971130604148e+08
1.305868854768993556e+08
1.374529807764029205e+08
1.243937360804692060e+08
1.249525584053513110e+08
1.191508861936476678e+08
1.143751843421147168e+08
1.107851046600610018e+08
1.106279570355456322e+08
9.701969368926134706e+07
9.610357352539300919e+07
1.009117359197135568e+08
9.482882228486397862e+07
9.226087515366318822e+07
8.391295936965882778e+07
7.921921625903896987e+07
7.991079015851321816e+07
7.790414926880179346e+07
7.737189286409777403e+07
8.092041062078203261e+07
7.557682454122689366e+07
6.929619840064212680e+07
7.388235454735904932e+07
6.772105360693763196e+07
6.801504170875763893e+07
6.102678304134516418e+07
6.038649797273663431e+07
5.762651677133551985e+07
5.858392327818104625e+07
5.624078103453132510e+07
5.494503044057857990e+07
4.982293239518762380e+07
5.019380229223313183e+07
4.815774530842659622e+07
4.445184727829590440e+07
4.453089678846818209e+07
4.360293056766967475e+07
4.537909833056040108e+07
3.530575346522817016e+07
4.070146843461667001e+07
3.834181184720116854e+07
3.295605342724310234e+07
3.282332533307487518e+07
3.670031466372805834e+07
2.779354209063598514e+07
3.146182875772446394e+07
3.013410959769216925e+07
2.873768677944523841e+07
2.866016143823212758e+07
2.263438924907374755e+07
2.350762194545336813e+07
2.202665435505637527e+07
2.256631483029832691e+07
2.136243599222850055e+07
2.050975305338264629e+07
1.735585589468139037e+07
1.632457154637934826e+07
1.460410453005360439e+07
1.401718216845833883e+07
1.374466092849662714e+07
1.311211081857705675e+07
1.083673632513581775e+07
1.335597214600408264e+07
1.322257695634394325e+07
1.009044490026058070e+07
1.078155828914356232e+07
1.160858736235946603e+07
7.240444810238434933e+06
1.094432464992242120e+07
9.605182971727512777e+06
8.032616071590276435e+06
8.091365397854948416e+06
6.379517603726187721e+06
6.334833666204449721e+06
7.272537023304658011e+06
4.977912872141942382e+06
4.203485951590326615e+06
4.626145367246536538e+06
5.025719153401803225e+06
2.211017393970666919e+06
5.141385441728460602e+06
3.872332428265517578e+06
5.895169629451948218e+06
4.109583881652588956e+06
2.764567607252703980e+06
2.523867716155431699e+06
3.921965954871307127e+06
3.576699094106174540e+06
3.150519535296903923e+06
2.603793904809109867e+06
2.781482665625809226e+06
3.086732576993531547e+06
2.985495972836514004e+06
2.228831181285060011e+06
2.805968368076719809e+06
3.242862177645380143e+06
1.420176648526002886e+06
2.628593018072842155e+06
1.742268503584052669e+06
2.481895529268999584e+06
2.087165058928714367e+06
2.430756305799821392e+06
1.400041518389715115e+06
1.008414387772783055e+06
1.638334883638513042e+06
1.467867365204591770e+06
2.228249814554793295e+06
1.721898576116613578e+06
2.820285748259407002e+06
1.594472291207300965e+06
9.629270315212341957e+05
6.363449650520335417e+05
4.530267950518798898e+05
2.120877476509659900e+05
0.000000000000000000e+00
0.000000000000000000e+00
0.000000000000000000e+00
0.000000000000000000e+00
0.000000000000000000e+00
0.000000000000000000e+00
0.000000000000000000e+00
0.000000000000000000e+00
0.000000000000000000e+00
0.000000000000000000e+00
0.000000000000000000e+00
0.000000000000000000e+00
0.000000000000000000e+00
0.000000000000000000e+00
0.000000000000000000e+00
0.000000000000000000e+00
0.000000000000000000e+00
0.000000000000000000e+00
0.000000000000000000e+00
0.000000000000000000e+00
0.000000000000000000e+00
0.000000000000000000e+00
0.000000000000000000e+00
0.000000000000000000e+00
0.000000000000000000e+00
0.000000000000000000e+00
0.000000000000000000e+00
0.000000000000000000e+00
0.000000000000000000e+00
0.000000000000000000e+00
0.000000000000000000e+00
0.000000000000000000e+00
0.000000000000000000e+00
0.000000000000000000e+00
0.000000000000000000e+00
0.000000000000000000e+00
0.000000000000000000e+00
0.000000000000000000e+00
0.000000000000000000e+00
0.000000000000000000e+00
0.000000000000000000e+00
0.000000000000000000e+00
0.000000000000000000e+00
0.000000000000000000e+00
0.000000000000000000e+00
0.000000000000000000e+00
0.000000000000000000e+00
0.000000000000000000e+00
0.000000000000000000e+00
0.000000000000000000e+00
0.000000000000000000e+00
0.000000000000000000e+00
0.000000000000000000e+00
0.000000000000000000e+00
0.000000000000000000e+00
0.000000000000000000e+00
0.000000000000000000e+00
0.000000000000000000e+00
0.000000000000000000e+00
0.000000000000000000e+00
0.000000000000000000e+00
0.000000000000000000e+00
0.000000000000000000e+00
0.000000000000000000e+00
0.000000000000000000e+00
0.000000000000000000e+00
0.000000000000000000e+00
0.000000000000000000e+00
0.000000000000000000e+00
