nan
nan
7.115095448661265358e-05
1.848831792538628365e-04
2.720236387775631058e-04
3.266782184661463288e-04
3.447742498622821260e-04
4.449523363336245572e-04
4.344415453761730789e-04
1.044668084916533556e-03
1.210755891769768914e-03
1.234967927338211655e-03
1.576380874410728775e-03
1.783745588808351460e-03
2.875623270421624657e-03
3.248325754863431135e-03
4.987641140987441463e-03
5.047997447529217058e-03
4.944947315615614257e-03
4.627846227329574999e-03
5.941553342388407148e-03
6.392325735201111712e-03
6.063814976740593624e-03
5.014258693034493244e-03
4.793440488036186491e-03
5.291402080838317548e-03
4.619911181079663400e-03
4.404096228402014888e-03
2.091630508904456908e-03
1.868700322045104391e-03
1.571448877695567512e-03
1.423590228996357869e-03
1.594853069449981599e-03
1.713324755190822647e-03
1.701016417839970162e-03
1.693030093492573808e-03
1.636892935741803739e-03
1.866425068984755957e-03
2.001357369752120464e-03
2.330028539290651679e-03
2.533802123043018412e-03
2.646735963415530832e-03
2.542909049175276145e-03
