0.000000000000000000e+00
0.000000000000000000e+00
0.000000000000000000e+00
0.000000000000000000e+00
7.550994368648922537e+05
9.343365655007165624e+05
2.056985218970689457e+06
3.777521122259459924e+06
3.147213686415803153e+06
5.769816509162203409e+06
7.835263737182613462e+06
1.164813223020059988e+07
8.932674388959068805e+06
9.930103274920504540e+06
1.022112050556940213e+07
8.969163796693850309e+06
5.944977722198494710e+06
4.918534189001383260e+06
6.014261952718942426e+06
6.381485503650351427e+06
5.900013884760208428e+06
5.752433175562208518e+06
3.131831577119196765e+06
7.829411350322412327e+06
6.173968142108977772e+06
7.213170090738116764e+06
5.687635426111954264e+06
4.548890171799179167e+06
7.669431201929206960e+06
6.287994565642456524e+06
8.576567530404066667e+06
7.531600781938814558e+06
9.498900521873651072e+06
9.776317703090004623e+06
6.856086856885591522e+06
6.746406370372692123e+06
8.080429060555821285e+06
7.925555265371408314e+06
8.423486364383099601e+06
9.509911687049180269e+06
1.000369792823400348e+07
9.690925238589398563e+06
1.097565625337534770e+07
1.025653169279046729e+07
1.185784226543297432e+07
1.390436151546718553e+07
1.681794682142726332e+07
1.747961445309648663e+07
1.948904225290548429e+07
2.191155653615152836e+07
2.815408739866732061e+07
2.922895736849248782e+07
3.202985902168711275e+07
3.490127722353766859e+07
4.027194211061242223e+07
4.558461888203519583e+07
4.694745649423588067e+07
4.713047191943514347e+07
5.085942170895248652e+07
5.886435000176977366e+07
5.955616895010476559e+07
6.663943013803759217e+07
7.256851314682754874e+07
7.658424426812341809e+07
7.770980436981466413e+07
8.557780346538484097e+07
8.272835387006752193e+07
8.919205605389213562e+07
9.561983066077843308e+07
9.909397940753865242e+07
1.157483094540692270e+08
1.242716002203708589e+08
1.156148847187270820e+08
1.307201313285764754e+08
1.347788757956443131e+08
1.480153450045544505e+08
1.434865880424567461e+08
1.482517979439192712e+08
1.686108603581115305e+08
1.622644888440365195e+08
1.735061879647604227e+08
1.783718343675087690e+08
1.773501627624535561e+08
1.935997350647120476e+08
1.979411028873658478e+08
1.943584442765335739e+08
2.050585762065911293e+08
2.014149318886416256e+08
1.957274428576881588e+08
2.100056545017645955e+08
2.119513344842180908e+08
2.186404709401018620e+08
2.127004913635921776e+08
2.264623638020394742e+08
2.444987962401891649e+08
2.297311724007584453e+08
2.460209540343872011e+08
2.399862102646961808e+08
2.448510629268771112e+08
2.443080374354016185e+08
2.475603056954047680e+08
2.553211546983544827e+08
2.571676261801333725e+08
2.469614133812032640e+08
2.641391850989264250e+08
2.576738403630815446e+08
2.663830762607502639e+08
2.716034443773754835e+08
2.734270585196120739e+08
2.648372603609669805e+08
2.688485598026645780e+08
2.799288110447131395e+08
2.736030651453460455e+08
2.931079985263879895e+08
2.798547067577444315e+08
2.943356797720658183e+08
2.784005809186072350e+08
2.941023100423992872e+08
2.960251625073139668e+08
2.956392601651723385e+08
2.850651104152348042e+08
2.897627264625498056e+08
2.956729018858841062e+08
2.932138965715141296e+08
2.820402627095062733e+08
2.923096522451313138e+08
2.800021247895364761e+08
2.892197358359462023e+08
2.926003227336801291e+08
2.776332607396950722e+08
2.835469021678823233e+08
2.811760381371845007e+08
2.852041593234670162e+08
2.754543102546445131e+08
2.875681456347359419e+08
2.878572813850262165e+08
2.766195086968500614e+08
2.797049725158033371e+08
2.824674931260874867e+08
2.787855901273189783e+08
2.821442071957968473e+08
2.682879749953003824e+08
2.790012167389081717e+08
2.729040983939889669e+08
2.847571836319197416e+08
2.699242544748871326e+08
2.699920347493699789e+08
2.832413919961524010e+08
2.735942334180592299e+08
2.858691890078210831e+08
2.672473812840919793e+08
2.698998997695761919e+08
2.769234590196002722e+08
2.679901039884852171e+08
2.820413398454578519e+08
2.720733211432588100e+08
2.663403308778038323e+08
2.567223241820453703e+08
2.729890982401037216e+08
2.601969041907605529e+08
2.742796917620266676e+08
2.667972360599934757e+08
2.701382787945061922e+08
2.592416723138086200e+08
2.674186414170830250e+08
2.597546609548214376e+08
2.750146235318925381e+08
2.564280660795284510e+08
2.543723765668573678e+08
2.501688276139530838e+08
1.837380481288560107e+07
0.000000000000000000e+00
0.000000000000000000e+00
0.000000000000000000e+00
0.000000000000000000e+00
0.000000000000000000e+00
0.000000000000000000e+00
0.000000000000000000e+00
0.000000000000000000e+00
0.000000000000000000e+00
0.000000000000000000e+00
0.000000000000000000e+00
0.000000000000000000e+00
0.000000000000000000e+00
0.000000000000000000e+00
0.000000000000000000e+00
0.000000000000000000e+00
0.000000000000000000e+00
0.000000000000000000e+00
0.000000000000000000e+00
0.000000000000000000e+00
0.000000000000000000e+00
0.000000000000000000e+00
0.000000000000000000e+00
0.000000000000000000e+00
0.000000000000000000e+00
0.000000000000000000e+00
0.000000000000000000e+00
0.000000000000000000e+00
0.000000000000000000e+00
0.000000000000000000e+00
0.000000000000000000e+00
0.000000000000000000e+00
0.000000000000000000e+00
0.000000000000000000e+00
0.000000000000000000e+00
0.000000000000000000e+00
0.000000000000000000e+00
0.000000000000000000e+00
0.000000000000000000e+00
0.000000000000000000e+00
0.000000000000000000e+00
0.000000000000000000e+00
0.000000000000000000e+00
0.000000000000000000e+00
0.000000000000000000e+00
0.000000000000000000e+00
0.000000000000000000e+00
0.000000000000000000e+00
0.000000000000000000e+00
0.000000000000000000e+00
0.000000000000000000e+00
0.000000000000000000e+00
0.000000000000000000e+00
0.000000000000000000e+00
0.000000000000000000e+00
0.000000000000000000e+00
0.000000000000000000e+00
0.000000000000000000e+00
0.000000000000000000e+00
0.000000000000000000e+00
0.000000000000000000e+00
0.000000000000000000e+00
0.000000000000000000e+00
0.000000000000000000e+00
0.000000000000000000e+00
0.000000000000000000e+00
0.000000000000000000e+00
0.000000000000000000e+00
0.000000000000000000e+00
0.000000000000000000e+00
0.000000000000000000e+00
0.000000000000000000e+00
0.000000000000000000e+00
0.000000000000000000e+00
0.000000000000000000e+00
0.000000000000000000e+00
0.000000000000000000e+00
0.000000000000000000e+00
0.000000000000000000e+00
0.000000000000000000e+00
0.000000000000000000e+00
0.000000000000000000e+00
0.000000000000000000e+00
0.000000000000000000e+00
0.000000000000000000e+00
0.000000000000000000e+00
0.000000000000000000e+00
0.000000000000000000e+00
0.000000000000000000e+00
0.000000000000000000e+00
0.000000000000000000e+00
0.000000000000000000e+00
0.000000000000000000e+00
0.000000000000000000e+00
0.000000000000000000e+00
0.000000000000000000e+00
0.000000000000000000e+00
0.000000000000000000e+00
