nan
nan
nan
nan
nan
nan
nan
nan
nan
3.549556946381926537e-03
3.113664534630982209e-03
3.273675758084589223e-03
2.388707079568196112e-03
1.844714410168337131e-03
3.400809194755318073e-03
2.044291084632996088e-03
2.292400972600250331e-03
2.540943627611013875e-03
2.700924044339487757e-03
2.926424154324403469e-03
3.442761328791670451e-03
3.469037453309219057e-03
3.991807328334592148e-03
5.228159775277432982e-03
5.102926185152546756e-03
4.487129767585097337e-03
4.137600520287987999e-03
4.237002013901148591e-03
3.892166903840958529e-03
3.880373242744305454e-03
3.735729535750065104e-03
3.827972761281422248e-03
3.605613202901250623e-03
3.410877721116293941e-03
3.287685408917890694e-03
3.284669975413974895e-03
3.274953176737851503e-03
3.335328473956058245e-03
3.429896676117304925e-03
3.482084609282907854e-03
3.461561744539253319e-03
3.369951579482839254e-03
3.324553034499768116e-03
