0.000000000000000000e+00
0.000000000000000000e+00
0.000000000000000000e+00
0.000000000000000000e+00
0.000000000000000000e+00
0.000000000000000000e+00
0.000000000000000000e+00
0.000000000000000000e+00
0.000000000000000000e+00
1.551929742096428236e+05
1.332947802107334509e+07
1.606291843374154158e+07
2.621870776215655804e+08
8.399752977477769852e+08
6.677507310681432486e+08
5.718266071550611496e+09
9.923877766439651489e+09
1.235831230829235649e+10
1.512524074194667625e+10
1.615331928206936836e+10
1.921939307680892181e+10
2.078888283152158356e+10
1.698362628566946411e+10
7.169856936523900032e+09
8.907775847249612808e+09
1.168818550865635109e+10
1.255515474394186974e+10
1.249810039184737015e+10
1.355084213256481743e+10
1.347390820326154900e+10
9.921229555530849457e+09
1.005334409190861511e+10
1.229088587925939560e+10
1.386319826619803429e+10
1.492123985152125549e+10
1.494371506247944641e+10
1.523330696852639961e+10
1.425992884169105911e+10
1.361070284279967117e+10
1.364600865937674141e+10
1.494211316084118652e+10
1.735562087321202087e+10
1.900308692559014893e+10
