0.000000000000000000e+00
0.000000000000000000e+00
0.000000000000000000e+00
0.000000000000000000e+00
6.332314131749063730e+06
7.169629219490415417e+06
1.300734860700827651e+07
1.433505920798048191e+07
1.648360553523678891e+07
2.373095438453187048e+07
3.067983903371909261e+07
3.957423809348560870e+07
3.457789348232546449e+07
3.829584472074615955e+07
5.060674702271376550e+07
4.322747988791617006e+07
5.098128121295820177e+07
4.508564739783833921e+07
5.634357465537206829e+07
5.272323604322396219e+07
5.051767821048650146e+07
5.568879351634091139e+07
4.953207112042292953e+07
6.180760731703075767e+07
6.865905553638330102e+07
6.337706893628573418e+07
7.188065662883049250e+07
7.360541134740963578e+07
8.484074543571318686e+07
8.736377077870795131e+07
1.040479362649216056e+08
1.102076513130570650e+08
1.172547037737800479e+08
1.207445466590419263e+08
1.205444191512946337e+08
1.321963665255376697e+08
1.463672811568241417e+08
1.498712828551458418e+08
1.494289962505390942e+08
1.596182106317917705e+08
1.694351711733195782e+08
1.709300923389433026e+08
1.751533436264443398e+08
1.844312605460558236e+08
1.871477621919617057e+08
1.877863043416540623e+08
1.885413220978680849e+08
2.000585799784832597e+08
2.003848555076382756e+08
2.020595972341316938e+08
2.129357596779215038e+08
2.150849315626323223e+08
2.110321501146662831e+08
2.163940495916267335e+08
2.325383654743118882e+08
2.220622782366744578e+08
2.279475380219463706e+08
2.352038862151820660e+08
2.311745860615479052e+08
2.363401994737072587e+08
2.334392621581788063e+08
2.377098182516782880e+08
2.376800619988440871e+08
2.475703417839940786e+08
2.487527008929845691e+08
2.614921530883946419e+08
2.683814295348517597e+08
2.729947098679952621e+08
2.884728027233458161e+08
2.747214244110012054e+08
3.111927116208226681e+08
3.050676575814336538e+08
2.901020863560400605e+08
2.991838967024229765e+08
3.155369178391873240e+08
3.251515013184852600e+08
3.154593972645210028e+08
3.180765379493356943e+08
3.287611682403011322e+08
3.366894374116159678e+08
3.392486017728009224e+08
3.409617327489549518e+08
3.417897067589837313e+08
3.620402591018627882e+08
3.608642359838974476e+08
3.585987347289385796e+08
3.659739719625831842e+08
3.541053175871130228e+08
3.615223603028514385e+08
3.586715096605507135e+08
3.605593627747941613e+08
3.740191038945467472e+08
3.585916725925057530e+08
3.753587670744075775e+08
3.905160619227372408e+08
3.622412329756171703e+08
3.975895928754991293e+08
3.797748054221553802e+08
3.974647333138583899e+08
3.869245339910708666e+08
3.846230730160691738e+08
3.988962701493127346e+08
4.017992960274792910e+08
3.692528976950027943e+08
3.976807324483484626e+08
3.997385314273830652e+08
3.994436565198967457e+08
4.072948239233061671e+08
4.052788906644638777e+08
4.007568348246908188e+08
3.957075332709010839e+08
4.119861615926396847e+08
3.917992153763320446e+08
4.123058534983022213e+08
3.910708683007047176e+08
4.000829086294618845e+08
3.733906637983062863e+08
3.868995894843143225e+08
3.933632517880308628e+08
3.735516242941192985e+08
3.652759898761700392e+08
3.637905248209212422e+08
3.640725383624731302e+08
3.523534560212846994e+08
3.407359144590182304e+08
3.431111354519665241e+08
3.293916463945078850e+08
3.416780188033003807e+08
3.402802989316862226e+08
3.251115566893461943e+08
3.291050936704577208e+08
3.186826842362079620e+08
3.260242354271637201e+08
3.148243115451397300e+08
3.252256195873246193e+08
3.271541511578539610e+08
3.139453041635204554e+08
3.160364836150550842e+08
3.150916662697826624e+08
3.092883157362337112e+08
3.116072433557835817e+08
2.996695896165894270e+08
3.051908686017845273e+08
3.015166573657382727e+08
3.143900165743120313e+08
2.923978104051423073e+08
2.934871641283569336e+08
3.051892421800348759e+08
2.939142623388913870e+08
3.068861603897653818e+08
2.896674511159446239e+08
2.874838367652033567e+08
2.990782025687863827e+08
2.860646652225081921e+08
2.986711849217896461e+08
2.889722776792272925e+08
2.817643235999060869e+08
2.744843186205205321e+08
2.869349091973444223e+08
2.728529201262844205e+08
2.893978391965282559e+08
2.827210686067711115e+08
2.814640363545398712e+08
2.708758242415803671e+08
2.808466823549718857e+08
2.729967458949981928e+08
2.899177132248929143e+08
2.703245068929591179e+08
2.679317063021201789e+08
2.666729711008853018e+08
2.194928277987917140e+07
0.000000000000000000e+00
0.000000000000000000e+00
0.000000000000000000e+00
0.000000000000000000e+00
0.000000000000000000e+00
0.000000000000000000e+00
0.000000000000000000e+00
0.000000000000000000e+00
0.000000000000000000e+00
0.000000000000000000e+00
0.000000000000000000e+00
0.000000000000000000e+00
0.000000000000000000e+00
0.000000000000000000e+00
0.000000000000000000e+00
0.000000000000000000e+00
0.000000000000000000e+00
0.000000000000000000e+00
0.000000000000000000e+00
0.000000000000000000e+00
0.000000000000000000e+00
0.000000000000000000e+00
0.000000000000000000e+00
0.000000000000000000e+00
0.000000000000000000e+00
0.000000000000000000e+00
0.000000000000000000e+00
0.000000000000000000e+00
0.000000000000000000e+00
0.000000000000000000e+00
0.000000000000000000e+00
0.000000000000000000e+00
0.000000000000000000e+00
0.000000000000000000e+00
0.000000000000000000e+00
0.000000000000000000e+00
0.000000000000000000e+00
0.000000000000000000e+00
0.000000000000000000e+00
0.000000000000000000e+00
0.000000000000000000e+00
0.000000000000000000e+00
0.000000000000000000e+00
0.000000000000000000e+00
0.000000000000000000e+00
0.000000000000000000e+00
0.000000000000000000e+00
0.000000000000000000e+00
0.000000000000000000e+00
0.000000000000000000e+00
0.000000000000000000e+00
0.000000000000000000e+00
0.000000000000000000e+00
0.000000000000000000e+00
0.000000000000000000e+00
0.000000000000000000e+00
0.000000000000000000e+00
0.000000000000000000e+00
0.000000000000000000e+00
0.000000000000000000e+00
0.000000000000000000e+00
0.000000000000000000e+00
0.000000000000000000e+00
0.000000000000000000e+00
0.000000000000000000e+00
0.000000000000000000e+00
0.000000000000000000e+00
0.000000000000000000e+00
0.000000000000000000e+00
0.000000000000000000e+00
0.000000000000000000e+00
0.000000000000000000e+00
0.000000000000000000e+00
0.000000000000000000e+00
0.000000000000000000e+00
0.000000000000000000e+00
0.000000000000000000e+00
0.000000000000000000e+00
0.000000000000000000e+00
0.000000000000000000e+00
0.000000000000000000e+00
0.000000000000000000e+00
0.000000000000000000e+00
0.000000000000000000e+00
0.000000000000000000e+00
0.000000000000000000e+00
0.000000000000000000e+00
0.000000000000000000e+00
0.000000000000000000e+00
0.000000000000000000e+00
0.000000000000000000e+00
0.000000000000000000e+00
0.000000000000000000e+00
0.000000000000000000e+00
0.000000000000000000e+00
0.000000000000000000e+00
0.000000000000000000e+00
0.000000000000000000e+00
