0.000000000000000000e+00
0.000000000000000000e+00
0.000000000000000000e+00
0.000000000000000000e+00
1.676458056368203834e+05
0.000000000000000000e+00
4.188511520204158151e+05
2.240403956199855602e+05
1.584963569208879780e+05
8.821401979442338925e+05
4.345675067748983856e+05
1.304881294251347193e+06
2.306301562141383998e+06
1.516975424930174602e+06
3.682077640897681005e+06
2.987538334511020686e+06
4.628287840219495818e+06
4.355044896719069220e+06
9.676160701054466888e+06
9.015644694719370455e+06
1.677376140252633020e+07
2.278279548963379115e+07
2.407548637503631786e+07
2.812018355242288113e+07
3.686742195319935679e+07
3.829848880714130402e+07
5.104048852147193998e+07
5.111033658612015843e+07
7.582791919319657981e+07
8.060662975813725591e+07
9.727953106534588337e+07
9.356459846718469262e+07
1.073808105129537135e+08
1.142864393234826028e+08
1.288889427635648847e+08
1.340459772343015671e+08
1.464858523859995008e+08
1.462093948971669376e+08
1.721910893840617537e+08
1.577279104276959300e+08
1.811427816591321528e+08
1.824238112154703736e+08
1.846967259428080022e+08
2.042564017043745518e+08
1.912519994242754579e+08
2.105239815991821885e+08
2.190136490408794284e+08
2.152870022049846351e+08
2.337999721745795012e+08
2.245377000148082376e+08
2.293014882349753976e+08
2.406771239214530587e+08
2.421460679597706795e+08
2.491495679851889610e+08
2.436759513108168840e+08
2.539028877011693716e+08
2.610580272401730716e+08
2.560657009868330956e+08
2.644066874345426559e+08
2.699169292527041435e+08
2.672319907193558216e+08
2.807228871010546684e+08
2.694502649044770002e+08
2.835452928228046298e+08
2.841141676912244558e+08
2.784861769699196815e+08
2.791196021625636816e+08
2.906078883846687078e+08
2.867307579987710118e+08
2.802039182261073589e+08
2.918750224554784894e+08
2.786004115464785695e+08
2.850437940657261610e+08
2.825286908823640347e+08
2.952742661285029650e+08
2.754621346517119408e+08
2.884805322177760601e+08
2.945054817493165731e+08
2.806631372144485712e+08
2.875849839724300504e+08
2.885657764841200709e+08
2.849104325942034125e+08
2.883300603492667675e+08
2.847801586291791201e+08
2.905973295026102066e+08
2.860830504220689535e+08
2.911331624338800311e+08
2.848702158988637924e+08
3.005291451974555254e+08
2.822407994840128422e+08
3.025573706550985575e+08
2.862080361797627211e+08
2.922939531950140595e+08
2.979987768026295900e+08
3.012911030388726592e+08
2.822246568479994535e+08
2.833288077837725282e+08
3.102498201193342209e+08
2.904260644303714037e+08
2.895058339350541830e+08
2.908535553698203564e+08
2.926801653903285265e+08
2.971845996589671373e+08
2.846610126511746645e+08
2.903397963374112844e+08
2.994109050332975388e+08
2.873222740680149198e+08
2.848110415831433535e+08
2.923050316513956785e+08
2.931071293154965639e+08
2.906809353410330415e+08
2.945645962828690410e+08
2.891656948838664293e+08
2.853305215493420959e+08
2.878149111085872650e+08
2.890121859720822573e+08
2.896620000999554396e+08
2.990779969993674755e+08
2.798752734054330587e+08
2.928046212185490131e+08
2.816203860038599968e+08
2.907051129587690830e+08
2.879667498983682394e+08
2.777518156106345654e+08
2.857623786318252087e+08
2.897655475328993201e+08
2.720906673668743372e+08
2.843868533701420426e+08
2.821122198467597365e+08
2.795784246156610250e+08
2.750051362248144150e+08
2.873241477906459570e+08
2.794054233322117329e+08
2.719003863358670473e+08
2.788875529252399206e+08
2.760390821713899970e+08
2.849665131032940149e+08
2.642151339013381600e+08
2.690384316014527082e+08
2.643331411375008225e+08
2.787828711094268560e+08
2.702659958318610191e+08
2.682596964617723525e+08
2.739689515279289484e+08
2.637489219191245139e+08
2.564290967934592664e+08
2.657617771976539493e+08
2.739773847442729473e+08
2.610480359433073997e+08
2.733898235963288546e+08
2.564644712920861840e+08
2.626128631043928266e+08
2.566749110234581828e+08
2.656023578231273293e+08
2.536994462690436244e+08
2.569772870732438266e+08
2.518783429225933552e+08
2.590251230783718824e+08
2.514963642912321389e+08
2.556766474322591424e+08
2.411640880391054451e+08
2.512446887837270498e+08
2.503299153558410406e+08
2.400536493442341089e+08
2.364375141838980913e+08
2.343907679771567583e+08
2.358721246213915944e+08
2.435352213106158674e+08
2.381580028154772818e+08
2.333823482149297893e+08
2.407575078367583752e+08
2.301633191649409831e+08
2.293670540063645840e+08
2.366331597975129485e+08
2.267677778898575902e+08
2.292531627178863287e+08
2.295179989442796707e+08
2.380269847441443801e+08
2.237188673710899949e+08
2.261476943100061417e+08
2.255521492514703572e+08
2.329493449299230874e+08
2.246608371605921388e+08
2.274140158434749246e+08
2.260614594239886105e+08
2.304493506705548167e+08
2.183589626179683805e+08
2.093773547423325181e+08
2.260163506835282147e+08
2.345990443249223232e+08
2.173823065984702110e+08
2.156081688940368891e+08
2.371373414282017350e+08
2.200283945978663266e+08
2.122887825572432876e+08
2.089827341719817221e+08
2.183428753844262362e+08
2.210448317953972816e+08
2.360046134487275481e+08
1.148734790871974677e+08
0.000000000000000000e+00
0.000000000000000000e+00
0.000000000000000000e+00
0.000000000000000000e+00
0.000000000000000000e+00
0.000000000000000000e+00
0.000000000000000000e+00
0.000000000000000000e+00
0.000000000000000000e+00
0.000000000000000000e+00
0.000000000000000000e+00
0.000000000000000000e+00
0.000000000000000000e+00
0.000000000000000000e+00
0.000000000000000000e+00
0.000000000000000000e+00
0.000000000000000000e+00
0.000000000000000000e+00
0.000000000000000000e+00
0.000000000000000000e+00
0.000000000000000000e+00
0.000000000000000000e+00
0.000000000000000000e+00
0.000000000000000000e+00
0.000000000000000000e+00
0.000000000000000000e+00
0.000000000000000000e+00
0.000000000000000000e+00
0.000000000000000000e+00
0.000000000000000000e+00
0.000000000000000000e+00
0.000000000000000000e+00
0.000000000000000000e+00
0.000000000000000000e+00
0.000000000000000000e+00
0.000000000000000000e+00
0.000000000000000000e+00
0.000000000000000000e+00
0.000000000000000000e+00
0.000000000000000000e+00
0.000000000000000000e+00
0.000000000000000000e+00
0.000000000000000000e+00
0.000000000000000000e+00
0.000000000000000000e+00
0.000000000000000000e+00
0.000000000000000000e+00
0.000000000000000000e+00
0.000000000000000000e+00
0.000000000000000000e+00
0.000000000000000000e+00
0.000000000000000000e+00
0.000000000000000000e+00
0.000000000000000000e+00
0.000000000000000000e+00
0.000000000000000000e+00
0.000000000000000000e+00
0.000000000000000000e+00
0.000000000000000000e+00
0.000000000000000000e+00
0.000000000000000000e+00
0.000000000000000000e+00
0.000000000000000000e+00
0.000000000000000000e+00
0.000000000000000000e+00
0.000000000000000000e+00
0.000000000000000000e+00
0.000000000000000000e+00
0.000000000000000000e+00
