0.000000000000000000e+00
0.000000000000000000e+00
0.000000000000000000e+00
0.000000000000000000e+00
5.548200904245309066e+05
4.042449826568374410e+06
4.178387202143161558e+06
8.577656803779881448e+06
9.674135139730349183e+06
1.385727880291652121e+07
2.974430289418686181e+07
4.306693775674960017e+07
4.869240097863027453e+07
3.809678833204868436e+07
4.804104641336648911e+07
5.430911418841516227e+07
4.884213091686319560e+07
4.877641208405806124e+07
5.857587759590634704e+07
6.451058695361855626e+07
6.560350836801733077e+07
7.089889596931713820e+07
7.227945237639053166e+07
7.634985572707691789e+07
8.634600442615343630e+07
8.199688340758821368e+07
8.965635555937695503e+07
9.097215120263989270e+07
9.237983739855936170e+07
9.995268518219432235e+07
9.886980934112215042e+07
1.073178781135914624e+08
1.105505966513912976e+08
1.139721328419807851e+08
1.347376519289700985e+08
1.264430462679876238e+08
1.367531858962611258e+08
1.439236253458076119e+08
1.532450379926331639e+08
1.560809253945706487e+08
1.837510058757478893e+08
1.735463789552876353e+08
1.854502363649534285e+08
2.050058626825251281e+08
2.056060932841774821e+08
2.154758916530216932e+08
2.121457331761034429e+08
2.259366450340135694e+08
2.288681957172917128e+08
2.439388060837138891e+08
2.662937610940429568e+08
2.605405019795444012e+08
2.871676709228830338e+08
2.797909432384167314e+08
2.992646848347112536e+08
3.000469071938315630e+08
3.294718610145060420e+08
3.437140153486753106e+08
3.536730553481537104e+08
3.706186504235934019e+08
3.666209885074388981e+08
3.735656641921991110e+08
3.752648591533609629e+08
3.692194168694230318e+08
3.888454613789939880e+08
3.641734787015696168e+08
3.660053607507814169e+08
3.620191880222720504e+08
3.672529701133964062e+08
3.444398865141123533e+08
3.488316078399009109e+08
3.566037611713771820e+08
3.489053823992691636e+08
3.561899111078702211e+08
3.467908745283015966e+08
3.338864827721831203e+08
3.328372564924467206e+08
3.196390754133250713e+08
3.049825913628819585e+08
2.973387189028882980e+08
3.004397382574525476e+08
2.804690754552482367e+08
2.876288817544109225e+08
2.911207627183632851e+08
2.613973808335319757e+08
2.625162008999159634e+08
2.568317617059252262e+08
2.540655069621697664e+08
2.402279364209473133e+08
2.326451367439000607e+08
2.253855963804699183e+08
2.279712640611853302e+08
2.061605422885731459e+08
1.956360657519243360e+08
2.134080269153710604e+08
1.894606600745708942e+08
1.711274186438607574e+08
1.674650273040016890e+08
1.559558568371236622e+08
1.443722308509515822e+08
1.330913273872516751e+08
1.194455758689813018e+08
1.088346725962610692e+08
1.035326948157399446e+08
9.317534143632759154e+07
7.448415950487253070e+07
6.757212282517458498e+07
6.456933417293140292e+07
5.517974406011545658e+07
5.259630967235929519e+07
4.616774824676042795e+07
4.414196401404482126e+07
4.382212828992229700e+07
3.704479566599804163e+07
3.426577304279737175e+07
2.966550395239834487e+07
3.024231496922949702e+07
2.779268117629914731e+07
3.199410927148392051e+07
2.327512993738207966e+07
2.693817948208706826e+07
2.127474558934148774e+07
2.383010861565358937e+07
1.792699513532706723e+07
1.838949952475448325e+07
1.688468622716223449e+07
1.830881819765425101e+07
1.561453576811356656e+07
1.214197441959175840e+07
6.592208920544159599e+06
2.128960849044104980e+05
0.000000000000000000e+00
0.000000000000000000e+00
0.000000000000000000e+00
0.000000000000000000e+00
0.000000000000000000e+00
0.000000000000000000e+00
0.000000000000000000e+00
0.000000000000000000e+00
0.000000000000000000e+00
0.000000000000000000e+00
0.000000000000000000e+00
0.000000000000000000e+00
0.000000000000000000e+00
0.000000000000000000e+00
0.000000000000000000e+00
0.000000000000000000e+00
0.000000000000000000e+00
0.000000000000000000e+00
0.000000000000000000e+00
0.000000000000000000e+00
0.000000000000000000e+00
0.000000000000000000e+00
0.000000000000000000e+00
0.000000000000000000e+00
0.000000000000000000e+00
0.000000000000000000e+00
0.000000000000000000e+00
0.000000000000000000e+00
0.000000000000000000e+00
0.000000000000000000e+00
0.000000000000000000e+00
0.000000000000000000e+00
0.000000000000000000e+00
0.000000000000000000e+00
0.000000000000000000e+00
0.000000000000000000e+00
0.000000000000000000e+00
0.000000000000000000e+00
0.000000000000000000e+00
0.000000000000000000e+00
0.000000000000000000e+00
0.000000000000000000e+00
0.000000000000000000e+00
0.000000000000000000e+00
0.000000000000000000e+00
0.000000000000000000e+00
0.000000000000000000e+00
0.000000000000000000e+00
0.000000000000000000e+00
0.000000000000000000e+00
0.000000000000000000e+00
0.000000000000000000e+00
0.000000000000000000e+00
0.000000000000000000e+00
0.000000000000000000e+00
0.000000000000000000e+00
0.000000000000000000e+00
0.000000000000000000e+00
0.000000000000000000e+00
0.000000000000000000e+00
0.000000000000000000e+00
0.000000000000000000e+00
0.000000000000000000e+00
0.000000000000000000e+00
0.000000000000000000e+00
0.000000000000000000e+00
0.000000000000000000e+00
0.000000000000000000e+00
0.000000000000000000e+00
0.000000000000000000e+00
0.000000000000000000e+00
0.000000000000000000e+00
0.000000000000000000e+00
0.000000000000000000e+00
0.000000000000000000e+00
0.000000000000000000e+00
0.000000000000000000e+00
0.000000000000000000e+00
0.000000000000000000e+00
0.000000000000000000e+00
0.000000000000000000e+00
0.000000000000000000e+00
0.000000000000000000e+00
0.000000000000000000e+00
0.000000000000000000e+00
0.000000000000000000e+00
0.000000000000000000e+00
0.000000000000000000e+00
0.000000000000000000e+00
0.000000000000000000e+00
0.000000000000000000e+00
0.000000000000000000e+00
0.000000000000000000e+00
0.000000000000000000e+00
0.000000000000000000e+00
0.000000000000000000e+00
0.000000000000000000e+00
0.000000000000000000e+00
0.000000000000000000e+00
0.000000000000000000e+00
0.000000000000000000e+00
0.000000000000000000e+00
0.000000000000000000e+00
0.000000000000000000e+00
0.000000000000000000e+00
0.000000000000000000e+00
0.000000000000000000e+00
0.000000000000000000e+00
0.000000000000000000e+00
0.000000000000000000e+00
0.000000000000000000e+00
0.000000000000000000e+00
0.000000000000000000e+00
0.000000000000000000e+00
0.000000000000000000e+00
0.000000000000000000e+00
0.000000000000000000e+00
0.000000000000000000e+00
0.000000000000000000e+00
0.000000000000000000e+00
0.000000000000000000e+00
0.000000000000000000e+00
0.000000000000000000e+00
0.000000000000000000e+00
0.000000000000000000e+00
0.000000000000000000e+00
0.000000000000000000e+00
0.000000000000000000e+00
0.000000000000000000e+00
0.000000000000000000e+00
0.000000000000000000e+00
0.000000000000000000e+00
0.000000000000000000e+00
0.000000000000000000e+00
0.000000000000000000e+00
0.000000000000000000e+00
0.000000000000000000e+00
0.000000000000000000e+00
