0.000000000000000000e+00
0.000000000000000000e+00
1.754512572696750984e+07
4.398932468618621677e+07
8.402671806524014473e+07
1.245413455823729783e+08
4.979155794186075926e+08
7.353690797120102644e+08
8.359046776159247160e+08
1.463237760022094965e+09
2.133386555164536715e+09
2.187001520184965134e+09
3.530175994381087303e+09
4.752577830171100616e+09
3.305890438715470314e+09
8.552743916864665031e+09
9.286601991092700958e+09
1.038053971380572701e+10
7.272587627106763840e+09
7.875739691246460915e+09
9.650169748192901611e+09
5.348058298191678047e+09
4.071727356837734222e+09
3.203819229287095070e+09
2.739322937153332710e+09
3.176170284703636646e+09
2.258481402921689987e+09
1.437682366281734467e+09
7.001832513824839592e+08
6.683302540773911476e+08
5.496139084906151295e+08
4.839010727750290036e+08
4.121273132526216507e+08
3.357531097420886755e+08
3.285335196516653895e+08
3.322178660583015680e+08
3.437310074247730970e+08
2.699038165654097199e+08
2.859184535208096504e+08
4.811092476009362936e+08
3.862447384221142530e+08
4.231090720605747104e+08
5.119677390116219521e+08
