0.000000000000000000e+00
0.000000000000000000e+00
0.000000000000000000e+00
6.366102613745358540e+05
3.632451699318506289e+05
2.135111214158422081e+05
1.062397744769827276e+07
1.492887972298332863e+07
2.115989789670590684e+07
9.234180751198574901e+07
4.150168468882093430e+08
4.427978879154911637e+08
2.263583739955602646e+09
5.090816385165833473e+09
4.308111798915086746e+09
1.616462279784792709e+10
2.409281104988825226e+10
3.060135776143188477e+10
3.665972596783885193e+10
4.062267585901766968e+10
4.361208853515455627e+10
3.936893125364498901e+10
2.953774442491950607e+10
2.930239096913275528e+10
2.871578876079307556e+10
3.213775955759506989e+10
3.632807655842938995e+10
3.842872662686801147e+10
4.006002923635796356e+10
4.004986023732990265e+10
3.963536628224681091e+10
3.804596509919251251e+10
3.899612294356987762e+10
4.089765538104627228e+10
4.342547521529529572e+10
4.352222709151802826e+10
4.596235289171778107e+10
4.783678293344723511e+10
4.972136359906324768e+10
5.130920052299067688e+10
5.434575127308811951e+10
5.696038858376113892e+10
5.948566581251505280e+10
