0.000000000000000000e+00
0.000000000000000000e+00
0.000000000000000000e+00
0.000000000000000000e+00
8.222352949472365435e+05
3.348434128799480852e+06
3.936649868685272988e+06
5.510287735895475373e+06
6.955363346478187479e+06
1.133634312093799934e+07
2.048369620730864629e+07
2.403393465974820405e+07
2.840613871729980409e+07
2.263751546822163835e+07
2.713453087621119246e+07
2.479864087131439894e+07
2.561626455988446251e+07
2.547437206109627336e+07
2.437830814530212432e+07
2.957998861461140588e+07
2.568673266937224567e+07
2.651434495376477391e+07
2.657953053432995826e+07
2.286538372558353096e+07
2.756860846487360448e+07
2.659579568441171199e+07
2.756664673382809758e+07
2.878880154154898226e+07
3.283467429444023222e+07
3.638942767525379360e+07
3.151900909567416087e+07
2.992898103597168624e+07
2.790484997293201089e+07
2.767601126046185568e+07
3.221910879302851111e+07
3.061732376937241852e+07
3.422716841430273652e+07
3.415663224681659043e+07
3.041712847994831204e+07
3.694377879964755476e+07
3.038240484292207658e+07
3.339587422121230513e+07
3.908600469969009608e+07
4.055619435411790013e+07
3.538557066575352848e+07
3.998680411146254838e+07
4.220981456542927027e+07
4.145790805864307284e+07
3.913061858969829232e+07
4.116312881367823482e+07
4.342459044787347317e+07
4.965103240510170907e+07
4.697352424119511247e+07
4.711822828414727747e+07
5.731564858654290438e+07
6.687416231256671250e+07
6.247630317357033491e+07
7.224781201814295352e+07
8.370183321410234272e+07
8.517222622046861053e+07
1.024723142431719154e+08
1.175598218037788272e+08
1.107807874052175581e+08
1.091208598850581199e+08
1.097998465572101176e+08
1.149388539756582379e+08
1.215864938907598406e+08
1.227022444460865259e+08
1.210364514966896176e+08
1.337477860951518267e+08
1.313566968051353991e+08
1.407927620063162446e+08
1.397641556628798842e+08
1.474607961651818752e+08
1.476583550361339152e+08
1.591223214523400962e+08
1.652526296769685149e+08
1.894141847858729064e+08
1.988373497564929724e+08
1.822238329282694459e+08
1.982760305900629461e+08
2.015697376189196408e+08
2.019320939038655162e+08
2.040893437797485888e+08
2.131441496214772463e+08
2.157779175274119377e+08
2.187335838978581429e+08
2.170082434397601783e+08
2.200767985142878294e+08
2.130722069151167870e+08
2.318740815472876430e+08
2.357160665120333731e+08
2.393356189548245668e+08
2.418248572941433489e+08
2.590279586970511079e+08
2.642532728796606064e+08
2.721687527151616812e+08
2.746110465510623455e+08
2.811680992324657440e+08
2.881091557611526251e+08
2.893279092094477415e+08
2.954595356605823636e+08
3.134927103090769053e+08
3.104775847353898287e+08
3.229111789600398540e+08
3.299618559236582518e+08
3.232823579987302423e+08
3.300955737947192788e+08
3.318754151973854303e+08
3.272607993676388264e+08
3.313088605112369657e+08
3.310230500421410203e+08
3.298168748338095546e+08
3.176765524440673590e+08
3.404782165578178167e+08
3.172199055603568554e+08
3.280934162498283982e+08
3.153003071892964840e+08
3.268131557516349554e+08
3.207560944503704309e+08
3.123712116990002394e+08
3.176913952220498323e+08
3.080599388026914597e+08
3.054452992907649279e+08
2.964613730082236528e+08
3.229782771140463352e+08
2.847502036873326302e+08
2.947109155634560585e+08
2.421631022025373876e+08
1.182203382453203797e+08
8.005126864392910153e+06
0.000000000000000000e+00
0.000000000000000000e+00
0.000000000000000000e+00
0.000000000000000000e+00
0.000000000000000000e+00
0.000000000000000000e+00
0.000000000000000000e+00
0.000000000000000000e+00
0.000000000000000000e+00
0.000000000000000000e+00
0.000000000000000000e+00
0.000000000000000000e+00
0.000000000000000000e+00
0.000000000000000000e+00
0.000000000000000000e+00
0.000000000000000000e+00
0.000000000000000000e+00
0.000000000000000000e+00
0.000000000000000000e+00
0.000000000000000000e+00
0.000000000000000000e+00
0.000000000000000000e+00
0.000000000000000000e+00
0.000000000000000000e+00
0.000000000000000000e+00
0.000000000000000000e+00
0.000000000000000000e+00
0.000000000000000000e+00
0.000000000000000000e+00
0.000000000000000000e+00
0.000000000000000000e+00
0.000000000000000000e+00
0.000000000000000000e+00
0.000000000000000000e+00
0.000000000000000000e+00
0.000000000000000000e+00
0.000000000000000000e+00
0.000000000000000000e+00
0.000000000000000000e+00
0.000000000000000000e+00
0.000000000000000000e+00
0.000000000000000000e+00
0.000000000000000000e+00
0.000000000000000000e+00
0.000000000000000000e+00
0.000000000000000000e+00
0.000000000000000000e+00
0.000000000000000000e+00
0.000000000000000000e+00
0.000000000000000000e+00
0.000000000000000000e+00
0.000000000000000000e+00
0.000000000000000000e+00
0.000000000000000000e+00
0.000000000000000000e+00
0.000000000000000000e+00
0.000000000000000000e+00
0.000000000000000000e+00
0.000000000000000000e+00
0.000000000000000000e+00
0.000000000000000000e+00
0.000000000000000000e+00
0.000000000000000000e+00
0.000000000000000000e+00
0.000000000000000000e+00
0.000000000000000000e+00
0.000000000000000000e+00
0.000000000000000000e+00
0.000000000000000000e+00
0.000000000000000000e+00
0.000000000000000000e+00
0.000000000000000000e+00
0.000000000000000000e+00
0.000000000000000000e+00
0.000000000000000000e+00
0.000000000000000000e+00
0.000000000000000000e+00
0.000000000000000000e+00
0.000000000000000000e+00
0.000000000000000000e+00
0.000000000000000000e+00
0.000000000000000000e+00
0.000000000000000000e+00
0.000000000000000000e+00
0.000000000000000000e+00
0.000000000000000000e+00
0.000000000000000000e+00
0.000000000000000000e+00
0.000000000000000000e+00
0.000000000000000000e+00
0.000000000000000000e+00
0.000000000000000000e+00
0.000000000000000000e+00
0.000000000000000000e+00
0.000000000000000000e+00
0.000000000000000000e+00
0.000000000000000000e+00
0.000000000000000000e+00
0.000000000000000000e+00
0.000000000000000000e+00
0.000000000000000000e+00
0.000000000000000000e+00
0.000000000000000000e+00
0.000000000000000000e+00
0.000000000000000000e+00
0.000000000000000000e+00
0.000000000000000000e+00
0.000000000000000000e+00
0.000000000000000000e+00
0.000000000000000000e+00
0.000000000000000000e+00
0.000000000000000000e+00
0.000000000000000000e+00
0.000000000000000000e+00
0.000000000000000000e+00
0.000000000000000000e+00
0.000000000000000000e+00
0.000000000000000000e+00
0.000000000000000000e+00
0.000000000000000000e+00
0.000000000000000000e+00
0.000000000000000000e+00
0.000000000000000000e+00
0.000000000000000000e+00
0.000000000000000000e+00
0.000000000000000000e+00
0.000000000000000000e+00
0.000000000000000000e+00
0.000000000000000000e+00
0.000000000000000000e+00
0.000000000000000000e+00
0.000000000000000000e+00
0.000000000000000000e+00
0.000000000000000000e+00
0.000000000000000000e+00
0.000000000000000000e+00
0.000000000000000000e+00
0.000000000000000000e+00
