0.000000000000000000e+00
0.000000000000000000e+00
0.000000000000000000e+00
0.000000000000000000e+00
1.377055385371767450e+06
7.390883955367855728e+06
8.115037070828434080e+06
1.408794453967535682e+07
1.662949848620853759e+07
2.519362192385452241e+07
5.022799910149551183e+07
6.710087241649779677e+07
7.709853969593009353e+07
6.073430380027031898e+07
7.517557728957769275e+07
7.910775505972956121e+07
7.445839547674764693e+07
7.425078414515432715e+07
8.295418574120847881e+07
9.409057556822995842e+07
9.129024103738957644e+07
9.741324092308191955e+07
9.885898291072049737e+07
9.921523945266047120e+07
1.139146128910270333e+08
1.085926790919999331e+08
1.172230022932050526e+08
1.197609527441888750e+08
1.252145116929995716e+08
1.363421128574481308e+08
1.303888184367962927e+08
1.372468591495631337e+08
1.384554466243233085e+08
1.416481441024426222e+08
1.669567607219986320e+08
1.570603700373600721e+08
1.709803543105638325e+08
1.780802575926241875e+08
1.836621664725814760e+08
1.930247041942182183e+08
2.141334107186699808e+08
2.069422531764999628e+08
2.245362410646435320e+08
2.455620570366430283e+08
2.409916639499310255e+08
2.554626957644842267e+08
2.543555477415327132e+08
2.673945530926566720e+08
2.679988143069900274e+08
2.851019348973920941e+08
3.097183515419163704e+08
3.101915343846460581e+08
3.341411951640781760e+08
3.269091715225640535e+08
3.565803334212541580e+08
3.669210695063983202e+08
3.919481641880763769e+08
4.159618273668183088e+08
4.373748885622560382e+08
4.557908766440619826e+08
4.690933027506107688e+08
4.911254859959778786e+08
4.860456465585785508e+08
4.783402767544811368e+08
4.986453079362041354e+08
4.791123326772278547e+08
4.875918546415412426e+08
4.847214324683586359e+08
4.882894216100860834e+08
4.781876726092641354e+08
4.801883046450363398e+08
4.973965231776934862e+08
4.886695380621491075e+08
5.036507072730520964e+08
4.944492295644354820e+08
4.930088042245231867e+08
4.980898861694152355e+08
5.090532601991979480e+08
5.038199411193748713e+08
4.795625518311576843e+08
4.987157688475155234e+08
4.820388130741678476e+08
4.895609756582764983e+08
4.952101064981118441e+08
4.745415304550092220e+08
4.782941184273278713e+08
4.755653456037833691e+08
4.710737504019299746e+08
4.603047349352351427e+08
4.457173436590168476e+08
4.572596779277575612e+08
4.636873305732187033e+08
4.454961612433977127e+08
4.374609230460677147e+08
4.724359856124222279e+08
4.537139329542315006e+08
4.432961713590224385e+08
4.420760738550639749e+08
4.371239560695893764e+08
4.324813866121041775e+08
4.224192365966994166e+08
4.149051115295636654e+08
4.223273829053380489e+08
4.140102795511297584e+08
4.160865203963674307e+08
4.044460154285306931e+08
3.908544808239047527e+08
3.946649079676506519e+08
3.870551592575008869e+08
3.798571090399980545e+08
3.774766087579973936e+08
3.751650140561858416e+08
3.736390031237318516e+08
3.547213481100653410e+08
3.747439896006152034e+08
3.468854095127552152e+08
3.583357312190579176e+08
3.430929883655955791e+08
3.588072650231188536e+08
3.440312243877524734e+08
3.393093911810873151e+08
3.389661408113913536e+08
3.318900474183449745e+08
3.233722944260919094e+08
3.148508725329781771e+08
3.398629633412086368e+08
3.030590218849868774e+08
3.103254513315696120e+08
2.543050766221291423e+08
1.248125471658645421e+08
8.218022949297321029e+06
0.000000000000000000e+00
0.000000000000000000e+00
0.000000000000000000e+00
0.000000000000000000e+00
0.000000000000000000e+00
0.000000000000000000e+00
0.000000000000000000e+00
0.000000000000000000e+00
0.000000000000000000e+00
0.000000000000000000e+00
0.000000000000000000e+00
0.000000000000000000e+00
0.000000000000000000e+00
0.000000000000000000e+00
0.000000000000000000e+00
0.000000000000000000e+00
0.000000000000000000e+00
0.000000000000000000e+00
0.000000000000000000e+00
0.000000000000000000e+00
0.000000000000000000e+00
0.000000000000000000e+00
0.000000000000000000e+00
0.000000000000000000e+00
0.000000000000000000e+00
0.000000000000000000e+00
0.000000000000000000e+00
0.000000000000000000e+00
0.000000000000000000e+00
0.000000000000000000e+00
0.000000000000000000e+00
0.000000000000000000e+00
0.000000000000000000e+00
0.000000000000000000e+00
0.000000000000000000e+00
0.000000000000000000e+00
0.000000000000000000e+00
0.000000000000000000e+00
0.000000000000000000e+00
0.000000000000000000e+00
0.000000000000000000e+00
0.000000000000000000e+00
0.000000000000000000e+00
0.000000000000000000e+00
0.000000000000000000e+00
0.000000000000000000e+00
0.000000000000000000e+00
0.000000000000000000e+00
0.000000000000000000e+00
0.000000000000000000e+00
0.000000000000000000e+00
0.000000000000000000e+00
0.000000000000000000e+00
0.000000000000000000e+00
0.000000000000000000e+00
0.000000000000000000e+00
0.000000000000000000e+00
0.000000000000000000e+00
0.000000000000000000e+00
0.000000000000000000e+00
0.000000000000000000e+00
0.000000000000000000e+00
0.000000000000000000e+00
0.000000000000000000e+00
0.000000000000000000e+00
0.000000000000000000e+00
0.000000000000000000e+00
0.000000000000000000e+00
0.000000000000000000e+00
0.000000000000000000e+00
0.000000000000000000e+00
0.000000000000000000e+00
0.000000000000000000e+00
0.000000000000000000e+00
0.000000000000000000e+00
0.000000000000000000e+00
0.000000000000000000e+00
0.000000000000000000e+00
0.000000000000000000e+00
0.000000000000000000e+00
0.000000000000000000e+00
0.000000000000000000e+00
0.000000000000000000e+00
0.000000000000000000e+00
0.000000000000000000e+00
0.000000000000000000e+00
0.000000000000000000e+00
0.000000000000000000e+00
0.000000000000000000e+00
0.000000000000000000e+00
0.000000000000000000e+00
0.000000000000000000e+00
0.000000000000000000e+00
0.000000000000000000e+00
0.000000000000000000e+00
0.000000000000000000e+00
0.000000000000000000e+00
0.000000000000000000e+00
0.000000000000000000e+00
0.000000000000000000e+00
0.000000000000000000e+00
0.000000000000000000e+00
0.000000000000000000e+00
0.000000000000000000e+00
0.000000000000000000e+00
0.000000000000000000e+00
0.000000000000000000e+00
0.000000000000000000e+00
0.000000000000000000e+00
0.000000000000000000e+00
0.000000000000000000e+00
0.000000000000000000e+00
0.000000000000000000e+00
0.000000000000000000e+00
0.000000000000000000e+00
0.000000000000000000e+00
0.000000000000000000e+00
0.000000000000000000e+00
0.000000000000000000e+00
0.000000000000000000e+00
0.000000000000000000e+00
0.000000000000000000e+00
0.000000000000000000e+00
0.000000000000000000e+00
0.000000000000000000e+00
0.000000000000000000e+00
0.000000000000000000e+00
0.000000000000000000e+00
0.000000000000000000e+00
0.000000000000000000e+00
0.000000000000000000e+00
0.000000000000000000e+00
0.000000000000000000e+00
0.000000000000000000e+00
0.000000000000000000e+00
0.000000000000000000e+00
0.000000000000000000e+00
0.000000000000000000e+00
