0.000000000000000000e+00
0.000000000000000000e+00
0.000000000000000000e+00
0.000000000000000000e+00
0.000000000000000000e+00
0.000000000000000000e+00
0.000000000000000000e+00
0.000000000000000000e+00
0.000000000000000000e+00
0.000000000000000000e+00
0.000000000000000000e+00
0.000000000000000000e+00
8.467976552140302956e+06
2.519474490155169740e+07
1.592993853465061076e+07
1.467854558985531092e+09
1.048381554105271578e+09
3.747505715129864693e+09
1.690393906493030310e+09
3.334185949992296696e+09
6.866356756835479736e+09
4.079043088815696716e+09
1.447766835141240120e+09
1.176099223973954916e+09
1.166083861483694553e+09
1.466045092382435083e+09
2.103519897059295177e+09
2.452264555556172371e+09
1.534376302199349880e+09
1.445575891651457548e+09
1.332725963642177343e+09
1.441079056439660549e+09
1.353316175797959566e+09
1.728911740060030222e+09
1.777178918118882179e+09
1.775784883333663702e+09
1.543067210517409325e+09
1.502862288465424776e+09
1.519993838640531301e+09
1.871191479491624355e+09
2.179843002179776192e+09
2.088733302114992142e+09
2.329318741011759758e+09
