0.000000000000000000e+00
0.000000000000000000e+00
0.000000000000000000e+00
0.000000000000000000e+00
0.000000000000000000e+00
0.000000000000000000e+00
1.846442923946469964e+05
0.000000000000000000e+00
0.000000000000000000e+00
2.148480479830360564e+05
0.000000000000000000e+00
2.147010725492906640e+05
6.688604405642538331e+05
0.000000000000000000e+00
6.025369540300198132e+05
9.761318444212351460e+05
3.711152360438858159e+05
2.121286432407278335e+05
0.000000000000000000e+00
0.000000000000000000e+00
8.522428415092732757e+05
4.009528379431302310e+05
6.457675990707905730e+05
3.635539316345524276e+05
8.528495745580540970e+05
2.167421355125020782e+05
4.255399020475164871e+05
0.000000000000000000e+00
2.148862494376615796e+05
1.946186866709336173e+06
6.411568700145408511e+05
6.396839379792336840e+05
1.234493877564918948e+06
1.366830928380164783e+06
1.780483656850513304e+06
8.782778305484704906e+05
5.978479154458071571e+05
8.614269547639599768e+05
2.136009867111283354e+06
2.157698663532463834e+06
2.474880560925121419e+06
2.992915524289442226e+06
1.199363377776826499e+06
2.202877430782281328e+06
2.983763146565053612e+06
4.427216203899847344e+06
4.936245813329798169e+06
4.589376432629301213e+06
5.769315123705292121e+06
5.744662018749870360e+06
5.809120611126655713e+06
1.005972860273259878e+07
1.192678032722055726e+07
1.427830549669168517e+07
1.807682546808802336e+07
1.937606938818717003e+07
2.471565138883836567e+07
2.427967153352852911e+07
3.358454590714187175e+07
4.139734768638348579e+07
4.997788155016742647e+07
5.137841772558425367e+07
5.666092298123575747e+07
6.710601505763447285e+07
7.274691849923424423e+07
6.996978361507537961e+07
7.207890244206994772e+07
8.394565414331838489e+07
7.734561256369237602e+07
7.829570953651106358e+07
8.610513041102990508e+07
8.178440368399903178e+07
9.170832541782607138e+07
8.539342834472247958e+07
9.979693256012843549e+07
9.506181145758047700e+07
9.860770086438198388e+07
1.129018776562306434e+08
1.039260863492737412e+08
1.185541861870111078e+08
1.128097956818186641e+08
1.228574955514427722e+08
1.377968294720644355e+08
1.306854602755416781e+08
1.325719973462192714e+08
1.384257977776765227e+08
1.484765653208196163e+08
1.542833304219644070e+08
1.630761644210525751e+08
1.578470634035436511e+08
1.776048122497472167e+08
1.670571499861150980e+08
1.779187688528993726e+08
1.872136721425685883e+08
1.906631460033270121e+08
1.852049631587381065e+08
1.872252342583795190e+08
2.093380841996206641e+08
1.955972421455073953e+08
1.972449587813910246e+08
2.069405960001615286e+08
2.134609491312895417e+08
2.172738095004539192e+08
2.067568633823728859e+08
2.129679034733135104e+08
2.184904944125155210e+08
2.117454495267879963e+08
2.155148431825012565e+08
2.184226771040365994e+08
2.253860757085589170e+08
2.226658936322754323e+08
2.335378132415239215e+08
2.287791969111297727e+08
2.277040047780066133e+08
2.292309878304061890e+08
2.327714049375509024e+08
2.347169696593768597e+08
2.492550646041797996e+08
2.296814711131999493e+08
2.446468759101224542e+08
2.371685387255640924e+08
2.461742161703009009e+08
2.443638193306985199e+08
2.323727172800741494e+08
2.504566251665970087e+08
2.490640790982826352e+08
2.337488555196731389e+08
2.514307999428989291e+08
2.492888945136848688e+08
2.428781099519329667e+08
2.472115941341784298e+08
2.558623190329214931e+08
2.492713137345195711e+08
2.431626995564218163e+08
2.502273914870078266e+08
2.534046929223162532e+08
2.614588911578406096e+08
2.421884795462817550e+08
2.464721167711543441e+08
2.429707051452723145e+08
2.582731180560442209e+08
2.529101399371796548e+08
2.519351249153930247e+08
2.593648469978753626e+08
2.497317397506661415e+08
2.426844358649626076e+08
2.526496663790768981e+08
2.631406484191371202e+08
2.476920637973033488e+08
2.601672466399848461e+08
2.463740263918256164e+08
2.518313048152492642e+08
2.450663236610987186e+08
2.583619130128888786e+08
2.427551216191211939e+08
2.473721041015163064e+08
2.438457268510030508e+08
2.509337576805169284e+08
2.451168466875059605e+08
2.493418137660546899e+08
2.338915510158007741e+08
2.462667759115850925e+08
2.461264294042506814e+08
2.354275039769876003e+08
2.314117950304962993e+08
2.321797505831860900e+08
2.307307391796631217e+08
2.396628888823503554e+08
2.322628331860253215e+08
2.292727643332772255e+08
2.379929402295056283e+08
2.276394514487855732e+08
2.254450880514932871e+08
2.330564607034067810e+08
2.236172583545606732e+08
2.266493688130772412e+08
2.267365162786538601e+08
2.349402521671508849e+08
2.207333713982535005e+08
2.239188631287210584e+08
2.227461808833936453e+08
2.297064827522777021e+08
2.232406605120661259e+08
2.247854228254021108e+08
2.243191909204045534e+08
2.279674551412858367e+08
2.162717975590396821e+08
2.069465984365327358e+08
2.246163091651384830e+08
2.335906299371495545e+08
2.157439717148317099e+08
2.141403015288322866e+08
2.349090916136469245e+08
2.183064960217497349e+08
2.094684968089838624e+08
2.073882618807744086e+08
2.173799483529050052e+08
2.204084868303452730e+08
2.355515866536756754e+08
1.146613913395465016e+08
0.000000000000000000e+00
0.000000000000000000e+00
0.000000000000000000e+00
0.000000000000000000e+00
0.000000000000000000e+00
0.000000000000000000e+00
0.000000000000000000e+00
0.000000000000000000e+00
0.000000000000000000e+00
0.000000000000000000e+00
0.000000000000000000e+00
0.000000000000000000e+00
0.000000000000000000e+00
0.000000000000000000e+00
0.000000000000000000e+00
0.000000000000000000e+00
0.000000000000000000e+00
0.000000000000000000e+00
0.000000000000000000e+00
0.000000000000000000e+00
0.000000000000000000e+00
0.000000000000000000e+00
0.000000000000000000e+00
0.000000000000000000e+00
0.000000000000000000e+00
0.000000000000000000e+00
0.000000000000000000e+00
0.000000000000000000e+00
0.000000000000000000e+00
0.000000000000000000e+00
0.000000000000000000e+00
0.000000000000000000e+00
0.000000000000000000e+00
0.000000000000000000e+00
0.000000000000000000e+00
0.000000000000000000e+00
0.000000000000000000e+00
0.000000000000000000e+00
0.000000000000000000e+00
0.000000000000000000e+00
0.000000000000000000e+00
0.000000000000000000e+00
0.000000000000000000e+00
0.000000000000000000e+00
0.000000000000000000e+00
0.000000000000000000e+00
0.000000000000000000e+00
0.000000000000000000e+00
0.000000000000000000e+00
0.000000000000000000e+00
0.000000000000000000e+00
0.000000000000000000e+00
0.000000000000000000e+00
0.000000000000000000e+00
0.000000000000000000e+00
0.000000000000000000e+00
0.000000000000000000e+00
0.000000000000000000e+00
0.000000000000000000e+00
0.000000000000000000e+00
0.000000000000000000e+00
0.000000000000000000e+00
0.000000000000000000e+00
0.000000000000000000e+00
0.000000000000000000e+00
0.000000000000000000e+00
0.000000000000000000e+00
0.000000000000000000e+00
0.000000000000000000e+00
