0.000000000000000000e+00
0.000000000000000000e+00
0.000000000000000000e+00
6.366102613745358540e+05
3.632451699318506289e+05
2.135111214158422081e+05
1.062397744769827276e+07
1.492887972298332863e+07
2.115989789670590684e+07
9.218661453777611256e+07
4.016873688671360016e+08
4.267349694817496538e+08
2.001396662334036827e+09
4.250841087418056488e+09
3.640361067846944332e+09
1.044635672629731750e+10
1.416893328344859886e+10
1.824304545313952637e+10
2.153448522589216614e+10
2.446935657694830322e+10
2.439269545834563446e+10
1.858004842212339401e+10
1.255411813925004196e+10
2.213253403260886002e+10
1.980801291354346466e+10
2.044957404893871689e+10
2.377292181448752213e+10
2.593062623502063751e+10
2.650918710379314804e+10
2.657595203406835175e+10
2.971413672671595764e+10
2.799262100728389359e+10
2.670523706431049347e+10
2.703445711484823990e+10
2.850423536377404022e+10
2.857851202903857803e+10
3.072904592319139862e+10
3.357685409175616074e+10
3.611066075626358795e+10
3.766319186361395264e+10
3.940363811224693298e+10
3.960476771054912567e+10
4.048257888692490387e+10
