0.000000000000000000e+00
0.000000000000000000e+00
0.000000000000000000e+00
0.000000000000000000e+00
7.094677164182685083e+05
2.067073746482605580e+06
2.694185040009521414e+06
2.299210778071553446e+06
4.303211484429761767e+06
3.317246855001436081e+06
5.404188715196163394e+06
7.483808296032461338e+06
9.228754355459703133e+06
9.371479915372239426e+06
1.305468855420015566e+07
1.196006811456382275e+07
1.482710753166924603e+07
1.586110405199696310e+07
2.061389893663673848e+07
2.051940124868466333e+07
2.265033937876963243e+07
2.472213696653598547e+07
2.274045265883298591e+07
2.612815846326274052e+07
3.191537749655675516e+07
2.791853888046777248e+07
3.670746980308745056e+07
4.008174292604897916e+07
4.712791822472783923e+07
4.651911193533908576e+07
5.121577421045957506e+07
5.772194790803194046e+07
6.148870159454121441e+07
6.476208882756812125e+07
6.058530186570751667e+07
6.916643836607322097e+07
8.252867975072348118e+07
8.887590614841745794e+07
8.829932701372507215e+07
9.709315617797631025e+07
1.070705305200337172e+08
1.026075910789836198e+08
1.229467509705224484e+08
1.243714141070266813e+08
1.319909734411950409e+08
1.328774952147320807e+08
1.354105000073059201e+08
1.416807618307453394e+08
1.391531784946625829e+08
1.434211723758428991e+08
1.495861428250325322e+08
1.553365152566289604e+08
1.560402020291244090e+08
1.596538494457997084e+08
1.660797972770867348e+08
1.531900816701465845e+08
1.592546909502136111e+08
1.681417265656184554e+08
1.662420199752111435e+08
1.639732077248822451e+08
1.591163837581086159e+08
1.617854678173744082e+08
1.562057880371967852e+08
1.637292890123768449e+08
1.639362795461543500e+08
1.627264108857921958e+08
1.725218363347623348e+08
1.713625315894891024e+08
1.790713266548265219e+08
1.570968452974313498e+08
1.791712509043104053e+08
1.707969596340338588e+08
1.662916765332183242e+08
1.587853691623523235e+08
1.734319388231258392e+08
1.690765990153219104e+08
1.625603047231214345e+08
1.602719727314776778e+08
1.532473327049654722e+08
1.691345883122485280e+08
1.608471086732418537e+08
1.556498345172123313e+08
1.525020869015688002e+08
1.547523980492617488e+08
1.504441673081765771e+08
1.539703649773128629e+08
1.478680365066258013e+08
1.425625173476403356e+08
1.573104052794057131e+08
1.413363577287634015e+08
1.397726046640925407e+08
1.480367698448126614e+08
1.369245597424790263e+08
1.387960307259115279e+08
1.353798214000377059e+08
1.218195442617921531e+08
1.401396936326118410e+08
1.261264133938875198e+08
1.343670923686601520e+08
1.296325384506387860e+08
1.227578026245465279e+08
1.338340827666684985e+08
1.371380543122338653e+08
1.149946665357394069e+08
1.244161865503416657e+08
1.343461703990871906e+08
1.252349102819200456e+08
1.260516686695486307e+08
1.206274084610697031e+08
1.268021686720007211e+08
1.140091473435616791e+08
1.154902536128377914e+08
1.015348838503172845e+08
1.044243702556436062e+08
9.594255433888223767e+07
9.463304150165370107e+07
8.427896792781609297e+07
7.824346073693999648e+07
8.807441463709007204e+07
6.897305343579144776e+07
6.671887525086846948e+07
6.380978032211247087e+07
6.181655038808721304e+07
5.233833310778127611e+07
5.214825999492612481e+07
4.613139744882439077e+07
4.434886464660525322e+07
4.438078397909219563e+07
4.113761939513982087e+07
3.817570945631965250e+07
3.795124475513981283e+07
3.159940883038833737e+07
3.368530035782203078e+07
3.063790048207363114e+07
3.022414248199983686e+07
3.011513060383935273e+07
2.690243010491796583e+07
2.534466538421913981e+07
2.328360644640525430e+07
2.170038202432334796e+07
2.023091756199385971e+07
2.207078903441224247e+07
1.773227691210650653e+07
1.935627284866517037e+07
2.024066550246827304e+07
1.383894481955553405e+07
1.418428212850046158e+07
1.472823543176061474e+07
1.148598094738141075e+07
1.246738192603798397e+07
1.234603285702001676e+07
9.332905986202083528e+06
1.031675190631095693e+07
1.105859346272170544e+07
8.396412876053350046e+06
7.543222921698955819e+06
6.498274327559698373e+06
6.748401902452100068e+06
6.301661118764631450e+06
3.597000272771365941e+06
5.773928484724328853e+06
4.815545747650097124e+06
3.825563914044096135e+06
3.472614754569854122e+06
5.132822340438777581e+06
2.771925435378856957e+06
3.003766049930458423e+06
3.406480631195510738e+06
2.248496378265143372e+06
3.450211887992845383e+06
6.575568719219272025e+05
0.000000000000000000e+00
0.000000000000000000e+00
0.000000000000000000e+00
0.000000000000000000e+00
0.000000000000000000e+00
0.000000000000000000e+00
0.000000000000000000e+00
0.000000000000000000e+00
0.000000000000000000e+00
0.000000000000000000e+00
0.000000000000000000e+00
0.000000000000000000e+00
0.000000000000000000e+00
0.000000000000000000e+00
0.000000000000000000e+00
0.000000000000000000e+00
0.000000000000000000e+00
0.000000000000000000e+00
0.000000000000000000e+00
0.000000000000000000e+00
0.000000000000000000e+00
0.000000000000000000e+00
0.000000000000000000e+00
0.000000000000000000e+00
0.000000000000000000e+00
0.000000000000000000e+00
0.000000000000000000e+00
0.000000000000000000e+00
0.000000000000000000e+00
0.000000000000000000e+00
0.000000000000000000e+00
0.000000000000000000e+00
0.000000000000000000e+00
0.000000000000000000e+00
0.000000000000000000e+00
0.000000000000000000e+00
0.000000000000000000e+00
0.000000000000000000e+00
0.000000000000000000e+00
0.000000000000000000e+00
0.000000000000000000e+00
0.000000000000000000e+00
0.000000000000000000e+00
0.000000000000000000e+00
0.000000000000000000e+00
0.000000000000000000e+00
0.000000000000000000e+00
0.000000000000000000e+00
0.000000000000000000e+00
0.000000000000000000e+00
0.000000000000000000e+00
0.000000000000000000e+00
0.000000000000000000e+00
0.000000000000000000e+00
0.000000000000000000e+00
0.000000000000000000e+00
0.000000000000000000e+00
0.000000000000000000e+00
0.000000000000000000e+00
0.000000000000000000e+00
0.000000000000000000e+00
0.000000000000000000e+00
0.000000000000000000e+00
0.000000000000000000e+00
0.000000000000000000e+00
0.000000000000000000e+00
0.000000000000000000e+00
0.000000000000000000e+00
0.000000000000000000e+00
0.000000000000000000e+00
0.000000000000000000e+00
0.000000000000000000e+00
0.000000000000000000e+00
0.000000000000000000e+00
0.000000000000000000e+00
0.000000000000000000e+00
0.000000000000000000e+00
0.000000000000000000e+00
0.000000000000000000e+00
0.000000000000000000e+00
0.000000000000000000e+00
0.000000000000000000e+00
0.000000000000000000e+00
0.000000000000000000e+00
0.000000000000000000e+00
0.000000000000000000e+00
0.000000000000000000e+00
0.000000000000000000e+00
0.000000000000000000e+00
0.000000000000000000e+00
0.000000000000000000e+00
0.000000000000000000e+00
0.000000000000000000e+00
0.000000000000000000e+00
0.000000000000000000e+00
0.000000000000000000e+00
0.000000000000000000e+00
0.000000000000000000e+00
