0.000000000000000000e+00
0.000000000000000000e+00
8.501456161905274494e+05
1.697618816118740011e+06
1.712262601135252742e+06
5.686780653021621518e+06
3.811578756645522267e+07
4.383914278951407969e+07
9.578530130460263789e+07
2.444654486154137254e+08
8.025428036080982685e+08
8.433840490375137329e+08
1.325539333359230518e+09
1.110918099204328537e+09
1.217467664585083246e+09
2.012734624492030859e+09
1.378165909228940964e+09
1.605544010247717381e+09
1.579289487265110493e+09
1.689466189818225861e+09
2.011209794647696972e+09
1.257078781022704840e+09
9.788800304157797098e+08
8.780021518028531075e+08
1.081184025885989904e+09
1.473658170801831722e+09
1.443773224706951618e+09
9.671752127326219082e+08
5.921079293679997921e+08
5.827625823285768032e+08
4.038346830627738237e+08
3.643791957383923531e+08
4.685762956550652981e+08
5.607945839721808434e+08
6.058362330829815865e+08
6.106493949147942066e+08
5.687977846197557449e+08
5.666218054134504795e+08
4.720704328190335035e+08
3.243643157959845662e+08
2.947318895160210133e+08
6.082907808195157051e+08
1.089539955844704151e+09
