nan
nan
nan
1.357985202048439533e-04
1.128371033701114357e-03
1.532278489321470261e-03
6.877913004949354550e-04
8.394823851088037978e-04
9.441344966681099703e-04
1.825989736855495324e-03
1.993426542957454570e-03
1.996139885801954863e-03
1.475506204375886784e-03
1.202830626006783305e-03
2.015263674660503889e-03
1.607995389185428760e-03
2.073479566167397720e-03
2.085278305881932935e-03
2.464437632536369514e-03
2.446994906379028334e-03
2.800951337054892985e-03
3.070069142972190867e-03
3.790955404159001337e-03
4.168227072924387926e-03
4.249940648322012189e-03
4.083082148240211803e-03
3.769055533930141741e-03
3.650078696580949349e-03
3.563160280642145485e-03
3.555534033756361807e-03
3.501719974547956582e-03
3.423637308162028655e-03
3.314072870242976143e-03
3.206270643190293340e-03
3.105004364711358954e-03
3.101167914368354629e-03
3.006671141555416083e-03
2.928927852995602543e-03
2.868086770349865221e-03
2.816853162466275481e-03
2.755325672296049869e-03
2.716279559830530287e-03
2.694754713210531158e-03
