nan
nan
nan
nan
nan
nan
nan
nan
nan
nan
nan
nan
3.429029022906130656e-03
3.283225582400001782e-03
5.383121392223983587e-03
3.178127294014041187e-03
4.686434639184054382e-03
4.262165336481152887e-03
5.305563584272287789e-03
4.876466435405479340e-03
4.738784077637506892e-03
5.432684478766756399e-03
6.257420281878517572e-03
7.708982991046973293e-03
6.032246464811717550e-03
5.736160357141817552e-03
5.973627597221452430e-03
5.349028881787394434e-03
5.101709121033335542e-03
5.013628010156027069e-03
4.735579673530295082e-03
4.150778050974142375e-03
4.188223084393089338e-03
4.108244528700304501e-03
3.974496981774438761e-03
3.974450320227570187e-03
3.997649101333721616e-03
4.026359069536471387e-03
4.151249028721851371e-03
4.108433133826608526e-03
4.132099224100935914e-03
4.263480911443066901e-03
4.195122840259610936e-03
