1.840728981092083966e+06
3.277161443485388532e+06
1.519363409602480382e+07
2.089315307935561240e+07
2.593082767157411575e+07
2.911630577938917652e+07
6.625272804533477873e+07
7.406026930121143162e+07
9.200582089328938723e+07
1.832184691462829411e+08
3.797537059539792538e+08
3.876157264424580336e+08
7.749018749678075314e+08
8.733397970348629951e+08
1.459746979301484108e+09
3.117901013605943680e+09
4.238675866152608395e+09
6.387185776442331314e+09
5.764132608574182510e+09
6.671667901218041420e+09
1.063506402785751534e+10
1.001876459018304443e+10
9.981468160699556351e+09
9.896504076845439911e+09
9.822079037117322922e+09
1.071131345175659561e+10
1.069814193460890579e+10
1.069770205103122520e+10
1.066967356769771957e+10
1.066823684941522217e+10
1.062351658428583336e+10
1.062221808065535164e+10
1.055819526778693771e+10
1.054151189263217545e+10
1.050031636328929520e+10
1.049871897702497482e+10
1.047248436884751511e+10
1.044892444172253609e+10
1.043398896515752411e+10
1.049103066233283043e+10
1.043698413998008728e+10
1.042802302577561569e+10
1.041202466583831215e+10
