0.000000000000000000e+00
0.000000000000000000e+00
0.000000000000000000e+00
0.000000000000000000e+00
0.000000000000000000e+00
1.600109582463038387e+05
0.000000000000000000e+00
6.683049098991410574e+05
1.081531730144629022e+06
1.316312523450903362e+06
2.938174483924339991e+06
1.713299718818043824e+06
3.090909287787355483e+06
3.757119763215431012e+06
6.037931995395270176e+06
6.100551384610940702e+06
7.114341932864363305e+06
1.066096943598068506e+07
1.042622382531607524e+07
1.141299337251863256e+07
1.949336829477429017e+07
2.208262227002237737e+07
2.390868059382696450e+07
3.085799459144237265e+07
4.468994561579298973e+07
5.274292166036677361e+07
6.610238525353069603e+07
7.407724771666249633e+07
9.217071950659778714e+07
1.086193131876130700e+08
1.124487621343282759e+08
1.317092952434791923e+08
1.519683008843710423e+08
1.460886761383342147e+08
1.633848025182159841e+08
1.737420477937290072e+08
1.896914801576409340e+08
1.928803741386712193e+08
2.067173888936311603e+08
2.037897391591455340e+08
2.221924075404580235e+08
2.341457266461721659e+08
2.371891741220549941e+08
2.421384636528196931e+08
2.518822303385378122e+08
2.569688429698306918e+08
2.665486967399362922e+08
2.697282833061271906e+08
2.646307620525869131e+08
2.713888190583798885e+08
2.899891743995000124e+08
2.763396563974125385e+08
2.873887128497169018e+08
2.842647539706724882e+08
2.973746547556570172e+08
2.785753124585375190e+08
2.952059577828092575e+08
3.017699184546675682e+08
2.860553207805807590e+08
3.035793205643132925e+08
3.013956263013789654e+08
2.909369126431907415e+08
2.901487842286566496e+08
2.949883620485730171e+08
2.925716869716491103e+08
2.651112982815737724e+08
2.870281040844410062e+08
2.709868254691254497e+08
2.768119633353611827e+08
2.613719763481031060e+08
2.589257069634988308e+08
2.485772392631564736e+08
2.492310171269869506e+08
2.417343985775992572e+08
2.291564965067469478e+08
2.260013804384135604e+08
2.270532682473430634e+08
2.170451780015159249e+08
2.132444349817818999e+08
2.136097383189811110e+08
2.044441045102286935e+08
1.984121709998064637e+08
1.954564507950137854e+08
1.962348279393987358e+08
1.821190676495314240e+08
1.818632415298031569e+08
1.849166089632348418e+08
1.692243474033459425e+08
1.590115273554306030e+08
1.640709023979317844e+08
1.571570939720717371e+08
1.517438140014785826e+08
1.405263250698936582e+08
1.377159543330273032e+08
1.384329095483682752e+08
1.258275720839409530e+08
1.242298207677672505e+08
1.282866468931813240e+08
1.207848045539250374e+08
1.151031054266207218e+08
1.162586490072667599e+08
1.093108372594033778e+08
1.073407629056800604e+08
1.053909927425268590e+08
9.184151424364280701e+07
9.026122113730177283e+07
9.156268930773732066e+07
9.261957283072604239e+07
9.121787718244302273e+07
8.540400468339504302e+07
8.446317135608185828e+07
8.165676450714963675e+07
7.449808992435316741e+07
7.425897518638169765e+07
6.721842187074455619e+07
6.950561465079994500e+07
7.101825232473553717e+07
6.479153235348534584e+07
6.107274768090621382e+07
5.792557712137670815e+07
5.630012865222135186e+07
5.105526211544576287e+07
5.127902556778980792e+07
5.052116679771827161e+07
5.499266176193947345e+07
4.962560450832930952e+07
5.190975761314702034e+07
4.534570447718923539e+07
4.244847677159431577e+07
4.083416944236472994e+07
3.634046992063666880e+07
3.813894398262985796e+07
3.186257843024615943e+07
3.369741316867087781e+07
3.595480828910742700e+07
2.892201587184500694e+07
2.338718233356096968e+07
2.773017779377923161e+07
2.243460100202050805e+07
2.351167963073847815e+07
2.338613319589063898e+07
2.503478299038094655e+07
2.223095558241669089e+07
1.717513406962016597e+07
1.722644861911436915e+07
1.727419112535992637e+07
1.524675987803097628e+07
1.619449398380648531e+07
1.657064567752247117e+07
1.118732308040547557e+07
1.208105564446256869e+07
1.466556052954505570e+07
1.466923903948786110e+07
1.387932219587791339e+07
1.483805200663809292e+07
1.358972761364981532e+07
1.366876535252395645e+07
9.648971171488769352e+06
1.096630224381413683e+07
1.136514157419104502e+07
9.575991375077689067e+06
1.117403932934597507e+07
8.021425414842317812e+06
6.376980723185347393e+06
8.755393651454746723e+06
8.408944866697262973e+06
7.356534430091476068e+06
5.895732130328221247e+06
7.219146076228723861e+06
4.790452193048118614e+06
6.879293453054158017e+06
7.192405976760037243e+06
6.948251458349789493e+06
4.062404097340548411e+06
4.507437158569596708e+06
4.259290436174130067e+06
3.630665501539192162e+06
2.207553496069606394e+06
3.705304235838605091e+06
3.662393004696383141e+06
3.810733066244618036e+06
2.133249304273738526e+06
2.649624486968989484e+06
3.114991664392279461e+06
3.273405477157413028e+06
2.915551216369062662e+06
3.628005602643202525e+06
1.603337177080486901e+06
1.991522612233097432e+06
1.486619153660913697e+06
1.470847396435166011e+06
1.381905167111075949e+06
1.164448346627291758e+06
1.820831466766782571e+06
9.449487361705934163e+05
2.187074103819166776e+06
1.862244599888308672e+06
1.696532167797673028e+06
7.340402183768409304e+05
9.952972102531400742e+05
6.546974274168398697e+05
1.374907904070670716e+06
6.306573487335569225e+05
8.352848773071127944e+05
1.116666858318724670e+06
1.325572652764667524e+06
1.586939703515305184e+06
1.535909150404665153e+06
8.556324227288035909e+05
7.623191594791321550e+05
1.252090310346158454e+06
0.000000000000000000e+00
2.187282795671650674e+05
7.448451509617033880e+05
6.362563487301644636e+05
2.325247521752608882e+05
3.669018850122069707e+05
1.077252061940363375e+06
4.155741303852739511e+05
0.000000000000000000e+00
0.000000000000000000e+00
0.000000000000000000e+00
8.807571878501310712e+05
1.344724499564619036e+05
2.120841831029394525e+05
0.000000000000000000e+00
2.177424609805852233e+05
2.120842659994052083e+05
6.362562105693882331e+05
3.537596865759900538e+05
0.000000000000000000e+00
3.629951403751209145e+05
0.000000000000000000e+00
0.000000000000000000e+00
0.000000000000000000e+00
2.120841278386289778e+05
2.442330766276087088e+05
1.616184726937293017e+05
0.000000000000000000e+00
4.532246412834303337e+05
1.631105952608537918e+05
4.241682556772579555e+05
0.000000000000000000e+00
0.000000000000000000e+00
0.000000000000000000e+00
0.000000000000000000e+00
0.000000000000000000e+00
0.000000000000000000e+00
0.000000000000000000e+00
0.000000000000000000e+00
0.000000000000000000e+00
0.000000000000000000e+00
0.000000000000000000e+00
0.000000000000000000e+00
0.000000000000000000e+00
0.000000000000000000e+00
0.000000000000000000e+00
0.000000000000000000e+00
0.000000000000000000e+00
0.000000000000000000e+00
0.000000000000000000e+00
0.000000000000000000e+00
0.000000000000000000e+00
0.000000000000000000e+00
0.000000000000000000e+00
0.000000000000000000e+00
0.000000000000000000e+00
0.000000000000000000e+00
0.000000000000000000e+00
