0.000000000000000000e+00
0.000000000000000000e+00
0.000000000000000000e+00
0.000000000000000000e+00
0.000000000000000000e+00
3.956904735858273925e+05
2.306739089687525120e+05
1.039651275105569395e+06
1.081531730144629022e+06
1.316312523450903362e+06
3.363679320766851306e+06
1.713299718818043824e+06
3.303244688629700337e+06
3.757119763215431012e+06
6.037931995395270176e+06
6.313478901091942564e+06
7.328089115782458335e+06
1.087822275254912861e+07
1.042622382531607524e+07
1.227830582279229537e+07
1.985787002314981073e+07
2.245055886871986091e+07
2.434339312796866894e+07
3.141699218708519638e+07
4.518157623109895736e+07
5.296855774387174100e+07
6.631482010249976069e+07
7.513990516500659287e+07
9.302950028183084726e+07
1.091277887101580203e+08
1.127198168045584261e+08
1.325629495492944568e+08
1.532747302424878180e+08
1.463007658755003512e+08
1.638151939911848605e+08
1.745581891967791915e+08
1.920658830453688502e+08
1.946080399669777155e+08
2.100839614668450356e+08
2.063745546918253303e+08
2.240217960916126370e+08
2.376287676760874987e+08
2.414565973854134083e+08
2.471932387911614180e+08
2.560048353276143074e+08
2.630482658828645051e+08
2.722334985576083064e+08
2.781928175618038177e+08
2.768208367319381833e+08
2.813119056310387254e+08
2.991880056591720581e+08
2.893954287883619070e+08
3.026127199413728714e+08
3.018404804444028139e+08
3.143284922750408649e+08
2.984587547012065649e+08
3.152085296452468634e+08
3.233710528788166046e+08
3.090967696084468365e+08
3.290779521034054756e+08
3.299803462152134180e+08
3.274009057722682953e+08
3.325093156285594702e+08
3.285656449335133433e+08
3.475784766124505997e+08
3.237469555446414948e+08
3.470545764616302252e+08
3.367721659636500478e+08
3.465306139795755744e+08
3.428613503085579872e+08
3.441526608780015707e+08
3.364604956035745740e+08
3.461734467646952271e+08
3.505956247631891966e+08
3.420082148517218232e+08
3.521843715820252895e+08
3.478725251527022123e+08
3.507914784400249720e+08
3.466599744048233628e+08
3.552476939069580436e+08
3.588874078409616351e+08
3.453388636128785610e+08
3.464473261181792021e+08
3.663867896818622351e+08
3.499258783942794800e+08
3.514929841788748503e+08
3.594117793065460324e+08
3.541514599014323354e+08
3.473000000627584457e+08
3.583777871313747168e+08
3.525059829346277714e+08
3.620009392288457155e+08
3.410891675929242969e+08
3.496767622806137800e+08
3.483913130853888988e+08
3.468384535558086634e+08
3.496276643549811244e+08
3.461729638237018585e+08
3.455253285327179432e+08
3.479587493796159029e+08
3.491668487807098627e+08
3.498990716805925965e+08
3.355526472566314340e+08
3.564218803293803930e+08
3.387512659049533606e+08
3.537381998604281545e+08
3.353709258867104650e+08
3.469913463741514683e+08
3.330693379143232703e+08
3.414308682408255339e+08
3.388839867940371037e+08
3.420531926088582873e+08
3.253836375556497574e+08
3.471262321873342991e+08
3.367888246577948332e+08
3.306214067249945402e+08
3.328571017612744570e+08
3.240045069746950269e+08
3.411405629733806849e+08
3.158940028000495434e+08
3.329850781471303701e+08
3.316468764457765818e+08
3.119166778876495361e+08
3.149211151226308346e+08
3.344360206998111010e+08
3.143106333506008983e+08
3.210656546670945287e+08
3.301503697539929152e+08
3.136362424446930289e+08
3.173901004323149920e+08
3.178456522813453078e+08
3.100174439038094282e+08
3.064574638801072836e+08
3.233980956816380024e+08
3.141291129355289936e+08
3.038911428252542019e+08
2.897703888039348125e+08
3.062544098369819522e+08
3.063760598478026390e+08
3.015203770752245784e+08
3.035659889958091974e+08
3.039021269592738152e+08
2.891754954359644055e+08
2.968257278440618515e+08
2.936157599580529928e+08
2.936146332154746652e+08
2.986958940785719156e+08
2.853206204921875000e+08
2.947850823543599248e+08
2.837276397018237710e+08
2.819177612069135904e+08
2.816989819943762422e+08
2.800465029081799984e+08
2.930641233613261580e+08
2.701688220525700450e+08
2.760726790105736256e+08
2.712455188601668477e+08
2.752102235524512529e+08
2.783425315908232927e+08
2.720376960417079329e+08
2.527593273365640938e+08
2.722887241347236633e+08
2.654269818046241701e+08
2.645197443286450803e+08
2.747477941705092192e+08
2.535558744329285026e+08
2.570396815643479526e+08
2.695853149631906748e+08
2.574338248099410534e+08
2.692007858079119921e+08
2.558775825035595596e+08
2.440617888900946081e+08
2.618406433851378560e+08
2.488856575741570890e+08
2.680517013126346469e+08
2.500097880917565227e+08
2.421055026364363432e+08
2.536438367983954251e+08
2.423719401600421965e+08
2.564769531372763813e+08
2.431854409652568400e+08
2.424206184499492347e+08
2.472141191259844899e+08
2.493124977487178445e+08
2.447033042735073864e+08
2.335598153934935927e+08
2.351857196136014760e+08
2.378755044470375180e+08
2.467339428610839844e+08
2.407094869641808867e+08
2.342787498103101850e+08
2.421360626188620925e+08
2.387587955587878823e+08
2.291458623961458206e+08
2.419035997558065653e+08
2.335478389956871271e+08
2.372093431084895134e+08
2.400025457386130691e+08
2.232394411188712716e+08
2.354920499007910192e+08
2.381480344256683290e+08
2.268979839764925241e+08
2.208960605962388515e+08
2.400257034534990191e+08
2.345124355067639351e+08
2.305030304979977608e+08
2.156824788056888580e+08
2.208847252437099218e+08
2.211452273527370691e+08
2.330789660576475859e+08
2.257036431228735149e+08
2.233870941276034713e+08
2.266253657960221767e+08
2.169179234159112573e+08
2.186002217217154801e+08
2.097405440055063069e+08
2.286624124185607433e+08
2.189930998498048186e+08
2.150625335800387561e+08
2.106909882868842483e+08
2.146938872356177568e+08
2.106371182811328769e+08
2.161069182157055736e+08
2.142298793253591657e+08
2.106252415870505571e+08
2.113329842901892662e+08
2.166834051626200080e+08
1.945556406274248958e+08
2.090929233871967793e+08
2.000116733932901025e+08
2.017649591825720668e+08
2.082527865452100635e+08
2.053566693275781870e+08
2.036049770915971994e+08
1.988313737917264402e+08
1.926223554765046835e+08
1.993642528110604584e+08
2.132163044253532887e+08
1.895007120546331406e+08
1.915720387213937342e+08
2.021114010316585898e+08
1.497393911794088185e+08
0.000000000000000000e+00
0.000000000000000000e+00
0.000000000000000000e+00
0.000000000000000000e+00
0.000000000000000000e+00
0.000000000000000000e+00
0.000000000000000000e+00
0.000000000000000000e+00
0.000000000000000000e+00
0.000000000000000000e+00
0.000000000000000000e+00
0.000000000000000000e+00
0.000000000000000000e+00
0.000000000000000000e+00
0.000000000000000000e+00
0.000000000000000000e+00
0.000000000000000000e+00
0.000000000000000000e+00
0.000000000000000000e+00
0.000000000000000000e+00
0.000000000000000000e+00
0.000000000000000000e+00
0.000000000000000000e+00
0.000000000000000000e+00
0.000000000000000000e+00
0.000000000000000000e+00
0.000000000000000000e+00
