0.000000000000000000e+00
0.000000000000000000e+00
0.000000000000000000e+00
0.000000000000000000e+00
0.000000000000000000e+00
2.356795153395235830e+05
2.306739089687525120e+05
3.713463652064283378e+05
0.000000000000000000e+00
0.000000000000000000e+00
4.255048368425111985e+05
0.000000000000000000e+00
2.123354008423446794e+05
0.000000000000000000e+00
0.000000000000000000e+00
2.129275164810011047e+05
2.137471829180958448e+05
2.172533165684473934e+05
0.000000000000000000e+00
8.653124502736630384e+05
3.645017283755158423e+05
3.679365986974919215e+05
4.347125341416990268e+05
5.589975956428188365e+05
4.916306153059709468e+05
2.256360835049663729e+05
2.124348489690695715e+05
1.062657448344108183e+06
8.587807752330496442e+05
5.084755225449487334e+05
2.710546702301506302e+05
8.536543058152392041e+05
1.306429358116764110e+06
2.120897371661436046e+05
4.303914729688771768e+05
8.161414030502003152e+05
2.374402887727970723e+06
1.727665828306504991e+06
3.366572573213879950e+06
2.584815532679783180e+06
1.829388551154660992e+06
3.483041029915323947e+06
4.267423263358422555e+06
5.054775138341724873e+06
4.122604989076485392e+06
6.079422913033808582e+06
5.684801817672020756e+06
8.464534255676604807e+06
1.219007467935126461e+07
9.923086572658885270e+06
9.198831259672131389e+06
1.305577239094942436e+07
1.522400709165602922e+07
1.757572647373028845e+07
1.695383751938380301e+07
1.988344224266904593e+07
2.000257186243758351e+07
2.160113442414906248e+07
2.304144882786610723e+07
2.549863153909219801e+07
2.858471991383443773e+07
3.646399312907750160e+07
4.236053139990283549e+07
3.357728288494036347e+07
5.500678964080148935e+07
5.863565726306773722e+07
6.002647237718916684e+07
6.578534049452452362e+07
6.971865064421439171e+07
8.148937396045492589e+07
8.522695391450273991e+07
8.788325634041810036e+07
9.694242963770824671e+07
1.088612261855898947e+08
1.128517183449748605e+08
1.261829911436116993e+08
1.208192569053591043e+08
1.337463004385090321e+08
1.334155394230414331e+08
1.416379555879769325e+08
1.544433033307329416e+08
1.469266926130721271e+08
1.509908753231654167e+08
1.701519617424634695e+08
1.678068107447481155e+08
1.696297426490716636e+08
1.744951703433112502e+08
1.849271124980863333e+08
1.882884727073278427e+08
1.943068847334429324e+08
1.953488889625560045e+08
2.102571252273671031e+08
2.005628425230306387e+08
2.119608079475864470e+08
2.099584035370206237e+08
2.210108814718677402e+08
2.253978435872138739e+08
2.178863169305205941e+08
2.247405239787929356e+08
2.328556439529951215e+08
2.329081997734431624e+08
2.405882344211891890e+08
2.282118843509513736e+08
2.510308875868534744e+08
2.469097516613105536e+08
2.634769787231263816e+08
2.438082365789731741e+08
2.543717735434254110e+08
2.418514607318802476e+08
2.560268635574305058e+08
2.544208154379552603e+08
2.603964281017086506e+08
2.508855476312966347e+08
2.728672570009526014e+08
2.695704027870502472e+08
2.611157920741946101e+08
2.618388494365389645e+08
2.592129746212096810e+08
2.800678152924743891e+08
2.579684256786728501e+08
2.766849494949090481e+08
2.805916143303307891e+08
2.606376523198597431e+08
2.643999483249126077e+08
2.794433589378716946e+08
2.646850288422715366e+08
2.691558970539475083e+08
2.848046652768037319e+08
2.711877656730986834e+08
2.765559309899502397e+08
2.815051823607085943e+08
2.718784999211795926e+08
2.745948854498611093e+08
2.897006825129671097e+08
2.781743046464214921e+08
2.749691269534091949e+08
2.663832064703738093e+08
2.785242320432027578e+08
2.839414588457821608e+08
2.780086974444860816e+08
2.801798557999185324e+08
2.788673439688928723e+08
2.669445398535476923e+08
2.796505937744417191e+08
2.763893113389385939e+08
2.763404420901147127e+08
2.834491342005410194e+08
2.691261265083810091e+08
2.782144366768374443e+08
2.725403166214183569e+08
2.698367055624510050e+08
2.670334214648312330e+08
2.653772638686921597e+08
2.791848011654482484e+08
2.553307700459319353e+08
2.624829513969237804e+08
2.575767535076428652e+08
2.655612523809624910e+08
2.673762293470092118e+08
2.606725544675168991e+08
2.431833359614863992e+08
2.611146848053776920e+08
2.574055563897818625e+08
2.581427636054597199e+08
2.659924005190544724e+08
2.451469295662311912e+08
2.496831471342564821e+08
2.636895828328624070e+08
2.502146787337123156e+08
2.644103336148638129e+08
2.489982890505053997e+08
2.368693829133345485e+08
2.548923919267880321e+08
2.448232534768165052e+08
2.635442641540650725e+08
2.457504976555824280e+08
2.384748371348971725e+08
2.514362833023258448e+08
2.386666359242036045e+08
2.528145601325799823e+08
2.393747078990122080e+08
2.402873691456754804e+08
2.445644946390154958e+08
2.461975060843256116e+08
2.414298987963499427e+08
2.306442641771245301e+08
2.315577140109582543e+08
2.362721672699570358e+08
2.447424202488508821e+08
2.392228678105199635e+08
2.328079024138750434e+08
2.407541574517510235e+08
2.375943472121605873e+08
2.273250309293790460e+08
2.409586510196359754e+08
2.313607648918679953e+08
2.353470985086011887e+08
2.383060135708153844e+08
2.225054009004943967e+08
2.344967526905378997e+08
2.374933369982514977e+08
2.255230760724218488e+08
2.202654032475052774e+08
2.391904185761919022e+08
2.333957686484451890e+08
2.291774578452330828e+08
2.140955391021735668e+08
2.193488160933052301e+08
2.202895949300082922e+08
2.323166468981684744e+08
2.244515528125273585e+08
2.233870941276034713e+08
2.264066375164549947e+08
2.161730782649495602e+08
2.179639653729853034e+08
2.095080192533310354e+08
2.282955105335485339e+08
2.179158477878644466e+08
2.146469594496535063e+08
2.106909882868842483e+08
2.146938872356177568e+08
2.106371182811328769e+08
2.152261610278554559e+08
2.140954068754026890e+08
2.104131574039476216e+08
2.113329842901892662e+08
2.164656627016394138e+08
1.943435563614254594e+08
2.084566671766273975e+08
1.996579137067141533e+08
2.017649591825720668e+08
2.078897914048349857e+08
2.053566693275781870e+08
2.036049770915971994e+08
1.988313737917264402e+08
1.924102713486660719e+08
1.991200197344328463e+08
2.130546859526596069e+08
1.895007120546331406e+08
1.911188140801103115e+08
2.019482904363977313e+08
1.493152229237315655e+08
0.000000000000000000e+00
0.000000000000000000e+00
0.000000000000000000e+00
0.000000000000000000e+00
0.000000000000000000e+00
0.000000000000000000e+00
0.000000000000000000e+00
0.000000000000000000e+00
0.000000000000000000e+00
0.000000000000000000e+00
0.000000000000000000e+00
0.000000000000000000e+00
0.000000000000000000e+00
0.000000000000000000e+00
0.000000000000000000e+00
0.000000000000000000e+00
0.000000000000000000e+00
0.000000000000000000e+00
0.000000000000000000e+00
0.000000000000000000e+00
0.000000000000000000e+00
0.000000000000000000e+00
0.000000000000000000e+00
0.000000000000000000e+00
0.000000000000000000e+00
0.000000000000000000e+00
0.000000000000000000e+00
