nan
nan
1.220791627929429524e-04
1.714776376502413768e-04
1.194271724671125412e-03
6.500552362585612946e-04
4.950711814262332257e-04
4.723940423545177378e-04
6.293391557533160874e-04
9.761555102640938168e-04
1.006423485292051549e-03
1.020151873618217221e-03
1.071011615222589204e-03
1.161340280700471185e-03
1.651897673673223370e-03
1.473721825319635652e-03
2.199889646719426720e-03
2.514582874163534109e-03
2.490383143910112219e-03
2.886896728115520474e-03
3.182593976118109572e-03
3.814049057576196760e-03
4.943285316786359684e-03
5.317704863825483720e-03
4.094032608776884859e-03
2.811899240498311019e-03
2.151632832190105999e-03
2.019502769829093110e-03
1.497419241865688986e-03
1.470481287390095707e-03
1.508233433388989509e-03
1.448396402578234002e-03
1.364526495326303431e-03
1.569156170134416908e-03
1.498611123312823014e-03
1.515397143938159059e-03
1.588961285185358898e-03
1.614299810474079154e-03
1.761516663564789351e-03
1.794721861730252683e-03
1.572758693632872332e-03
1.392521072317762102e-03
1.425478841529790718e-03
