0.000000000000000000e+00
0.000000000000000000e+00
0.000000000000000000e+00
0.000000000000000000e+00
1.851277927318349853e+07
4.002686771084605157e+07
5.271242773260812461e+07
6.462458684337496758e+07
9.679669993060164154e+07
1.121977755171775520e+08
2.501290320533834696e+08
3.017961468273452520e+08
2.787497497436465621e+08
2.623083734157882333e+08
2.569217805254658759e+08
2.563355567945597172e+08
2.528242896424068511e+08
2.677538275736901760e+08
2.316995349908206463e+08
2.458654118726317286e+08
2.726389064726771712e+08
2.963303702312886715e+08
2.668787061331490874e+08
2.598320099614358544e+08
2.913428610777564049e+08
2.698950965065702200e+08
2.697595852464614511e+08
2.774654655891671777e+08
2.861026573152014613e+08
2.940523560173327923e+08
3.172953892030671835e+08
3.385119645739455819e+08
3.346416332732709050e+08
3.527479504370307922e+08
3.600926989170377851e+08
3.771476974182777405e+08
4.054811901286938190e+08
3.913349136879069209e+08
3.729777201178475618e+08
3.932502240251281261e+08
4.050525779040171504e+08
4.152318937357332706e+08
3.937874575543588400e+08
4.121857942292106748e+08
4.231766714826014638e+08
4.181730587234750390e+08
4.007175346050441861e+08
4.181275336078833342e+08
4.067311970021666288e+08
4.180743331154373884e+08
4.397713946182051897e+08
4.279457441175858378e+08
4.593939593344779015e+08
4.332734524015194178e+08
4.584857088567794561e+08
4.852367656148474216e+08
4.982421039825617075e+08
5.101020999396226406e+08
5.381000633884137869e+08
5.543367790567445755e+08
5.682866123853759766e+08
5.909621064272588491e+08
5.775953761506328583e+08
5.581533877070436478e+08
5.744147690667765141e+08
5.458435007140803337e+08
5.445211546818995476e+08
5.627929511383483410e+08
5.650553404185353518e+08
5.544842237881065607e+08
5.420314180450172424e+08
5.599466859347736835e+08
5.439674476215963364e+08
5.577065821397682428e+08
5.435380243862553835e+08
5.428460132908208370e+08
5.600517502141556740e+08
5.653609202923767567e+08
5.502998581964752674e+08
5.316568747501835823e+08
5.425275812801847458e+08
5.246112546091357470e+08
5.290986531083310843e+08
5.335690476703258753e+08
5.137009295439676642e+08
5.191363514783280492e+08
5.169471958304382563e+08
5.059099330030494928e+08
4.957424658602262735e+08
4.834652374773393273e+08
4.872152151642967463e+08
4.957323889382196069e+08
4.739789468135230541e+08
4.698388567423429489e+08
4.981473007935012579e+08
4.828174704431471825e+08
4.743351942990241647e+08
4.721208244683586955e+08
4.662059226132260561e+08
4.586908277748777866e+08
4.545606377108304501e+08
4.453736255598291159e+08
4.531292465451904535e+08
4.432822392608883381e+08
4.452094331173341274e+08
4.333314070891716480e+08
4.215207016331412792e+08
4.245952136131563187e+08
4.198638608941360712e+08
4.108312181685894728e+08
4.125605699106758833e+08
4.101794218964160681e+08
4.066554955489926338e+08
3.873091794017347693e+08
4.089323595606703758e+08
3.800150747282855511e+08
3.941515249812423587e+08
3.741199691018131971e+08
3.904574187523049116e+08
3.736728648033073545e+08
3.714641275871553421e+08
3.684266481594265699e+08
3.612098992901019454e+08
3.590084640160420537e+08
3.530398956590733528e+08
3.771571236444766521e+08
3.423605369685131311e+08
3.539163743392697573e+08
2.710348351092318892e+08
1.282784919740889221e+08
8.218022949297321029e+06
0.000000000000000000e+00
0.000000000000000000e+00
0.000000000000000000e+00
0.000000000000000000e+00
0.000000000000000000e+00
0.000000000000000000e+00
0.000000000000000000e+00
0.000000000000000000e+00
0.000000000000000000e+00
0.000000000000000000e+00
0.000000000000000000e+00
0.000000000000000000e+00
0.000000000000000000e+00
0.000000000000000000e+00
0.000000000000000000e+00
0.000000000000000000e+00
0.000000000000000000e+00
0.000000000000000000e+00
0.000000000000000000e+00
0.000000000000000000e+00
0.000000000000000000e+00
0.000000000000000000e+00
0.000000000000000000e+00
0.000000000000000000e+00
0.000000000000000000e+00
0.000000000000000000e+00
0.000000000000000000e+00
0.000000000000000000e+00
0.000000000000000000e+00
0.000000000000000000e+00
0.000000000000000000e+00
0.000000000000000000e+00
0.000000000000000000e+00
0.000000000000000000e+00
0.000000000000000000e+00
0.000000000000000000e+00
0.000000000000000000e+00
0.000000000000000000e+00
0.000000000000000000e+00
0.000000000000000000e+00
0.000000000000000000e+00
0.000000000000000000e+00
0.000000000000000000e+00
0.000000000000000000e+00
0.000000000000000000e+00
0.000000000000000000e+00
0.000000000000000000e+00
0.000000000000000000e+00
0.000000000000000000e+00
0.000000000000000000e+00
0.000000000000000000e+00
0.000000000000000000e+00
0.000000000000000000e+00
0.000000000000000000e+00
0.000000000000000000e+00
0.000000000000000000e+00
0.000000000000000000e+00
0.000000000000000000e+00
0.000000000000000000e+00
0.000000000000000000e+00
0.000000000000000000e+00
0.000000000000000000e+00
0.000000000000000000e+00
0.000000000000000000e+00
0.000000000000000000e+00
0.000000000000000000e+00
0.000000000000000000e+00
0.000000000000000000e+00
0.000000000000000000e+00
0.000000000000000000e+00
0.000000000000000000e+00
0.000000000000000000e+00
0.000000000000000000e+00
0.000000000000000000e+00
0.000000000000000000e+00
0.000000000000000000e+00
0.000000000000000000e+00
0.000000000000000000e+00
0.000000000000000000e+00
0.000000000000000000e+00
0.000000000000000000e+00
0.000000000000000000e+00
0.000000000000000000e+00
0.000000000000000000e+00
0.000000000000000000e+00
0.000000000000000000e+00
0.000000000000000000e+00
0.000000000000000000e+00
0.000000000000000000e+00
0.000000000000000000e+00
0.000000000000000000e+00
0.000000000000000000e+00
0.000000000000000000e+00
0.000000000000000000e+00
0.000000000000000000e+00
0.000000000000000000e+00
0.000000000000000000e+00
0.000000000000000000e+00
0.000000000000000000e+00
0.000000000000000000e+00
0.000000000000000000e+00
0.000000000000000000e+00
0.000000000000000000e+00
0.000000000000000000e+00
0.000000000000000000e+00
0.000000000000000000e+00
0.000000000000000000e+00
0.000000000000000000e+00
0.000000000000000000e+00
0.000000000000000000e+00
0.000000000000000000e+00
0.000000000000000000e+00
0.000000000000000000e+00
0.000000000000000000e+00
0.000000000000000000e+00
0.000000000000000000e+00
0.000000000000000000e+00
0.000000000000000000e+00
0.000000000000000000e+00
0.000000000000000000e+00
0.000000000000000000e+00
0.000000000000000000e+00
0.000000000000000000e+00
0.000000000000000000e+00
0.000000000000000000e+00
0.000000000000000000e+00
0.000000000000000000e+00
0.000000000000000000e+00
0.000000000000000000e+00
0.000000000000000000e+00
0.000000000000000000e+00
0.000000000000000000e+00
0.000000000000000000e+00
0.000000000000000000e+00
0.000000000000000000e+00
0.000000000000000000e+00
0.000000000000000000e+00
0.000000000000000000e+00
