0.000000000000000000e+00
0.000000000000000000e+00
0.000000000000000000e+00
0.000000000000000000e+00
1.464567153283161111e+06
3.001410311983322725e+06
4.751170258980210871e+06
6.076731900331012905e+06
7.450425170845564455e+06
9.087063364163639024e+06
1.323945245237877592e+07
1.913194052623306215e+07
1.816142874441877007e+07
1.930158319029274210e+07
2.327580905976955593e+07
2.092923191125767305e+07
2.077208525386773795e+07
2.077963824099834636e+07
2.662816088935567439e+07
2.690088675233501196e+07
2.855035326352984458e+07
3.047457014209819585e+07
2.587228423595217988e+07
3.395756981358515471e+07
3.808934563866573572e+07
3.513170897120589018e+07
4.239510522919940203e+07
4.463063309784816206e+07
5.479734942665704340e+07
5.280710650098154694e+07
5.979234174086363614e+07
6.525354868997076154e+07
7.098760211641484499e+07
7.453840653065812588e+07
6.744138872259309888e+07
7.591284473644590378e+07
9.060910881127931178e+07
9.680146141378886998e+07
9.672281337810817361e+07
1.066030678650254905e+08
1.170742284482677132e+08
1.122985163175730109e+08
1.339224072238978148e+08
1.346279457998171449e+08
1.438488157066280246e+08
1.467818567301992774e+08
1.522284468287332058e+08
1.591603762838418484e+08
1.586422207475680709e+08
1.653327289119943976e+08
1.777402302236998677e+08
1.845654726251214743e+08
1.880700610508115590e+08
1.945551266693373322e+08
2.063517393876991272e+08
1.987747005521817803e+08
2.062021474444495142e+08
2.152721984850535989e+08
2.171014416841636002e+08
2.228375577266520262e+08
2.186725527082133591e+08
2.284248979554120302e+08
2.287743011840243340e+08
2.403135332805002332e+08
2.416460839159690142e+08
2.483042143511770070e+08
2.552501902048298717e+08
2.605545876433812380e+08
2.746911573156049252e+08
2.561908247049699724e+08
2.949195603583796024e+08
2.950685598544046879e+08
2.819065612519453764e+08
2.895055004909288287e+08
3.082108146187701225e+08
3.170919440198763609e+08
3.060468927655782104e+08
3.085237706753969193e+08
3.218581930630769730e+08
3.313990771562850475e+08
3.343532966380022764e+08
3.340216688847211003e+08
3.298522496640223265e+08
3.483521331139738560e+08
3.483852701955423951e+08
3.483288092538464665e+08
3.529266127132169008e+08
3.439774492362819910e+08
3.530378481370939016e+08
3.513420122305279970e+08
3.517239391483106613e+08
3.666772407849144936e+08
3.496250511060712337e+08
3.652583945279509425e+08
3.798786176402268410e+08
3.515507166625505686e+08
3.861606476669989824e+08
3.661126236585837603e+08
3.792181552955372334e+08
3.739405758860403895e+08
3.703181083199512959e+08
3.891552374650229812e+08
3.943056804923672676e+08
3.619560799169427156e+08
3.885553716492680311e+08
3.920200107621687651e+08
3.916179865426703095e+08
3.976551130469241142e+08
3.940544669806817770e+08
3.916394290329676867e+08
3.828577071462262273e+08
3.954190646575509310e+08
3.751379489956634045e+08
3.975323687820315957e+08
3.757972610966266394e+08
3.889687212737195492e+08
3.626795488464233279e+08
3.723457707793392539e+08
3.840995771444040537e+08
3.646123136009638309e+08
3.517839856661032438e+08
3.535725067846623063e+08
3.574894522739713192e+08
3.455522296792954803e+08
3.341885227044323683e+08
3.384410496939556599e+08
3.243509894361417294e+08
3.336005198150383830e+08
3.337379421288199425e+08
3.158089701960147619e+08
3.214981469230220914e+08
3.127754469675728679e+08
3.188894596812890172e+08
3.060922107367181182e+08
3.177922881167358160e+08
3.179724119888655543e+08
3.035219388017679453e+08
3.050496379000224471e+08
3.057510995724927187e+08
3.004859721516423225e+08
3.023751247577906847e+08
2.903587640297126174e+08
2.967334936510146856e+08
2.922603712426540852e+08
3.049978491343879700e+08
2.837631992944426537e+08
2.841763168778704405e+08
2.979696274279130101e+08
2.850802143654406071e+08
2.983365709338589907e+08
2.795934141411119699e+08
2.792328057557783127e+08
2.872402109259112477e+08
2.790486974512069225e+08
2.904377527215111256e+08
2.796165440649577379e+08
2.728386052053635716e+08
2.634707260844974816e+08
2.792907593588683605e+08
2.637939044635319114e+08
2.800536202467510700e+08
2.716127818076435924e+08
2.739638427085503340e+08
2.627142870683785081e+08
2.725514637575217485e+08
2.625265863902003169e+08
2.780183895818229914e+08
2.598345467107239366e+08
2.566208729451224804e+08
2.536190395019459128e+08
1.903136168480752781e+07
0.000000000000000000e+00
0.000000000000000000e+00
0.000000000000000000e+00
0.000000000000000000e+00
0.000000000000000000e+00
0.000000000000000000e+00
0.000000000000000000e+00
0.000000000000000000e+00
0.000000000000000000e+00
0.000000000000000000e+00
0.000000000000000000e+00
0.000000000000000000e+00
0.000000000000000000e+00
0.000000000000000000e+00
0.000000000000000000e+00
0.000000000000000000e+00
0.000000000000000000e+00
0.000000000000000000e+00
0.000000000000000000e+00
0.000000000000000000e+00
0.000000000000000000e+00
0.000000000000000000e+00
0.000000000000000000e+00
0.000000000000000000e+00
0.000000000000000000e+00
0.000000000000000000e+00
0.000000000000000000e+00
0.000000000000000000e+00
0.000000000000000000e+00
0.000000000000000000e+00
0.000000000000000000e+00
0.000000000000000000e+00
0.000000000000000000e+00
0.000000000000000000e+00
0.000000000000000000e+00
0.000000000000000000e+00
0.000000000000000000e+00
0.000000000000000000e+00
0.000000000000000000e+00
0.000000000000000000e+00
0.000000000000000000e+00
0.000000000000000000e+00
0.000000000000000000e+00
0.000000000000000000e+00
0.000000000000000000e+00
0.000000000000000000e+00
0.000000000000000000e+00
0.000000000000000000e+00
0.000000000000000000e+00
0.000000000000000000e+00
0.000000000000000000e+00
0.000000000000000000e+00
0.000000000000000000e+00
0.000000000000000000e+00
0.000000000000000000e+00
0.000000000000000000e+00
0.000000000000000000e+00
0.000000000000000000e+00
0.000000000000000000e+00
0.000000000000000000e+00
0.000000000000000000e+00
0.000000000000000000e+00
0.000000000000000000e+00
0.000000000000000000e+00
0.000000000000000000e+00
0.000000000000000000e+00
0.000000000000000000e+00
0.000000000000000000e+00
0.000000000000000000e+00
0.000000000000000000e+00
0.000000000000000000e+00
0.000000000000000000e+00
0.000000000000000000e+00
0.000000000000000000e+00
0.000000000000000000e+00
0.000000000000000000e+00
0.000000000000000000e+00
0.000000000000000000e+00
0.000000000000000000e+00
0.000000000000000000e+00
0.000000000000000000e+00
0.000000000000000000e+00
0.000000000000000000e+00
0.000000000000000000e+00
0.000000000000000000e+00
0.000000000000000000e+00
0.000000000000000000e+00
0.000000000000000000e+00
0.000000000000000000e+00
0.000000000000000000e+00
0.000000000000000000e+00
0.000000000000000000e+00
0.000000000000000000e+00
0.000000000000000000e+00
0.000000000000000000e+00
0.000000000000000000e+00
0.000000000000000000e+00
0.000000000000000000e+00
