nan
nan
nan
1.357985202048439533e-04
1.128371033701114357e-03
1.532278489321470261e-03
6.877913004949354550e-04
8.394823851088037978e-04
9.441344966681099703e-04
1.822542602436442441e-03
1.952804244793561114e-03
1.945150515460849659e-03
1.344560380644260755e-03
1.067432789550734141e-03
1.733592553538698330e-03
1.357845463586582853e-03
1.914408484720782214e-03
1.764010423135309660e-03
2.293371403938943703e-03
2.120936153812405002e-03
2.276088862866437485e-03
2.611789935825494999e-03
3.509854895258986054e-03
3.814548496980919596e-03
3.858233752996292464e-03
3.849685745573740592e-03
3.572242124472335863e-03
3.363633765517012614e-03
3.392677558731010002e-03
3.388636064418423712e-03
3.422876612326497276e-03
3.277690516369224927e-03
3.178846095389834415e-03
3.100275278538904607e-03
3.008498024748812449e-03
3.004331649221885728e-03
2.872195964845643181e-03
2.754148847485784774e-03
2.653488255378129088e-03
2.572779923083083793e-03
2.483870752113517735e-03
2.426851623614919087e-03
2.396140584278949170e-03
