0.000000000000000000e+00
0.000000000000000000e+00
0.000000000000000000e+00
0.000000000000000000e+00
8.907337015127249761e+05
2.565096259571885690e+06
1.146087989064928144e+07
1.603311018409920670e+07
1.188126733523698151e+07
1.851064269276764616e+07
3.153469502742572129e+07
3.914015875018133223e+07
4.958891332368889451e+07
5.253328896753692627e+07
5.783542257268950343e+07
6.298822938584613800e+07
6.409102672595438361e+07
7.082997468024778366e+07
8.054249839265090227e+07
8.093005828416506946e+07
8.989215292585858703e+07
9.271956341119858623e+07
9.331998678858199716e+07
1.098559204414914846e+08
1.051329910741357803e+08
1.169616774367554784e+08
1.229397684699609876e+08
1.211785189899169803e+08
1.372019044169200063e+08
1.361618563164329529e+08
1.530270152863341272e+08
1.454722748816629946e+08
1.615497252730888128e+08
1.536380161560325623e+08
1.678746892100946009e+08
1.711768531844085753e+08
1.791762018197379112e+08
1.781590972711175978e+08
1.967061547026284933e+08
1.768304239036843181e+08
2.031748734351573586e+08
1.971926854237419665e+08
2.000700447254871130e+08
2.192128481427506804e+08
2.077541319534776509e+08
2.222957209566791058e+08
2.248476709282557964e+08
2.233400674530636072e+08
2.409877117780306935e+08
2.317783135953429043e+08
2.363801285666670799e+08
2.479587107381057441e+08
2.488554610305612087e+08
2.538720628990757763e+08
2.481827489922336936e+08
2.575272009639760256e+08
2.653823784286510646e+08
2.615004731717869639e+08
2.702207394735193253e+08
2.751023943650754094e+08
2.730287452225745320e+08
2.887938893965845108e+08
2.739229422209889889e+08
2.846824629751880169e+08
2.859444481392700076e+08
2.806747955730561614e+08
2.799484717652841210e+08
2.921613767461138368e+08
2.875207403996692896e+08
2.810527315855649710e+08
2.958376453342788219e+08
2.826205550394043326e+08
2.880372577981595397e+08
2.854778486713434458e+08
2.970481822852236032e+08
2.763098461789791584e+08
2.911149089222631454e+08
2.989700327943730354e+08
2.824178121343470216e+08
2.901165739364830256e+08
2.908978513587904572e+08
2.868307296097689867e+08
2.895735537849215269e+08
2.875542636544234753e+08
2.937852100121746063e+08
2.866582264304581881e+08
2.924953560165303946e+08
2.864312793531637788e+08
3.008952443130935431e+08
2.830425610305774212e+08
3.038617135644370914e+08
2.872236288971812129e+08
2.935988942714332938e+08
2.992881296407821178e+08
3.027054292762375474e+08
2.840984078434575796e+08
2.842720598917950392e+08
3.119194743930130005e+08
2.910649484174562693e+08
2.907976548773131371e+08
2.917109800003222227e+08
2.948262893585113287e+08
3.020381485798047185e+08
2.855177726039981842e+08
2.926747003441124558e+08
3.012592008590461016e+08
2.883862410732764006e+08
2.875146307021794319e+08
2.925171578353745937e+08
2.955989985261322260e+08
2.944823116068688035e+08
2.958404171295874119e+08
2.907468261011081338e+08
2.893528086481591463e+08
2.888754239148341417e+08
2.905572770735254288e+08
2.918523531872927547e+08
3.004434998434700966e+08
2.830801941124936342e+08
2.942657337928755283e+08
2.840180551110395193e+08
2.966574907931993008e+08
2.903544017828123569e+08
2.803862313179087043e+08
2.889533593034150600e+08
2.949100100016312599e+08
2.759326399800466895e+08
2.899121976187407970e+08
2.868210505838897228e+08
2.846832842650142908e+08
2.783998466907941103e+08
2.919669361431570053e+08
2.835431286585897803e+08
2.750611229780022502e+08
2.826210012987114787e+08
2.804777908787937164e+08
2.925738955821856856e+08
2.675105213451758325e+08
2.734425317252165079e+08
2.701375622996287346e+08
2.831085091964550018e+08
2.763515068409473300e+08
2.760332518833459616e+08
2.808694337321069241e+08
2.703058009669724107e+08
2.635729726508367062e+08
2.733268400153069496e+08
2.820085509083212614e+08
2.685519362633140087e+08
2.831069779260318875e+08
2.632785710683536828e+08
2.718451850128759146e+08
2.662876406476446986e+08
2.715716777470864654e+08
2.626504322731339931e+08
2.647953484467191696e+08
2.593068004056748450e+08
2.661367646312328577e+08
2.596325500672833622e+08
2.647519625296900570e+08
2.490062331915175915e+08
2.590438547229870558e+08
2.596205006929549277e+08
2.515774948411882222e+08
2.470326737253060341e+08
2.447491599940204620e+08
2.469085579383879304e+08
2.547696995758071840e+08
2.530612096549997926e+08
2.481480724956642985e+08
2.545615520905976295e+08
2.463090726450429559e+08
2.443039608289982378e+08
2.537045820435897112e+08
2.427947489482216239e+08
2.439851441718530655e+08
2.458972318744286299e+08
2.528191714695436656e+08
2.380866474167605042e+08
2.373565025516647100e+08
2.354355242860357165e+08
2.475890262674282789e+08
2.350762022397009730e+08
2.393136467561111748e+08
2.383689312491469383e+08
2.397929903674616218e+08
2.306230707907066941e+08
2.188696093509277701e+08
2.373057309049406946e+08
2.461713573129791021e+08
2.273768293248195946e+08
2.292227177957550287e+08
2.501204033257250786e+08
2.315623776417757273e+08
2.231224720089650154e+08
2.220908436057899892e+08
2.320492214075759649e+08
2.353347460647940338e+08
2.487286064549438953e+08
1.212356371486093402e+08
0.000000000000000000e+00
0.000000000000000000e+00
0.000000000000000000e+00
0.000000000000000000e+00
0.000000000000000000e+00
0.000000000000000000e+00
0.000000000000000000e+00
0.000000000000000000e+00
0.000000000000000000e+00
0.000000000000000000e+00
0.000000000000000000e+00
0.000000000000000000e+00
0.000000000000000000e+00
0.000000000000000000e+00
0.000000000000000000e+00
0.000000000000000000e+00
0.000000000000000000e+00
0.000000000000000000e+00
0.000000000000000000e+00
0.000000000000000000e+00
0.000000000000000000e+00
0.000000000000000000e+00
0.000000000000000000e+00
0.000000000000000000e+00
0.000000000000000000e+00
0.000000000000000000e+00
0.000000000000000000e+00
0.000000000000000000e+00
0.000000000000000000e+00
0.000000000000000000e+00
0.000000000000000000e+00
0.000000000000000000e+00
0.000000000000000000e+00
0.000000000000000000e+00
0.000000000000000000e+00
0.000000000000000000e+00
0.000000000000000000e+00
0.000000000000000000e+00
0.000000000000000000e+00
0.000000000000000000e+00
0.000000000000000000e+00
0.000000000000000000e+00
0.000000000000000000e+00
0.000000000000000000e+00
0.000000000000000000e+00
0.000000000000000000e+00
0.000000000000000000e+00
0.000000000000000000e+00
0.000000000000000000e+00
0.000000000000000000e+00
0.000000000000000000e+00
0.000000000000000000e+00
0.000000000000000000e+00
0.000000000000000000e+00
0.000000000000000000e+00
0.000000000000000000e+00
0.000000000000000000e+00
0.000000000000000000e+00
0.000000000000000000e+00
0.000000000000000000e+00
0.000000000000000000e+00
0.000000000000000000e+00
0.000000000000000000e+00
0.000000000000000000e+00
0.000000000000000000e+00
0.000000000000000000e+00
0.000000000000000000e+00
0.000000000000000000e+00
0.000000000000000000e+00
