0.000000000000000000e+00
0.000000000000000000e+00
0.000000000000000000e+00
0.000000000000000000e+00
1.848560210209923331e+06
5.626084993729952723e+06
1.037634424127586931e+07
1.338113628694663197e+07
2.149462435441637412e+07
3.064901229046659917e+07
5.101162989229281992e+07
6.434982753009118140e+07
7.489686605308298767e+07
7.280287313694965839e+07
8.614709114438797534e+07
8.285677196283306181e+07
9.292330611671298742e+07
9.960996538441924751e+07
1.111546070900997221e+08
1.074093156646949053e+08
1.225759983236196935e+08
1.276169372888542712e+08
1.297734080001317859e+08
1.485116918692095280e+08
1.450008426464966834e+08
1.544989161725040674e+08
1.626216722099116147e+08
1.683749101858114004e+08
1.715756054942205548e+08
1.834027592531656921e+08
1.886208234628590047e+08
1.959993851970894635e+08
2.105749484256348014e+08
2.035388134778051674e+08
2.141759626972538233e+08
2.141179538505773544e+08
2.302286632159165144e+08
2.347386582969131768e+08
2.416314472600485086e+08
2.370199587823681235e+08
2.480683600417314470e+08
2.604427319950557351e+08
2.594615394595622420e+08
2.606863810384500921e+08
2.678273202678048313e+08
2.727328059382843375e+08
2.802217374086000919e+08
2.843025678221483231e+08
2.929284924954334497e+08
2.893837179839236736e+08
3.065249818839886189e+08
2.945735932780764699e+08
3.074534081732639074e+08
3.099277086592620015e+08
3.204581003975678682e+08
3.027000415655160546e+08
3.193512424569821954e+08
3.278239046973079443e+08
3.149679790921325684e+08
3.308384710997934341e+08
3.354553269923774004e+08
3.323063275641129017e+08
3.360910332263448834e+08
3.323595931924567223e+08
3.550828672166957855e+08
3.302845283648381829e+08
3.508163770014153719e+08
3.390348172173928618e+08
3.550688404438897967e+08
3.531719923792183399e+08
3.501646104338089228e+08
3.418312100074715614e+08
3.519866198800778389e+08
3.564472710332717299e+08
3.487938546410058141e+08
3.663663689181371927e+08
3.540554492286359072e+08
3.567538618640531301e+08
3.529213311376036406e+08
3.583494014403487444e+08
3.620684736600433588e+08
3.482010307694863677e+08
3.503305907596446276e+08
3.705797581858108640e+08
3.550147205950986743e+08
3.536164867377648354e+08
3.619264594554274082e+08
3.565501339900980592e+08
3.526967520116689205e+08
3.623939498047631979e+08
3.546302608656100035e+08
3.629557305801626444e+08
3.428008913877564073e+08
3.507509479332062602e+08
3.497018790324100852e+08
3.481722517692706585e+08
3.506676624550832510e+08
3.470602849540418983e+08
3.471866752127386332e+08
3.494557443108585477e+08
3.509980408273730278e+08
3.518660575468759537e+08
3.368329493895748258e+08
3.568131677295565605e+08
3.400163715821431875e+08
3.553519978599562049e+08
3.378305072002645731e+08
3.494424269729143381e+08
3.345753941062583923e+08
3.434069713643640280e+08
3.407479352686062455e+08
3.441436531891500950e+08
3.266207014447096586e+08
3.486972246003576517e+08
3.373710308805695772e+08
3.327214974291588664e+08
3.358560249444125295e+08
3.273455879452025890e+08
3.456847396866784096e+08
3.205789071164588332e+08
3.350207304580233693e+08
3.356490734341462255e+08
3.154851837161397934e+08
3.183427900266396999e+08
3.384691775148009658e+08
3.189112803728951812e+08
3.249325161980351210e+08
3.354861068162302971e+08
3.199132871056481600e+08
3.244358437989591360e+08
3.239947772645350099e+08
3.169442588680395484e+08
3.120464570367618799e+08
3.300863046711390018e+08
3.228077391267085671e+08
3.120387852935360670e+08
2.966232162063279152e+08
3.158513997641508579e+08
3.160297618238782883e+08
3.122833049225215912e+08
3.132333198969196081e+08
3.130410527978460789e+08
2.991597804073474407e+08
3.068543414794386625e+08
3.036742981951698065e+08
3.043389533947399855e+08
3.097682742113946676e+08
2.988220507972005606e+08
3.085810868737459183e+08
2.954320692153729200e+08
2.931225703710882664e+08
2.948319256342854500e+08
2.916940993508903980e+08
3.047471573730578423e+08
2.817102969612826109e+08
2.864620167409342527e+08
2.828952475864929557e+08
2.876174010222052932e+08
2.898083061654641628e+08
2.826966515287777185e+08
2.644777056587930918e+08
2.809008631672054529e+08
2.762826445534374714e+08
2.748470336951861382e+08
2.814094337512725592e+08
2.643412279018823504e+08
2.680053568207435012e+08
2.815609477872409821e+08
2.647455610780890584e+08
2.760833374789195657e+08
2.643891882185915709e+08
2.502635011943893433e+08
2.702444092122420073e+08
2.601747984596568942e+08
2.759277032260987163e+08
2.615663720073594153e+08
2.496728584325039387e+08
2.620739597640206516e+08
2.527020959482075572e+08
2.655628721779029071e+08
2.522056332979140282e+08
2.520843591189447939e+08
2.564167765134807825e+08
2.578777738133636117e+08
2.532233862626892924e+08
2.415336856135627031e+08
2.444715535808969736e+08
2.477703613743590713e+08
2.550651171442822814e+08
2.504147985389963686e+08
2.442061853802508712e+08
2.497342144312255681e+08
2.481790243504077196e+08
2.375524208117553890e+08
2.507082862017607689e+08
2.429897912206347585e+08
2.476286751703339219e+08
2.484188678104853630e+08
2.342620892786270976e+08
2.450739894012387991e+08
2.460995590675262809e+08
2.375901630821330845e+08
2.318682395086695850e+08
2.494361557537200153e+08
2.469592405819399357e+08
2.418396658358855247e+08
2.277689601481783986e+08
2.333060270346859694e+08
2.329180779857134223e+08
2.409116210154214203e+08
2.378516306655725241e+08
2.333179618184666336e+08
2.366100827823364139e+08
2.304680514776847363e+08
2.294456219157031178e+08
2.184460941950557828e+08
2.364762218181594610e+08
2.340664843740849197e+08
2.287864814518721998e+08
2.210584691206072569e+08
2.263410755790273547e+08
2.240125959309838414e+08
2.282187025852579474e+08
2.265735248125223517e+08
2.236333380859726965e+08
2.231769626467392743e+08
2.290101383822577596e+08
2.086745685086845458e+08
2.237907800827459395e+08
2.142110610815694928e+08
2.171192643897561431e+08
2.248378307930953801e+08
2.197362128376668096e+08
2.170215724730140567e+08
2.088867068646278381e+08
2.076452325036488175e+08
2.152913898734677136e+08
2.262117459912648201e+08
2.061029936070860028e+08
2.063136140872935057e+08
2.208835145615519881e+08
1.629326569056868255e+08
0.000000000000000000e+00
0.000000000000000000e+00
0.000000000000000000e+00
0.000000000000000000e+00
0.000000000000000000e+00
0.000000000000000000e+00
0.000000000000000000e+00
0.000000000000000000e+00
0.000000000000000000e+00
0.000000000000000000e+00
0.000000000000000000e+00
0.000000000000000000e+00
0.000000000000000000e+00
0.000000000000000000e+00
0.000000000000000000e+00
0.000000000000000000e+00
0.000000000000000000e+00
0.000000000000000000e+00
0.000000000000000000e+00
0.000000000000000000e+00
0.000000000000000000e+00
0.000000000000000000e+00
0.000000000000000000e+00
0.000000000000000000e+00
0.000000000000000000e+00
0.000000000000000000e+00
0.000000000000000000e+00
