0.000000000000000000e+00
0.000000000000000000e+00
0.000000000000000000e+00
0.000000000000000000e+00
0.000000000000000000e+00
2.195346273054319608e+05
1.600919757254806755e+05
2.329984502126170846e+05
2.162371716914867575e+05
4.661089626308281440e+05
4.054342871978532057e+06
8.064918717334765010e+06
1.167803951348733716e+07
1.687524932113529742e+07
2.581709186577939242e+07
3.679025406154648960e+07
4.347830822808164358e+07
6.421664671759946644e+07
8.226345230827617645e+07
1.064817540062813461e+08
1.325828893546333462e+08
1.507841578917942047e+08
1.688223927616144419e+08
1.909130482587175369e+08
1.945939093663484156e+08
2.130386230146899223e+08
2.056327768068082929e+08
2.270464556154559851e+08
2.299710477690673470e+08
2.412073751780876219e+08
2.493416516689240038e+08
2.564988244233588576e+08
2.685396086884465218e+08
2.681801019073379040e+08
2.813049091209745407e+08
2.698394025575154424e+08
2.940533956978980303e+08
2.806022761145354509e+08
2.999981121304365396e+08
3.021321293115804195e+08
3.062835782502535582e+08
3.149656834057668447e+08
3.267308108928005695e+08
3.300900428941692710e+08
3.311120904761447906e+08
3.418697739130773544e+08
3.493973225707023144e+08
3.401718509636419415e+08
3.540235615418747663e+08
3.508736797636289597e+08
3.605909949539238214e+08
3.522741593207596540e+08
3.652558859703692198e+08
3.803495712104759216e+08
3.756661629542158842e+08
3.776217836735990047e+08
3.916545379845936298e+08
3.902837530744069815e+08
3.911197940434700251e+08
4.063675881654396057e+08
4.041227315292034745e+08
4.082382041547245383e+08
4.138006538906834126e+08
4.051045351429021358e+08
4.296629317359110713e+08
4.173302194152572155e+08
4.165190813665571213e+08
4.184790154308337569e+08
4.323889435130552649e+08
4.272201167230223417e+08
4.272964555187650919e+08
4.236816583764664531e+08
4.359897987201726437e+08
4.316100840839407444e+08
4.429826480833288431e+08
4.187090993656558394e+08
4.409797557165335417e+08
4.356318743773305416e+08
4.421399957204573154e+08
4.316783441009948254e+08
4.375611397128344774e+08
4.419901689453363419e+08
4.402381465258243084e+08
4.428373849935197830e+08
4.540701660986440182e+08
4.373057793468988538e+08
4.483996976463565230e+08
4.427220311143403053e+08
4.488866114251300693e+08
4.594320436287651658e+08
4.381468121753354073e+08
4.525389221955379248e+08
4.606435416675176620e+08
4.463384907176271677e+08
4.449353440979641676e+08
4.619835801887592077e+08
4.465282491969466209e+08
4.671924720426799059e+08
4.449267065418322086e+08
4.676503016171749830e+08
4.505543033943961859e+08
4.536244618316399455e+08
4.683340550917041302e+08
4.538104780950827003e+08
4.606552770922061801e+08
4.643414834675681591e+08
4.506532350968636870e+08
4.769475253308970332e+08
4.578438490316435695e+08
4.518036706801877022e+08
4.609807444222685695e+08
4.712257448712735176e+08
4.495493815797935724e+08
4.641704235364499092e+08
4.725679393983361721e+08
4.588132312523996830e+08
4.650310128776919842e+08
4.561875238741151094e+08
4.596135555193172097e+08
4.628968736107782125e+08
4.625962789093286395e+08
4.726752720220661163e+08
4.467956072892584801e+08
4.654875289715036154e+08
4.787461607163205743e+08
4.674927983184654117e+08
4.623603561964827776e+08
4.485570599727181196e+08
4.642029519645349383e+08
4.814639298008311987e+08
4.639323951221216917e+08
4.500418967763773203e+08
4.706553325980921984e+08
4.568744451887259483e+08
4.709955622896572351e+08
4.655042093637983799e+08
4.621461101702660322e+08
4.747602102056037188e+08
4.474034163099863529e+08
4.581954949481478930e+08
4.672924667403435707e+08
4.666170745073020458e+08
4.451042239072979689e+08
4.617483110661894083e+08
4.614645979605728984e+08
4.426013923367809653e+08
4.554849464566643238e+08
4.512184260463463068e+08
4.691307686579878330e+08
4.458631023246221542e+08
4.507363660766987205e+08
4.401663973619872332e+08
4.678330547165085077e+08
4.355946479578430653e+08
4.444395386163107753e+08
4.402755579494991899e+08
4.411134498584812880e+08
4.361042768879961967e+08
4.321322628758341074e+08
4.543951095575830936e+08
4.269980568137732744e+08
4.190285055893732905e+08
4.229986078570587039e+08
4.219826855363844633e+08
4.341149252374880314e+08
4.081414860296734571e+08
4.241514622210920453e+08
4.275733031045494080e+08
4.178128651658719182e+08
4.062150695382891893e+08
4.021198208768295050e+08
4.094179996766961813e+08
3.953946953831862211e+08
4.050669454434697032e+08
3.988884863093411922e+08
3.905301548192907572e+08
3.928007806992210746e+08
3.916539147136999369e+08
3.781619282642008662e+08
3.756998171301216483e+08
3.793099578950436711e+08
3.830451931570984125e+08
3.865610294726379514e+08
3.564416052049076557e+08
3.759774680171990395e+08
3.597503668260328770e+08
3.614756679912061691e+08
3.631296470475016236e+08
3.533511471294913888e+08
3.509184727030950785e+08
3.383200348151313066e+08
3.463632924718207717e+08
3.365615584291072488e+08
3.446356628761777878e+08
3.144427010915230513e+08
3.340160848268124461e+08
3.185078027918354273e+08
3.209755694060366154e+08
2.993491474219235182e+08
3.091685223920962811e+08
3.154659520193192959e+08
3.045778953764768839e+08
2.892330659261300564e+08
2.963731061502219439e+08
2.878363179534043670e+08
2.945648712918941379e+08
2.941778583098126054e+08
2.899507589821883440e+08
2.938755020170180798e+08
2.885223931506974697e+08
2.902696024563401937e+08
2.728243825205768347e+08
2.781222348686762452e+08
2.946034067294720411e+08
2.762485874523520470e+08
2.630905685226955414e+08
2.747294190774092674e+08
2.896173202243605852e+08
2.709543093028094172e+08
2.559212340139568448e+08
2.703401937020316124e+08
2.615789709023592174e+08
2.630526612469027638e+08
2.697813998244532943e+08
2.600070808518646955e+08
2.472616923092907071e+08
2.666651512009510994e+08
2.697698416876727343e+08
2.565366482085944712e+08
2.592015163332221210e+08
2.387171051715286672e+08
2.595055238407176733e+08
2.564232962030740380e+08
2.627682789457505941e+08
2.482397776089270115e+08
2.560297183459174335e+08
2.424703875468166769e+08
2.446131325790678263e+08
2.514548186135699451e+08
2.456885753841953278e+08
2.464008654351341724e+08
2.520675668924098015e+08
2.526818206539638042e+08
2.432786732248434424e+08
2.412407182780976295e+08
2.492188426411676407e+08
2.292153174210178256e+08
2.388441176303730011e+08
2.313839075817694962e+08
2.438460491662778854e+08
2.400095612526920140e+08
2.467282721901847124e+08
2.304240810922158957e+08
6.607502097821523249e+07
0.000000000000000000e+00
0.000000000000000000e+00
0.000000000000000000e+00
0.000000000000000000e+00
0.000000000000000000e+00
0.000000000000000000e+00
0.000000000000000000e+00
0.000000000000000000e+00
0.000000000000000000e+00
0.000000000000000000e+00
0.000000000000000000e+00
0.000000000000000000e+00
0.000000000000000000e+00
0.000000000000000000e+00
0.000000000000000000e+00
