0.000000000000000000e+00
0.000000000000000000e+00
0.000000000000000000e+00
0.000000000000000000e+00
1.038657567538667237e+06
2.256147611523719504e+06
2.071446645578666124e+06
1.882429315927182324e+06
2.457978455124787055e+06
1.348221652764516417e+06
4.667069349047886208e+06
3.038457433323482517e+06
3.826048975805297028e+06
2.246791294677549507e+06
7.630695907880464569e+06
4.865068013382794335e+06
5.714846094276416115e+06
8.591564675421847031e+06
1.108333955678755976e+07
1.350914960317803547e+07
1.774450147429921478e+07
2.269482364633757994e+07
3.110597415311468765e+07
3.759314647478848696e+07
4.220936577777987719e+07
4.699961621464648098e+07
5.504889956016573310e+07
7.384401757082813978e+07
7.217697067422623932e+07
8.633838622022841871e+07
9.727891516532960534e+07
1.104426764920523614e+08
1.152552602729933858e+08
1.357765743990730643e+08
1.397145006108251810e+08
1.422219203694677949e+08
1.596448662459457815e+08
1.667503030467028320e+08
1.705786411600531042e+08
1.952097376840966940e+08
1.923072953832328618e+08
2.002522521588348746e+08
2.100909341441752911e+08
2.171714523709535003e+08
2.204850202669895887e+08
2.348047349937608838e+08
2.273156671863911152e+08
2.376320782362510860e+08
2.558078142958399653e+08
2.464952267031357884e+08
2.479917014314238429e+08
2.696145318432624936e+08
2.508117024855877757e+08
2.744539628880782723e+08
2.646516934378167391e+08
2.764651145268002748e+08
2.780877375044612885e+08
2.720526388204602599e+08
2.757519677477960587e+08
2.862919376062583327e+08
2.828574419901234508e+08
2.872511140079115629e+08
2.818232199499607086e+08
2.931027339031019807e+08
2.830937275822480917e+08
2.902677572500934005e+08
2.941478724199522734e+08
2.907997365388204455e+08
3.010435853901234865e+08
2.761614738085333705e+08
2.913667983440980911e+08
2.947871172968007922e+08
2.899557911845085621e+08
2.785373978602236509e+08
2.977128579671287537e+08
2.855415113333044052e+08
2.872847709815730453e+08
2.762984302649016380e+08
2.721217205901792049e+08
2.806915228502103090e+08
2.668132827226237357e+08
2.671485847650359571e+08
2.597386832620506883e+08
2.600486667550368905e+08
2.596745404637601376e+08
2.477188503257008791e+08
2.464350758186928332e+08
2.370095946310157180e+08
2.454591438376504779e+08
2.289875367644960880e+08
2.314897360353127122e+08
2.224925716707565188e+08
2.208083874772649109e+08
2.228838196951115429e+08
2.189486513451538086e+08
2.137278258403708637e+08
2.091945595523186326e+08
1.951096223168110847e+08
1.977243457752251923e+08
1.925711012756375372e+08
1.833692931486166120e+08
1.884369692290471196e+08
1.774278645695181191e+08
1.766968902631103396e+08
1.652676139661260843e+08
1.474776939465499222e+08
1.581045026125066876e+08
1.499975819691784084e+08
1.465672013405106366e+08
1.439783023831931353e+08
1.366272767548355162e+08
1.257963081101879776e+08
1.295097476601048410e+08
1.230453973502629101e+08
1.134954501311919391e+08
1.054924089971411824e+08
1.106398060836566091e+08
9.615627089155623317e+07
1.133243691858196259e+08
9.571362456464447081e+07
9.041485641093185544e+07
8.426368836144760251e+07
9.000008520189759135e+07
8.260624594607812166e+07
7.706265006484898925e+07
7.784748670908510685e+07
7.400552386387962103e+07
7.628514899103800952e+07
6.703350285255444050e+07
6.092118628342369199e+07
6.995445309501260519e+07
5.776618877085237205e+07
5.637942180201446265e+07
5.625498801734577119e+07
5.430889427790765464e+07
4.973524469334378839e+07
4.757372174643352628e+07
4.980367969102102518e+07
4.454079919959844649e+07
4.970459000861395895e+07
3.996914159638203681e+07
4.576543589296319336e+07
3.716852395338705927e+07
3.145669658226659149e+07
3.438500333341549337e+07
3.746036909176334739e+07
3.198395749396864325e+07
2.648431803015387058e+07
3.038045318379716203e+07
2.266097672924098372e+07
3.129016116097219288e+07
2.632629820356625319e+07
2.290027335587435588e+07
2.709529336774087697e+07
2.541240023143875599e+07
2.203773306012736633e+07
2.542385965925274044e+07
2.285153846840535104e+07
2.119779826445982605e+07
2.513648500983678922e+07
2.255497269407531992e+07
2.316428379530822113e+07
2.191598938320838660e+07
2.035915872606936842e+07
2.155067763892599568e+07
1.982817159750849009e+07
1.856641443324748054e+07
2.068974100294077396e+07
1.852075124668407813e+07
1.829500171936574951e+07
1.636045536089175753e+07
1.484313292444798164e+07
1.815443632391357422e+07
1.356454415092271194e+07
1.450295305365885608e+07
1.744682794758955017e+07
1.421086940142652951e+07
1.273758943583657034e+07
1.285449549607258104e+07
1.476015969658726268e+07
1.109446715695725009e+07
1.039273609169746004e+07
1.220588947365880571e+07
7.951908348873740993e+06
1.049997451050220244e+07
8.416611380537692457e+06
1.065267137541606650e+07
7.265168128500331193e+06
8.137798872194030322e+06
6.061639092791778967e+06
8.990040629141211510e+06
5.578452608531085774e+06
7.166189776046745479e+06
5.787355549956997856e+06
6.504001091734118760e+06
5.362782952952049673e+06
7.578017103617528453e+06
6.567625165390362963e+06
6.309598717864084058e+06
6.800069998464617878e+06
5.683962152462567203e+06
5.682552864188826643e+06
5.058696735262255184e+06
5.661487725511515513e+06
5.949857077251954470e+05
0.000000000000000000e+00
0.000000000000000000e+00
0.000000000000000000e+00
0.000000000000000000e+00
0.000000000000000000e+00
0.000000000000000000e+00
0.000000000000000000e+00
0.000000000000000000e+00
0.000000000000000000e+00
0.000000000000000000e+00
0.000000000000000000e+00
0.000000000000000000e+00
0.000000000000000000e+00
0.000000000000000000e+00
0.000000000000000000e+00
0.000000000000000000e+00
0.000000000000000000e+00
0.000000000000000000e+00
0.000000000000000000e+00
0.000000000000000000e+00
0.000000000000000000e+00
0.000000000000000000e+00
0.000000000000000000e+00
0.000000000000000000e+00
0.000000000000000000e+00
0.000000000000000000e+00
0.000000000000000000e+00
0.000000000000000000e+00
0.000000000000000000e+00
0.000000000000000000e+00
0.000000000000000000e+00
0.000000000000000000e+00
0.000000000000000000e+00
0.000000000000000000e+00
0.000000000000000000e+00
0.000000000000000000e+00
0.000000000000000000e+00
0.000000000000000000e+00
0.000000000000000000e+00
0.000000000000000000e+00
0.000000000000000000e+00
0.000000000000000000e+00
0.000000000000000000e+00
0.000000000000000000e+00
0.000000000000000000e+00
0.000000000000000000e+00
0.000000000000000000e+00
0.000000000000000000e+00
0.000000000000000000e+00
0.000000000000000000e+00
0.000000000000000000e+00
0.000000000000000000e+00
0.000000000000000000e+00
0.000000000000000000e+00
0.000000000000000000e+00
0.000000000000000000e+00
0.000000000000000000e+00
0.000000000000000000e+00
0.000000000000000000e+00
0.000000000000000000e+00
0.000000000000000000e+00
0.000000000000000000e+00
0.000000000000000000e+00
0.000000000000000000e+00
