0.000000000000000000e+00
0.000000000000000000e+00
0.000000000000000000e+00
0.000000000000000000e+00
0.000000000000000000e+00
0.000000000000000000e+00
2.173703525619854045e+05
0.000000000000000000e+00
0.000000000000000000e+00
2.160430972491271095e+05
0.000000000000000000e+00
0.000000000000000000e+00
2.148596534882387496e+05
2.148737320713358058e+05
4.279771134043904021e+05
8.588504220803432399e+05
0.000000000000000000e+00
3.250827802658289438e+05
8.522180416499413550e+05
1.065925973091512453e+06
2.155456631904159149e+05
4.336002984448757488e+05
1.282410894686921034e+06
1.089404144989860011e+06
4.388914416918656789e+05
4.269609961595850764e+05
4.265454361768632662e+05
7.916122559432063717e+05
8.589291322745572543e+05
1.736096454135907115e+06
9.489018406561408192e+05
1.069587675775890239e+06
2.520595944629786070e+06
1.285106204189856304e+06
1.860533209261280252e+06
3.676010780156512745e+06
1.904441588173732627e+06
1.280038812319958583e+06
1.650852678262670292e+06
2.983434973273293115e+06
1.379089934054379817e+06
4.292253352268184535e+06
2.609562462618336082e+06
4.800791889943168499e+06
3.746951820889341645e+06
4.679595764904480428e+06
5.309665619477345608e+06
5.476601776103177108e+06
7.498532400816231035e+06
6.995161228148819879e+06
5.748508843058309518e+06
1.011045775120187178e+07
9.351509403800817207e+06
1.148820533587859012e+07
1.169726855071296543e+07
1.546112163462190144e+07
1.698342066367343813e+07
2.188122669503875449e+07
1.676938419281405210e+07
2.005907769947775826e+07
2.509669085159907863e+07
2.626234058907208964e+07
2.852419492454963550e+07
3.471231346572715044e+07
3.482505285945778340e+07
3.323627663310042024e+07
3.787854929360619932e+07
4.661436211595885456e+07
5.070647000648687780e+07
5.109202847336450964e+07
5.598725762664426863e+07
5.407459981053368747e+07
6.718559203801819682e+07
6.525435233666584641e+07
7.053163615118196607e+07
7.787738032827106118e+07
7.449267337256959081e+07
8.178663334332984686e+07
9.238648663460445404e+07
9.204971435429203510e+07
1.063022267814636827e+08
1.079634194053108096e+08
1.149759657355175465e+08
1.209497920564228147e+08
1.205512459999256134e+08
1.293049339737014174e+08
1.384768972868306041e+08
1.484866524321835637e+08
1.480273894327270985e+08
1.507489639969339371e+08
1.647578715161712170e+08
1.732419439299941659e+08
1.738781027648484707e+08
1.716603095726536512e+08
1.916793588692056537e+08
1.805157212778512836e+08
1.844170589653277397e+08
2.013819704163277149e+08
2.150546959471689463e+08
2.046728717728534341e+08
2.121651066466045380e+08
2.101082538132896423e+08
2.322114981680121422e+08
2.378911293946224451e+08
2.231046443434006274e+08
2.617292597147480249e+08
2.476655434839974642e+08
2.623164492171121538e+08
2.580914219419131577e+08
2.626598849916617870e+08
2.722315815146659017e+08
2.742401859591450691e+08
2.822481910026443005e+08
2.998705863904924393e+08
2.991216021844564676e+08
2.980583122360788584e+08
2.952418968063678145e+08
3.173008133951416612e+08
3.223616091518127918e+08
3.041677302266646624e+08
3.150891829403586984e+08
3.306325980518223047e+08
3.268648570269578695e+08
3.444132750423263311e+08
3.220618010134783387e+08
3.323506787068648338e+08
3.496861363718438148e+08
3.308440344404937029e+08
3.681744389023027420e+08
3.320260100151695013e+08
3.524964317212826014e+08
3.534523328490345478e+08
3.603279653178403378e+08
3.539137669345606565e+08
3.471027218792394400e+08
3.561216275344036818e+08
3.754289615150297880e+08
3.467652012579905987e+08
3.609178302138314843e+08
3.627363699179985523e+08
3.706506715874804258e+08
3.677719581305192709e+08
3.772732905998241901e+08
3.794206370836355090e+08
3.634010614745769501e+08
3.763691488923578858e+08
3.910153495118820667e+08
3.838183289513801336e+08
3.670924288871829510e+08
3.734045137598588467e+08
3.766237482549219131e+08
3.872146405211472511e+08
3.759205600666736364e+08
3.701222063213839531e+08
3.661258106901918650e+08
3.822213890810773373e+08
3.870390419256336093e+08
3.598867400781326294e+08
3.701735280828707218e+08
3.584945770398461819e+08
3.665310291177561283e+08
3.592858300846792459e+08
3.831545444272056818e+08
3.663151198637589216e+08
3.473678219788992405e+08
3.667460172124099731e+08
3.595999380015134811e+08
3.637330823228986263e+08
3.423327544598039389e+08
3.526627110823023915e+08
3.612984485763623714e+08
3.608577423445185423e+08
3.375569739671572447e+08
3.556243571478559971e+08
3.494948193353480101e+08
3.498395009470649958e+08
3.457089187689186335e+08
3.319996917827229500e+08
3.378395322421095371e+08
3.409957908447979689e+08
3.335811951981878281e+08
3.322209121925555468e+08
3.290383982689300179e+08
3.412226669834418297e+08
3.083728721249624491e+08
3.335770224180680513e+08
3.218120410429632068e+08
3.184677018614102006e+08
3.271273221104775667e+08
3.289606682839751244e+08
3.172361881048803329e+08
3.234231749158755541e+08
3.061927763285251856e+08
3.059180470790263414e+08
3.088283086304687262e+08
2.973098836781446338e+08
3.252420394083953500e+08
3.132833027906801701e+08
2.918400978912353516e+08
2.978854583149135113e+08
3.014059238661452532e+08
2.822899106039996743e+08
2.961768574717269540e+08
2.980448134861274362e+08
5.454991336875426769e+07
0.000000000000000000e+00
0.000000000000000000e+00
0.000000000000000000e+00
0.000000000000000000e+00
0.000000000000000000e+00
0.000000000000000000e+00
0.000000000000000000e+00
0.000000000000000000e+00
0.000000000000000000e+00
0.000000000000000000e+00
0.000000000000000000e+00
0.000000000000000000e+00
0.000000000000000000e+00
0.000000000000000000e+00
0.000000000000000000e+00
0.000000000000000000e+00
0.000000000000000000e+00
0.000000000000000000e+00
0.000000000000000000e+00
0.000000000000000000e+00
0.000000000000000000e+00
0.000000000000000000e+00
0.000000000000000000e+00
0.000000000000000000e+00
0.000000000000000000e+00
0.000000000000000000e+00
0.000000000000000000e+00
0.000000000000000000e+00
0.000000000000000000e+00
0.000000000000000000e+00
0.000000000000000000e+00
0.000000000000000000e+00
0.000000000000000000e+00
0.000000000000000000e+00
0.000000000000000000e+00
0.000000000000000000e+00
0.000000000000000000e+00
0.000000000000000000e+00
0.000000000000000000e+00
0.000000000000000000e+00
0.000000000000000000e+00
0.000000000000000000e+00
0.000000000000000000e+00
0.000000000000000000e+00
0.000000000000000000e+00
0.000000000000000000e+00
0.000000000000000000e+00
0.000000000000000000e+00
0.000000000000000000e+00
0.000000000000000000e+00
0.000000000000000000e+00
0.000000000000000000e+00
0.000000000000000000e+00
0.000000000000000000e+00
0.000000000000000000e+00
0.000000000000000000e+00
0.000000000000000000e+00
0.000000000000000000e+00
0.000000000000000000e+00
0.000000000000000000e+00
0.000000000000000000e+00
0.000000000000000000e+00
0.000000000000000000e+00
0.000000000000000000e+00
