nan
nan
1.021469797706231475e-04
nan
nan
1.192418480059131980e-03
9.004238404716057454e-04
1.158622580935142650e-03
1.438019303470915947e-03
1.881961861254844706e-03
1.298077989390868841e-03
1.277403759978015287e-03
1.086324094482380960e-03
1.532025089373105064e-03
1.825420701503778801e-03
2.027579007029679629e-03
2.722283505601289389e-03
2.979498588894344442e-03
3.471825653738567184e-03
3.599482349126827477e-03
4.196962356031846628e-03
4.588190667868871989e-03
4.756885642675294686e-03
5.072630672154768323e-03
4.833011312458597095e-03
5.199646055135837344e-03
5.173770227269640885e-03
5.026452592766146761e-03
4.877372254253385317e-03
4.867942347000268899e-03
4.651089670790867908e-03
4.453547372223657687e-03
4.244221981233228629e-03
4.094781712155207663e-03
4.016481866222491003e-03
4.012959247109371130e-03
3.935879285559933972e-03
3.849443374490007282e-03
3.767763176514035955e-03
3.718762930587788708e-03
3.697391754801766187e-03
3.679297672142364979e-03
3.666643041635461817e-03
