4.480492348605722430e-01
4.749700982940164296e-01
6.432254947530426925e-01
7.677344881327449189e-01
8.787830497956808928e-01
9.359898845917289378e-01
1.178277655492633746e+00
1.309516864730624341e+00
1.545074419773187824e+00
1.740250679665602318e+00
2.154158954955216920e+00
2.170984494601161163e+00
2.601718309536875662e+00
3.032452124470818244e+00
3.288200327090009090e+00
3.463185939408748748e+00
3.893919754346145456e+00
4.324653569284603094e+00
4.755387384222699687e+00
5.186121199160698580e+00
5.616855014093182774e+00
5.869238108782980134e+00
6.047588829030867252e+00
6.478322643969115724e+00
6.909056458905896037e+00
7.339790273841924062e+00
7.770524088779737326e+00
8.201257903715001518e+00
8.611801071074351555e+00
8.631991718649384637e+00
9.062725533584810478e+00
9.493459348520406849e+00
9.924193163455917954e+00
1.035492697839104359e+01
1.076883525368249472e+01
1.078566079332854777e+01
1.121639460826700585e+01
1.164712842320552788e+01
1.207786223814402504e+01
1.250859605308252753e+01
1.293932986802102114e+01
1.337006368295953429e+01
1.380079749789804566e+01
