1.750929142927729292e+06
3.222700016353224404e+06
5.356827864278844558e+06
1.131584534985030442e+07
1.876259419369332492e+07
2.212841578364599496e+07
4.777998922615075111e+07
6.614771602526650578e+07
1.058412045221252590e+08
2.377571798521178365e+08
3.222382409321306944e+08
3.308541356718890071e+08
6.364183751847224236e+08
1.548602373451707840e+09
2.238825814125547409e+09
4.839343880125007629e+09
6.237521273833353043e+09
8.208562982423469543e+09
9.419846009245067596e+09
1.224824000301638794e+10
1.337650994842025757e+10
1.341371488222840881e+10
1.350578937095136452e+10
1.456226656490367889e+10
1.461118248227554893e+10
1.459849829077081680e+10
1.463386401851302338e+10
1.455755159356939697e+10
1.450433468938136864e+10
1.450091752553032112e+10
1.443112908608551598e+10
1.439348013968890953e+10
1.431778213012731934e+10
1.428228668592645645e+10
1.423120255937216568e+10
1.422965006921542358e+10
1.419204546778232765e+10
1.416159445094395256e+10
1.420924617997438049e+10
1.411970406689781570e+10
1.520148468524609184e+10
1.410963640520347786e+10
1.409806241225291824e+10
