0.000000000000000000e+00
0.000000000000000000e+00
0.000000000000000000e+00
0.000000000000000000e+00
1.270522684903931804e+06
8.306435635998306796e+06
1.180473134261828661e+07
1.480159736015460454e+07
2.193704350356379896e+07
3.378336843800147623e+07
7.278833033364444971e+07
8.371241613613587618e+07
8.471903015774174035e+07
8.951369974993230402e+07
8.298414339791421592e+07
9.263504097964604199e+07
9.279907922780668736e+07
9.727960385535082221e+07
1.012026438513723761e+08
1.066039905234132111e+08
1.081616196531262696e+08
1.122846117963298857e+08
1.209550700813041031e+08
1.198388058994757235e+08
1.279736125961069465e+08
1.280084446755264401e+08
1.323517971155583113e+08
1.317808913873485625e+08
1.445769249246630073e+08
1.395012398781840801e+08
1.420752540566430986e+08
1.547961213618144989e+08
1.458800435153750181e+08
1.558372861605914235e+08
1.572102736436886787e+08
1.586543517196509838e+08
1.659397561672400832e+08
1.698045838748421669e+08
1.704926958590224981e+08
1.761531810692176223e+08
1.881909909469424784e+08
1.712951971529231071e+08
1.896870251219633818e+08
1.955631248063235283e+08
1.926899357701719999e+08
1.934481050773121715e+08
1.990321237068625987e+08
1.978182916144968271e+08
1.978033925498141050e+08
2.024007539154247940e+08
2.051613323789534569e+08
2.143057307520557940e+08
2.169133807586694658e+08
2.136662443079981208e+08
2.206623971713021994e+08
2.281263160975871086e+08
2.228415994336433411e+08
2.364486292459773421e+08
2.266495353728009760e+08
2.394992419124160111e+08
2.377714028374041915e+08
2.347854489099507630e+08
2.439188343908678293e+08
2.460919495657301843e+08
2.493512232402595282e+08
2.492784687149940729e+08
2.404295215456078649e+08
2.621052712512645423e+08
2.496549739137801528e+08
2.538246888123560846e+08
2.557688709109381437e+08
2.509953970400825739e+08
2.673307599378424287e+08
2.504154695927944779e+08
2.502635162470059395e+08
2.672284340741257071e+08
2.481817938591554761e+08
2.682029772561374307e+08
2.759907028199545145e+08
2.629366591588094831e+08
2.681513801194995940e+08
2.751927141885911822e+08
2.698187366827573180e+08
2.565774546224833131e+08
2.805985775540099144e+08
2.655969207682845592e+08
2.700137540378744602e+08
2.744220091880982518e+08
2.740611274240366220e+08
2.831008590270344019e+08
2.826398510500662327e+08
2.879060998114085793e+08
2.981703302785807252e+08
2.883175576141672730e+08
2.962485671561222076e+08
2.920577733787797093e+08
3.143279650742429495e+08
3.029033202442474365e+08
3.035667393953410983e+08
2.939648859463436604e+08
3.180535901766572595e+08
3.216671858659379482e+08
3.232014829218654633e+08
3.061518888557089567e+08
3.309631700909801722e+08
3.293302566362006068e+08
3.323551300329255462e+08
3.255688334342193604e+08
3.469325782787453532e+08
3.414649194700780511e+08
3.346076245215490460e+08
3.427203799155144691e+08
3.490724116279019117e+08
3.465240005271714926e+08
3.501582349978821278e+08
3.582857896630015373e+08
3.685154198499965072e+08
3.545210269907143116e+08
3.497965778617281914e+08
3.695099129299918413e+08
3.710641698383868933e+08
3.653120882889081836e+08
3.681546125407772064e+08
3.663690299154113531e+08
3.752077663264469504e+08
3.769933538496122956e+08
3.697606579039449692e+08
3.795523513540277481e+08
3.892537478531113863e+08
3.782370922166910768e+08
3.866362592518299818e+08
3.811857504370276928e+08
3.824289418117773533e+08
3.972553198821803331e+08
3.982459179404804707e+08
3.883892757312189341e+08
4.008496855671099424e+08
3.937143029638417363e+08
3.893628848911191225e+08
4.160610423541412950e+08
3.988233949751494527e+08
4.182546051649997234e+08
4.050619614938005209e+08
4.163589207318338752e+08
4.082139196005477309e+08
4.293845975056344867e+08
4.095707296725641489e+08
4.231538506727683544e+08
4.285686020418121815e+08
4.057657536622442007e+08
4.303458542424516082e+08
4.249044777651531100e+08
4.221437473040464520e+08
4.216879841173847914e+08
4.304428702974004745e+08
4.212611484123251438e+08
4.220903686463715434e+08
4.259133967920690775e+08
4.233647315100505948e+08
4.181868504640765190e+08
4.263082268279727697e+08
4.135982176887332797e+08
4.044048253490744233e+08
4.179286960313152075e+08
4.100022027509857416e+08
4.094889246424226761e+08
3.975686793820897937e+08
3.895926443139100075e+08
3.806915524283734560e+08
4.009427671900022030e+08
3.778656954089852571e+08
1.918254529408193529e+08
0.000000000000000000e+00
0.000000000000000000e+00
0.000000000000000000e+00
0.000000000000000000e+00
0.000000000000000000e+00
0.000000000000000000e+00
0.000000000000000000e+00
0.000000000000000000e+00
0.000000000000000000e+00
0.000000000000000000e+00
0.000000000000000000e+00
0.000000000000000000e+00
0.000000000000000000e+00
0.000000000000000000e+00
0.000000000000000000e+00
0.000000000000000000e+00
0.000000000000000000e+00
0.000000000000000000e+00
0.000000000000000000e+00
0.000000000000000000e+00
0.000000000000000000e+00
0.000000000000000000e+00
0.000000000000000000e+00
0.000000000000000000e+00
0.000000000000000000e+00
0.000000000000000000e+00
0.000000000000000000e+00
0.000000000000000000e+00
0.000000000000000000e+00
0.000000000000000000e+00
0.000000000000000000e+00
0.000000000000000000e+00
0.000000000000000000e+00
0.000000000000000000e+00
0.000000000000000000e+00
0.000000000000000000e+00
0.000000000000000000e+00
0.000000000000000000e+00
0.000000000000000000e+00
0.000000000000000000e+00
0.000000000000000000e+00
0.000000000000000000e+00
0.000000000000000000e+00
0.000000000000000000e+00
0.000000000000000000e+00
0.000000000000000000e+00
0.000000000000000000e+00
0.000000000000000000e+00
0.000000000000000000e+00
0.000000000000000000e+00
0.000000000000000000e+00
0.000000000000000000e+00
0.000000000000000000e+00
0.000000000000000000e+00
0.000000000000000000e+00
0.000000000000000000e+00
0.000000000000000000e+00
0.000000000000000000e+00
0.000000000000000000e+00
0.000000000000000000e+00
0.000000000000000000e+00
0.000000000000000000e+00
0.000000000000000000e+00
0.000000000000000000e+00
0.000000000000000000e+00
0.000000000000000000e+00
0.000000000000000000e+00
0.000000000000000000e+00
0.000000000000000000e+00
0.000000000000000000e+00
0.000000000000000000e+00
0.000000000000000000e+00
0.000000000000000000e+00
0.000000000000000000e+00
0.000000000000000000e+00
0.000000000000000000e+00
0.000000000000000000e+00
0.000000000000000000e+00
0.000000000000000000e+00
0.000000000000000000e+00
0.000000000000000000e+00
0.000000000000000000e+00
0.000000000000000000e+00
0.000000000000000000e+00
0.000000000000000000e+00
0.000000000000000000e+00
0.000000000000000000e+00
0.000000000000000000e+00
0.000000000000000000e+00
0.000000000000000000e+00
0.000000000000000000e+00
0.000000000000000000e+00
0.000000000000000000e+00
0.000000000000000000e+00
0.000000000000000000e+00
0.000000000000000000e+00
0.000000000000000000e+00
