0.000000000000000000e+00
0.000000000000000000e+00
0.000000000000000000e+00
0.000000000000000000e+00
2.831762100768477656e+06
8.212103506104382686e+06
1.554864608569255285e+07
2.340679177575980499e+07
3.792567969925681502e+07
4.443034411469365656e+07
8.800278085822525620e+07
1.051113706051264852e+08
1.149606807601546794e+08
1.406007663655358255e+08
1.511983655222981572e+08
1.621234102503810525e+08
1.789454387832524180e+08
1.893905747809618711e+08
2.030925717446575165e+08
2.131541004026952684e+08
2.299260721257907152e+08
2.372365161831067502e+08
2.501934259312526882e+08
2.639865820866278410e+08
2.651119544830884933e+08
2.807947890292619467e+08
2.676277752597061694e+08
2.836872237579207420e+08
2.822419472339372039e+08
2.915129553963016272e+08
2.994363873654158115e+08
3.010741345200202465e+08
3.126008931576651335e+08
3.050169713595175147e+08
3.219013317759372592e+08
3.063827163649206758e+08
3.331904747338487506e+08
3.185045668453990221e+08
3.360157379589449167e+08
3.300321020985831022e+08
3.374522238722884655e+08
3.472595597472944856e+08
3.520905403885657787e+08
3.550054615434389710e+08
3.511877068011447787e+08
3.573606152155599594e+08
3.661357360083788037e+08
3.591681036464781761e+08
3.715974983223581314e+08
3.670971936447805762e+08
3.775541391766190529e+08
3.719625462071900368e+08
3.779118791922615170e+08
3.970306823556855321e+08
3.948004423213331699e+08
3.902520686774119735e+08
4.122441777886363268e+08
3.983024509813774824e+08
3.983219175377015471e+08
4.120091597318290472e+08
4.117385344100271463e+08
4.233263380326702595e+08
4.227223356072868109e+08
4.141885445874521136e+08
4.418478748408038616e+08
4.221081641066589355e+08
4.246594123251130581e+08
4.239804196913235188e+08
4.395469883106774688e+08
4.340715384914942980e+08
4.340922186244445443e+08
4.298191205868117809e+08
4.426387339616317749e+08
4.371739186675319672e+08
4.477714335047726035e+08
4.232132848412766457e+08
4.472101665976562500e+08
4.399105558304243088e+08
4.466592667916249037e+08
4.368176490901228189e+08
4.428936478610188961e+08
4.454463207588571906e+08
4.485442235309877396e+08
4.477077994420921803e+08
4.565156659553568959e+08
4.397897442966304421e+08
4.530955172029143572e+08
4.474071666704407930e+08
4.627034775861861110e+08
4.689676654059721828e+08
4.471996957032880783e+08
4.667709762447131872e+08
4.709181339925733209e+08
4.557774851483211517e+08
4.521585277294529676e+08
4.711988639790658951e+08
4.529812823845741153e+08
4.719336729654498100e+08
4.518906507639839649e+08
4.775910954966380596e+08
4.634645348473075628e+08
4.684328008435828686e+08
4.798963021553519964e+08
4.630348351867934465e+08
4.765163513843719959e+08
4.845287851508289576e+08
4.679084540949613452e+08
4.847940332759444714e+08
4.684690644137128592e+08
4.632227912758906484e+08
4.727181341370524168e+08
4.828713578295242786e+08
4.596755926092174053e+08
4.784260595024504662e+08
4.886351518482785821e+08
4.734874914966099262e+08
4.758834102034672499e+08
4.682279193202383518e+08
4.706409656043747663e+08
4.725438615879448652e+08
4.738547160146667957e+08
4.811146457151643038e+08
4.553702492867404222e+08
4.720140931963151693e+08
4.844183414365560412e+08
4.733818215618333817e+08
4.691938068401483893e+08
4.568924686142941713e+08
4.749806350856868029e+08
4.915755307150197029e+08
4.739141481591197252e+08
4.575657996957956553e+08
4.788739975943326950e+08
4.655727359966104031e+08
4.792070971052825451e+08
4.734015989384557009e+08
4.678777713221457005e+08
4.822964836126265526e+08
4.537671571757907271e+08
4.686060747251516581e+08
4.775928743166319132e+08
4.768975518804254532e+08
4.520290337027345896e+08
4.750445655723125935e+08
4.731026882717994452e+08
4.563406646772351265e+08
4.665157535905313492e+08
4.599781257132653594e+08
4.816116171494244337e+08
4.579112108309513330e+08
4.621795328577911854e+08
4.483341066260854602e+08
4.773270779833724499e+08
4.462299985588586330e+08
4.540247761250156164e+08
4.489362505817874670e+08
4.507577598445982933e+08
4.456084000944521427e+08
4.419096892362568974e+08
4.659953963863000870e+08
4.383279137767383456e+08
4.307311427500805259e+08
4.331738680068209171e+08
4.374217239670172930e+08
4.457503299173740149e+08
4.154656644356045723e+08
4.299263073058540821e+08
4.337454835291104317e+08
4.240201553868287802e+08
4.107938562928229570e+08
4.080658134313775301e+08
4.145760117592693567e+08
4.016743727253643274e+08
4.101861521775725484e+08
4.050531164409067631e+08
3.952081896851936579e+08
3.970494530998003483e+08
3.967165437118946314e+08
3.817719740297731161e+08
3.790566683380864263e+08
3.833505689674733877e+08
3.875010840360118151e+08
3.909291041463696361e+08
3.594271676192615032e+08
3.797850650963288546e+08
3.620926628901925683e+08
3.643908512508879304e+08
3.673274838398255110e+08
3.583901309194092751e+08
3.552007043838509321e+08
3.430678907076185346e+08
3.515071256182169914e+08
3.429600983331815600e+08
3.502797274777857661e+08
3.179550526399763227e+08
3.384728962571617961e+08
3.234006126877511740e+08
3.267774662671623230e+08
3.046494439308668375e+08
3.165011226782796383e+08
3.231874043733085990e+08
3.123310435671734214e+08
2.930545373729135990e+08
3.019229545940915346e+08
2.951370853335742950e+08
3.018122481118383408e+08
2.989040343794211149e+08
2.964860939984765053e+08
3.020311878050253391e+08
2.988141344126882553e+08
2.982561027750204802e+08
2.816441338517774343e+08
2.865932257780920267e+08
3.018873334646630287e+08
2.862706180306955576e+08
2.735792094491267204e+08
2.863496324480306506e+08
3.014616533639677763e+08
2.817623912003933191e+08
2.665205992246572971e+08
2.819905343424355984e+08
2.758225563542048335e+08
2.747920230064340830e+08
2.795819416018403172e+08
2.722492246941457391e+08
2.574161918958068490e+08
2.769115250924164653e+08
2.812897584171620607e+08
2.672357972905221283e+08
2.721678911998254657e+08
2.500139915642927289e+08
2.727712327331358194e+08
2.658862941965581775e+08
2.728677713804305792e+08
2.589483122356130183e+08
2.681404515882843137e+08
2.553826134334293008e+08
2.562700564699302316e+08
2.642747405152192712e+08
2.598760649841961861e+08
2.567547474490555525e+08
2.652736468165332079e+08
2.660317676775972247e+08
2.589001256460925043e+08
2.556906598225283623e+08
2.659033084612766504e+08
2.446374609854750037e+08
2.561519485767340064e+08
2.455150841895416081e+08
2.608311043548305631e+08
2.537236223808271587e+08
2.614356259607788324e+08
2.478164318519827425e+08
6.921146298734501004e+07
0.000000000000000000e+00
0.000000000000000000e+00
0.000000000000000000e+00
0.000000000000000000e+00
0.000000000000000000e+00
0.000000000000000000e+00
0.000000000000000000e+00
0.000000000000000000e+00
0.000000000000000000e+00
0.000000000000000000e+00
0.000000000000000000e+00
0.000000000000000000e+00
0.000000000000000000e+00
0.000000000000000000e+00
0.000000000000000000e+00
