0.000000000000000000e+00
0.000000000000000000e+00
0.000000000000000000e+00
0.000000000000000000e+00
0.000000000000000000e+00
2.195346273054319608e+05
0.000000000000000000e+00
2.329984502126170846e+05
2.162371716914867575e+05
4.661089626308281440e+05
4.054342871978532057e+06
7.851181343831780367e+06
1.167803951348733716e+07
1.687524932113529742e+07
2.581709186577939242e+07
3.614260050570791960e+07
4.321293511581993103e+07
6.378692311382285506e+07
8.183784847923751175e+07
1.062696665487680137e+08
1.320000701539427042e+08
1.503564881584847569e+08
1.685942116322667599e+08
1.903685670016832054e+08
1.937723472252430916e+08
2.125314750790436566e+08
2.045348655294591784e+08
2.270464556154559851e+08
2.297573631867969632e+08
2.401598170170231462e+08
2.483369638365039229e+08
2.556981933773457706e+08
2.678448364568072557e+08
2.660836429940499365e+08
2.798716688667698503e+08
2.683524972728869915e+08
2.925956964131803513e+08
2.777783975643707514e+08
2.970425996296467781e+08
2.998743729421622753e+08
3.030573640523847342e+08
3.115661146335278749e+08
3.223482629244502783e+08
3.261138534146603346e+08
3.263044560770466924e+08
3.380267805542742014e+08
3.439617210618730783e+08
3.354757179133747816e+08
3.469810383575224280e+08
3.436296173516258597e+08
3.530653263605095148e+08
3.410102327147480249e+08
3.551710228690886497e+08
3.679095687712548971e+08
3.596716840843652487e+08
3.569512959205598831e+08
3.688789442221329808e+08
3.725368567073966265e+08
3.634944706006811857e+08
3.864087968762884140e+08
3.760093556003395915e+08
3.791488983448620439e+08
3.823020362755578160e+08
3.744378452709224224e+08
3.929781435525827408e+08
3.762704435317820311e+08
3.714757292100402117e+08
3.726426131998995543e+08
3.790136354701967835e+08
3.707705102483525276e+08
3.725736349402341247e+08
3.601130545655890107e+08
3.646186939277821183e+08
3.624040054845505953e+08
3.650163787867128849e+08
3.430095931118278503e+08
3.515842954648448229e+08
3.456495010968070626e+08
3.399958648271510601e+08
3.306576003995878696e+08
3.295990794088954329e+08
3.371051889887941480e+08
3.254391942281572819e+08
3.234226953874533772e+08
3.336043539976358414e+08
3.138981742759727240e+08
3.119635787875267267e+08
3.018328982431760430e+08
3.051216565188213587e+08
3.211602977899876833e+08
2.911432526676775217e+08
2.983391472523934245e+08
3.028772599648780823e+08
2.778625860613271594e+08
2.729010055199443698e+08
2.850353124931104183e+08
2.606593567077245116e+08
2.624268165491999090e+08
2.447938068077416420e+08
2.589272366450729668e+08
2.386753641414369345e+08
2.477287922577211857e+08
2.334938705711067915e+08
2.285855825994192660e+08
2.287295759640626311e+08
2.232436405847449303e+08
2.136921983762706518e+08
2.195154387147735953e+08
2.034128671365905702e+08
1.982731364395708740e+08
2.003396627032535672e+08
2.004659476074503362e+08
1.840048991262168288e+08
1.927187877745418549e+08
1.928942485546812415e+08
1.805498412559060156e+08
1.789091181941701174e+08
1.810136678715940118e+08
1.799007679461148679e+08
1.770399440023895800e+08
1.620105108112072349e+08
1.742394126338913143e+08
1.635048125226287246e+08
1.635068626523928642e+08
1.587765568604705930e+08
1.563704199760289192e+08
1.498423746538802087e+08
1.391524382775798440e+08
1.543677493296473324e+08
1.479427780325427055e+08
1.396913367961409688e+08
1.334292807073274553e+08
1.387011065770914555e+08
1.434234410932251215e+08
1.339783263612017483e+08
1.228636770027317554e+08
1.280313638351081014e+08
1.250854684089055508e+08
1.143737511243945360e+08
1.224143648397576064e+08
1.221807117147068679e+08
1.165542650920531899e+08
1.087190611715786457e+08
1.167517398230925202e+08
1.038617682733144164e+08
9.721603604767070711e+07
1.022953290937402695e+08
1.096759827202835381e+08
1.035857997285608649e+08
9.937550204312849045e+07
8.999075350530174375e+07
7.919402590899714828e+07
8.973198794597896934e+07
8.404956642433205247e+07
8.004914563780951500e+07
7.886752589621296525e+07
8.292817757608398795e+07
7.366827219330587983e+07
7.339913348145607114e+07
7.249294765767338872e+07
7.209729868758472800e+07
6.706064797033862770e+07
6.545399874786622822e+07
7.052066217197936773e+07
6.795177254250335693e+07
6.453907339148262888e+07
6.328951154077798873e+07
6.397229221837368608e+07
6.988341612925285101e+07
5.779479998171344399e+07
5.818788217326927930e+07
5.875338008836454153e+07
5.404403086838157475e+07
5.642272549956565350e+07
5.687722037030156702e+07
4.484943366313344240e+07
5.593033612600079179e+07
4.978516397097499669e+07
4.790457371314011514e+07
4.230903602558470517e+07
4.616150494779998064e+07
4.057846026882548630e+07
4.027392558816410601e+07
3.932163729563001543e+07
3.355996211744788289e+07
3.508305518411252648e+07
3.376466658084967732e+07
3.307938732778836042e+07
3.012889054673821479e+07
2.661146851852168888e+07
2.156698215101289749e+07
2.182558951624692231e+07
2.415876866855344549e+07
2.001364307228646055e+07
1.363144237246995419e+07
1.482266754170025326e+07
1.466407347747841850e+07
9.856486426078302786e+06
7.619654623655717820e+06
7.956320444182016887e+06
6.619686612040826119e+06
6.561279516926894896e+06
5.587894101495796815e+06
4.033033313072004355e+06
4.926835247654843144e+06
3.458116812068722211e+06
4.422889478135200217e+06
3.119678513128188439e+06
3.528008887832199223e+06
4.163568857893931214e+06
2.487240403241862077e+06
2.174572128603886813e+06
3.687385404886050615e+06
1.738517100015712203e+06
2.291330439705806319e+06
2.557310872199597303e+06
1.688068894576849416e+06
1.633617107612846186e+06
1.549347814234500052e+06
1.336816086929143406e+06
2.452043012913961895e+06
8.777219821135725360e+05
8.729717244894156465e+05
1.271177725868118927e+06
1.190722789015798829e+06
1.084948598117463291e+06
1.067514538788478822e+06
1.397370400838696864e+06
1.467777229114184156e+06
7.434746651419650298e+05
1.816598123870784184e+06
1.560661979808363132e+06
9.864939095459551318e+05
1.287914473943430698e+06
2.120841278386289778e+05
1.038787825518489815e+06
1.082702808516045334e+06
8.052424244249633048e+05
6.283664703628190327e+05
7.363976142532911617e+05
9.745365157542723464e+05
9.028167525303821312e+05
4.499884047094293055e+05
9.057504239124947926e+05
8.006359921688541071e+05
5.350915950848209905e+05
3.886133536167655839e+05
6.978228077622067649e+05
5.029341148679094622e+05
1.765732576175186550e+05
2.142215303111002722e+05
1.018387350703428034e+06
6.711760289898191113e+05
1.316415356516645697e+05
0.000000000000000000e+00
0.000000000000000000e+00
0.000000000000000000e+00
0.000000000000000000e+00
0.000000000000000000e+00
0.000000000000000000e+00
0.000000000000000000e+00
0.000000000000000000e+00
0.000000000000000000e+00
0.000000000000000000e+00
0.000000000000000000e+00
0.000000000000000000e+00
0.000000000000000000e+00
0.000000000000000000e+00
0.000000000000000000e+00
