nan
nan
nan
nan
nan
nan
nan
nan
nan
nan
nan
nan
2.372940555466590724e-03
4.451971246527561266e-03
3.465605061173627436e-03
4.552774152985811403e-03
5.745594235056970117e-03
4.969019087062998170e-03
6.155241447004394968e-03
5.704649667295036940e-03
6.806306285324708986e-03
8.127570926071870858e-03
9.225600709778642577e-03
9.230907979363451449e-03
8.193830788807785620e-03
7.378320689735102210e-03
6.125766760656230214e-03
5.897677034221141153e-03
5.092731008963637639e-03
5.067915116789834841e-03
4.907964928988054788e-03
4.682270107423677254e-03
4.917077152880664458e-03
5.207040651978405744e-03
5.060697439320864695e-03
5.055405651255661173e-03
4.984569953116409907e-03
5.088161478662268575e-03
5.127033318129141544e-03
4.782743685659395470e-03
4.726365753448519454e-03
4.859019395714662438e-03
5.098103589261882007e-03
