0.000000000000000000e+00
0.000000000000000000e+00
0.000000000000000000e+00
0.000000000000000000e+00
0.000000000000000000e+00
0.000000000000000000e+00
0.000000000000000000e+00
0.000000000000000000e+00
0.000000000000000000e+00
0.000000000000000000e+00
0.000000000000000000e+00
0.000000000000000000e+00
6.682316874509587884e+06
8.165286565149287879e+07
4.466838914492764473e+08
2.013735621221153736e+09
1.780451342288401842e+09
3.898304717374673843e+09
2.517012566636516094e+09
4.931252154930253983e+09
5.283613786884884834e+09
2.708223280042492390e+09
1.987415177842985153e+09
1.991963833189821005e+09
1.846051496596335411e+09
2.195297777861981392e+09
2.547530289231564522e+09
1.848556750235788345e+09
2.029954153155967712e+09
2.059094540693692207e+09
2.367506302486646652e+09
2.909888160270051479e+09
3.678602790812280655e+09
3.389332809584006786e+09
2.831437964838551521e+09
2.826365255333077431e+09
2.786616609845567226e+09
2.795242402644391060e+09
3.135860839762180328e+09
4.139312794569223404e+09
5.667942096275064468e+09
3.646010027222348690e+09
2.637416278038403034e+09
