0.000000000000000000e+00
0.000000000000000000e+00
0.000000000000000000e+00
0.000000000000000000e+00
5.060055581036595628e+06
2.325359746987919137e+07
3.914327088383810222e+07
6.809698911357903481e+07
8.311418735978630185e+07
1.040918860229865313e+08
2.088375197493061125e+08
2.280736251628080606e+08
2.390441382983920276e+08
2.315954755616723001e+08
2.199463413411662281e+08
2.180332106836150885e+08
2.236008417871762216e+08
2.191663368908026218e+08
2.248531915151038468e+08
2.223193654948761165e+08
2.185747684517165422e+08
2.161633997778973579e+08
2.214811513880558610e+08
2.416506471453503966e+08
2.489412885978863239e+08
2.565575570598017275e+08
2.645289591343161762e+08
2.683897157343137562e+08
2.948900544321478605e+08
2.762629049706954360e+08
2.956542398881162405e+08
3.263533296986591220e+08
3.149926205225024223e+08
3.585908139509136677e+08
3.611421398571721911e+08
3.741864070614585280e+08
3.964097673519149423e+08
4.069743153216632605e+08
4.163486440431607962e+08
4.387965107938916683e+08
4.318369816029647589e+08
4.530578062812168002e+08
4.690455422696481943e+08
4.676438607413965464e+08
4.858659392411890626e+08
4.900120297730413079e+08
4.927851208916132450e+08
5.141981731549568772e+08
5.237526912851483822e+08
5.232513464060572386e+08
5.180642829047577977e+08
5.326288074810411334e+08
5.222196067005609274e+08
5.156272169759169221e+08
5.178914033478604555e+08
5.313268038616092205e+08
5.373322911474418640e+08
5.292124573209800720e+08
5.432801253782290220e+08
5.440957231324408054e+08
5.605677448191766739e+08
5.776043774633646011e+08
5.661333913053596020e+08
5.638116165997862816e+08
5.576036007169842720e+08
5.782986509276936054e+08
5.870537720017528534e+08
5.693875575075778961e+08
5.691805856807695627e+08
5.835121701175957918e+08
5.635351698391380310e+08
5.888354522829024792e+08
5.739349572700036764e+08
5.764310952894065380e+08
5.857532021526844501e+08
5.894916201071043015e+08
5.812677282745501995e+08
5.748548885021715164e+08
5.879771913168658018e+08
5.925666327817723751e+08
5.877100427419171333e+08
5.997415429896929264e+08
6.088935429548867941e+08
5.849747016514503956e+08
6.073304826076238155e+08
6.067139065706626177e+08
6.331054666748068333e+08
6.105247641404907703e+08
6.404559394044620991e+08
6.359426234703241587e+08
6.292130997941627502e+08
6.369363376896677017e+08
6.424260877087409496e+08
6.671018827946245670e+08
6.515243777896151543e+08
6.627825842079052925e+08
6.564535976577274799e+08
6.606315839932863712e+08
6.563894448635046482e+08
6.594761795888984203e+08
6.583775222088174820e+08
6.354112980481946468e+08
6.395388382576344013e+08
6.294378360088999271e+08
6.171220393407105207e+08
6.369031193419303894e+08
5.968923020931359529e+08
5.961833574050602913e+08
5.834450982763092518e+08
5.610974684812550545e+08
5.597596155875048637e+08
5.556291661611404419e+08
5.278287152579928637e+08
5.376877868103550673e+08
5.184206912646666765e+08
4.939975561301751733e+08
4.655916798216376305e+08
4.754084541362552047e+08
4.576593814261575937e+08
4.481299698238649368e+08
4.288984865929476023e+08
4.247822543802030087e+08
4.142636733503925800e+08
3.872298226772604585e+08
3.673782714786594510e+08
3.629346314677504301e+08
3.533385691589411497e+08
3.266948386622994542e+08
3.316956597585976124e+08
3.293823708395434618e+08
2.923897809843909740e+08
6.041057046393801272e+07
0.000000000000000000e+00
0.000000000000000000e+00
0.000000000000000000e+00
0.000000000000000000e+00
0.000000000000000000e+00
0.000000000000000000e+00
0.000000000000000000e+00
0.000000000000000000e+00
0.000000000000000000e+00
0.000000000000000000e+00
0.000000000000000000e+00
0.000000000000000000e+00
0.000000000000000000e+00
0.000000000000000000e+00
0.000000000000000000e+00
0.000000000000000000e+00
0.000000000000000000e+00
0.000000000000000000e+00
0.000000000000000000e+00
0.000000000000000000e+00
0.000000000000000000e+00
0.000000000000000000e+00
0.000000000000000000e+00
0.000000000000000000e+00
0.000000000000000000e+00
0.000000000000000000e+00
0.000000000000000000e+00
0.000000000000000000e+00
0.000000000000000000e+00
0.000000000000000000e+00
0.000000000000000000e+00
0.000000000000000000e+00
0.000000000000000000e+00
0.000000000000000000e+00
0.000000000000000000e+00
0.000000000000000000e+00
0.000000000000000000e+00
0.000000000000000000e+00
0.000000000000000000e+00
0.000000000000000000e+00
0.000000000000000000e+00
0.000000000000000000e+00
0.000000000000000000e+00
0.000000000000000000e+00
0.000000000000000000e+00
0.000000000000000000e+00
0.000000000000000000e+00
0.000000000000000000e+00
0.000000000000000000e+00
0.000000000000000000e+00
0.000000000000000000e+00
0.000000000000000000e+00
0.000000000000000000e+00
0.000000000000000000e+00
0.000000000000000000e+00
0.000000000000000000e+00
0.000000000000000000e+00
0.000000000000000000e+00
0.000000000000000000e+00
0.000000000000000000e+00
0.000000000000000000e+00
0.000000000000000000e+00
0.000000000000000000e+00
0.000000000000000000e+00
0.000000000000000000e+00
0.000000000000000000e+00
0.000000000000000000e+00
0.000000000000000000e+00
0.000000000000000000e+00
0.000000000000000000e+00
0.000000000000000000e+00
0.000000000000000000e+00
0.000000000000000000e+00
0.000000000000000000e+00
0.000000000000000000e+00
0.000000000000000000e+00
0.000000000000000000e+00
0.000000000000000000e+00
0.000000000000000000e+00
0.000000000000000000e+00
0.000000000000000000e+00
0.000000000000000000e+00
0.000000000000000000e+00
0.000000000000000000e+00
0.000000000000000000e+00
0.000000000000000000e+00
0.000000000000000000e+00
0.000000000000000000e+00
0.000000000000000000e+00
0.000000000000000000e+00
0.000000000000000000e+00
0.000000000000000000e+00
0.000000000000000000e+00
0.000000000000000000e+00
0.000000000000000000e+00
0.000000000000000000e+00
0.000000000000000000e+00
0.000000000000000000e+00
0.000000000000000000e+00
0.000000000000000000e+00
0.000000000000000000e+00
0.000000000000000000e+00
0.000000000000000000e+00
0.000000000000000000e+00
0.000000000000000000e+00
0.000000000000000000e+00
0.000000000000000000e+00
0.000000000000000000e+00
0.000000000000000000e+00
0.000000000000000000e+00
0.000000000000000000e+00
0.000000000000000000e+00
0.000000000000000000e+00
0.000000000000000000e+00
0.000000000000000000e+00
0.000000000000000000e+00
0.000000000000000000e+00
0.000000000000000000e+00
0.000000000000000000e+00
0.000000000000000000e+00
0.000000000000000000e+00
0.000000000000000000e+00
0.000000000000000000e+00
0.000000000000000000e+00
0.000000000000000000e+00
0.000000000000000000e+00
0.000000000000000000e+00
0.000000000000000000e+00
0.000000000000000000e+00
0.000000000000000000e+00
0.000000000000000000e+00
0.000000000000000000e+00
0.000000000000000000e+00
0.000000000000000000e+00
0.000000000000000000e+00
0.000000000000000000e+00
0.000000000000000000e+00
