nan
nan
1.021469797706231475e-04
nan
nan
1.192418480059131980e-03
9.004238404716057454e-04
1.158622580935142650e-03
1.434217317987433477e-03
1.880748695818674392e-03
1.263465262742857927e-03
1.247042383025486400e-03
9.808664974434043362e-04
1.300488374654204613e-03
1.636388414613340961e-03
1.595241878051650982e-03
2.520012403851031469e-03
2.634228841346532551e-03
3.322214901859613014e-03
3.249847813471166448e-03
3.570321054616190908e-03
4.341109131906153648e-03
4.306773356784956465e-03
4.299569980495972221e-03
4.014311609542524535e-03
4.620282153626294706e-03
4.608664174730224376e-03
4.760023683388230932e-03
4.691933704980006357e-03
4.680189953917356094e-03
4.473662840549189924e-03
4.233984576717278632e-03
4.035792397550839322e-03
3.916658291589594429e-03
3.872790525504556623e-03
3.871345576795333712e-03
3.851932908111471189e-03
3.788781066658902970e-03
3.693733227264764125e-03
3.598654469035701513e-03
3.560964320747840844e-03
3.443647466964798193e-03
3.450407168351877531e-03
