0.000000000000000000e+00
0.000000000000000000e+00
1.421456507784578018e+06
1.847930514840134420e+06
1.486984257328159176e+06
5.671091253434580751e+06
8.071550531305983663e+07
1.079258608473172635e+08
1.503719281778707504e+08
3.085309137740446925e+08
7.770712357548286915e+08
7.734368623910897970e+08
1.181235941985444784e+09
1.058325693803528428e+09
1.773157931997198105e+09
1.842705320138963938e+09
1.338937525580185652e+09
1.447351327348751545e+09
1.505402868889680386e+09
1.954939578549595833e+09
1.033970156992685318e+09
9.124754549732476473e+08
8.927655394187357426e+08
1.008139388653840065e+09
1.159553201296154976e+09
1.077961528054116488e+09
8.699141976774597168e+08
6.779061701548457146e+08
5.029755148619412184e+08
4.949300648286064863e+08
5.183134897209731936e+08
1.020271525190292120e+09
8.639972190171709061e+08
6.800521286133267879e+08
5.484416124391975403e+08
5.481807595537755489e+08
4.517596378598641157e+08
3.769832516165513396e+08
5.672166151112548113e+08
9.445245524063690901e+08
8.900416778930160999e+08
7.841461077375328541e+08
8.210287465321083069e+08
