nan
nan
nan
nan
nan
nan
nan
nan
2.494971267879009247e-03
2.178783004637807608e-03
2.812893790927345657e-03
2.616677832217343628e-03
1.835858939294934258e-03
2.290941345076548830e-03
2.212341186264692085e-03
2.587828966195692814e-03
3.006410789268751643e-03
3.361907597005443695e-03
3.656566889568648761e-03
4.046335395226337631e-03
4.753691321925518354e-03
4.841659738354875397e-03
5.392107963668784677e-03
6.454813995562328106e-03
6.163546480179656235e-03
6.255967333839613370e-03
6.176797529705708480e-03
5.414742029709354934e-03
5.303721828806642197e-03
5.300299328190872551e-03
5.022273305353732592e-03
4.834427315022710690e-03
4.578597147389397784e-03
4.373350278918686565e-03
4.260297244002172329e-03
4.254843916240541243e-03
4.103010042582487700e-03
3.979653536863268781e-03
3.924868235127922100e-03
3.959362815513610759e-03
3.944119815393705084e-03
4.002797571930917335e-03
3.967244375087332700e-03
