nan
nan
6.210971858680832737e-05
1.359679468024089567e-04
2.545325183777177804e-04
3.024377321690298499e-04
4.275540382850979851e-04
4.855836700222345152e-04
7.265577053590264664e-04
1.134393806997450668e-03
1.139889521965655210e-03
1.151991539787023452e-03
1.300610151739248340e-03
2.263324036116600314e-03
2.991204494801889043e-03
4.059045587578472697e-03
6.715375849108738172e-03
5.743603970811394718e-03
6.498025171640836248e-03
6.592835136355078285e-03
7.779001852461151813e-03
7.232400592212319054e-03
6.943526554907082302e-03
6.500956162847033176e-03
5.943955781489923887e-03
3.402134745205568928e-03
3.642455604189282978e-03
2.220954448975164582e-03
2.285480631797144439e-03
2.296919550651085190e-03
2.195003683889876645e-03
1.958783971164310828e-03
1.780508674113764032e-03
1.618913666558918557e-03
1.481560244501068735e-03
1.482348411131810973e-03
1.482959211341770313e-03
1.594310090377172584e-03
1.843420317660585681e-03
1.811793944908284557e-03
5.765024140272969125e-03
3.053845811503392606e-03
2.905005048601293563e-03
