0.000000000000000000e+00
0.000000000000000000e+00
0.000000000000000000e+00
0.000000000000000000e+00
2.332603754121795355e+05
9.492444586570560932e+05
6.089990098554947181e+05
2.239704724511393870e+05
8.840473140348976012e+05
2.125029345995920012e+05
1.141639819287177874e+06
1.083414585202988004e+06
1.917935074199572904e+06
3.055593466042076703e+06
1.710007623842216097e+06
2.559349075234740973e+06
2.134850076475284062e+06
4.029382006986036431e+06
1.986699198477930855e+06
1.280521670416778186e+06
2.808088721509404946e+06
1.843435923732377123e+06
1.351795056896810420e+06
1.195342028775863815e+06
2.717318459322961513e+06
4.665573109289630316e+06
2.628963758699757513e+06
3.506631443628274370e+06
5.997116393814826384e+06
4.641506096163023263e+06
4.515451340187308379e+06
3.679465207136363257e+06
4.498030088362281211e+06
5.181919568359505385e+06
5.744133574504937045e+06
4.931629834164051339e+06
5.973593803226925433e+06
4.970491386438147165e+06
5.212427719770066440e+06
8.580490232610806823e+06
9.157674324985994026e+06
8.218331876792956144e+06
1.013731362940103374e+07
1.248917880563440174e+07
1.330396981834976375e+07
1.420508842987155914e+07
1.477797892743623815e+07
1.556503926245759428e+07
1.482131034694718756e+07
2.208405856872786582e+07
2.418383073631452769e+07
2.458704586716378853e+07
2.618874358011735603e+07
2.593099262517885864e+07
3.112477291623492539e+07
3.404010861560916156e+07
3.975173854807236791e+07
4.364079325897992402e+07
4.468291818534709513e+07
5.026436163618949056e+07
4.967688915292350948e+07
5.946325035002041608e+07
6.212549609331082553e+07
6.901396273801031709e+07
7.398643045217998326e+07
7.348154125179991126e+07
7.320583730565693974e+07
7.989160294255454838e+07
8.621105107998317480e+07
9.352303598226407170e+07
9.212607676861952245e+07
9.258437550947853923e+07
9.879811285798904300e+07
1.008708338018550277e+08
1.027064153683556318e+08
1.104933799978815764e+08
1.142800450838741362e+08
1.368829850165136456e+08
1.358702182050718069e+08
1.276099460427156687e+08
1.406416947201257348e+08
1.461470577220607996e+08
1.493020395602920651e+08
1.402532108715125620e+08
1.564915331355214715e+08
1.641461860667346120e+08
1.660628015466363728e+08
1.727349827255450487e+08
1.703213615475107431e+08
1.790528968362431228e+08
1.819256958307073116e+08
1.832289050894287527e+08
1.986312767898785472e+08
1.931501131798178256e+08
2.011634276866829991e+08
2.082804498833417594e+08
2.216984718162213564e+08
2.145987474316420853e+08
2.201047177952574790e+08
2.137083069487447441e+08
2.316910685951662660e+08
2.337365759073191583e+08
2.441506454113811553e+08
2.337068233917339444e+08
2.565435120981295705e+08
2.545885310078760386e+08
2.602588595171133280e+08
2.507034689637923241e+08
2.756972229909060597e+08
2.745477125183235407e+08
2.697416428867287040e+08
2.858102934038345814e+08
2.900453421709368229e+08
2.869536731853972673e+08
2.907925072416644096e+08
3.018257433870462179e+08
3.084054414762693644e+08
2.976258778211601973e+08
2.919709952445900440e+08
3.156041266737916470e+08
3.130406158851153851e+08
3.104332365285542607e+08
3.087896513765344620e+08
3.146387048869502544e+08
3.206499764463804364e+08
3.218892285948945284e+08
3.246401178639107943e+08
3.275179852104623318e+08
3.336449489219164252e+08
3.247990373105767965e+08
3.352618236583104134e+08
3.303984367576204538e+08
3.274756404039624333e+08
3.420994487745652199e+08
3.402356499212087393e+08
3.344919282108857632e+08
3.462128243751006126e+08
3.462229851606985331e+08
3.422701198729029298e+08
3.638801151900787354e+08
3.504798709431027174e+08
3.701227815192356110e+08
3.572475219160929918e+08
3.665996190765599608e+08
3.593596176035283804e+08
3.814966081837736368e+08
3.644193147471551299e+08
3.756860675561890602e+08
3.835195080477801561e+08
3.644906363862862587e+08
3.855521641833558679e+08
3.810619332017309666e+08
3.876476949947215319e+08
3.837107349827257991e+08
3.902522805538703203e+08
3.849586889666730165e+08
3.892966811899778843e+08
3.935426574866297245e+08
3.885138536175771952e+08
3.877243303387544155e+08
3.973588773110563159e+08
3.843180497436387539e+08
3.783282683330657482e+08
3.871262851504442692e+08
3.863465408568223119e+08
3.832733072301132679e+08
3.773875013298331499e+08
3.693094473151929379e+08
3.562688506558806896e+08
3.795975102054017186e+08
3.591459202206619978e+08
1.836924119043680429e+08
0.000000000000000000e+00
0.000000000000000000e+00
0.000000000000000000e+00
0.000000000000000000e+00
0.000000000000000000e+00
0.000000000000000000e+00
0.000000000000000000e+00
0.000000000000000000e+00
0.000000000000000000e+00
0.000000000000000000e+00
0.000000000000000000e+00
0.000000000000000000e+00
0.000000000000000000e+00
0.000000000000000000e+00
0.000000000000000000e+00
0.000000000000000000e+00
0.000000000000000000e+00
0.000000000000000000e+00
0.000000000000000000e+00
0.000000000000000000e+00
0.000000000000000000e+00
0.000000000000000000e+00
0.000000000000000000e+00
0.000000000000000000e+00
0.000000000000000000e+00
0.000000000000000000e+00
0.000000000000000000e+00
0.000000000000000000e+00
0.000000000000000000e+00
0.000000000000000000e+00
0.000000000000000000e+00
0.000000000000000000e+00
0.000000000000000000e+00
0.000000000000000000e+00
0.000000000000000000e+00
0.000000000000000000e+00
0.000000000000000000e+00
0.000000000000000000e+00
0.000000000000000000e+00
0.000000000000000000e+00
0.000000000000000000e+00
0.000000000000000000e+00
0.000000000000000000e+00
0.000000000000000000e+00
0.000000000000000000e+00
0.000000000000000000e+00
0.000000000000000000e+00
0.000000000000000000e+00
0.000000000000000000e+00
0.000000000000000000e+00
0.000000000000000000e+00
0.000000000000000000e+00
0.000000000000000000e+00
0.000000000000000000e+00
0.000000000000000000e+00
0.000000000000000000e+00
0.000000000000000000e+00
0.000000000000000000e+00
0.000000000000000000e+00
0.000000000000000000e+00
0.000000000000000000e+00
0.000000000000000000e+00
0.000000000000000000e+00
0.000000000000000000e+00
0.000000000000000000e+00
0.000000000000000000e+00
0.000000000000000000e+00
0.000000000000000000e+00
0.000000000000000000e+00
0.000000000000000000e+00
0.000000000000000000e+00
0.000000000000000000e+00
0.000000000000000000e+00
0.000000000000000000e+00
0.000000000000000000e+00
0.000000000000000000e+00
0.000000000000000000e+00
0.000000000000000000e+00
0.000000000000000000e+00
0.000000000000000000e+00
0.000000000000000000e+00
0.000000000000000000e+00
0.000000000000000000e+00
0.000000000000000000e+00
0.000000000000000000e+00
0.000000000000000000e+00
0.000000000000000000e+00
0.000000000000000000e+00
0.000000000000000000e+00
0.000000000000000000e+00
0.000000000000000000e+00
0.000000000000000000e+00
0.000000000000000000e+00
0.000000000000000000e+00
0.000000000000000000e+00
0.000000000000000000e+00
0.000000000000000000e+00
