1.042876361921478612e+01
9.992503306180047673e+00
7.979058217346532089e+00
6.978763446203243070e+00
6.290476820318003703e+00
5.989705179533775237e+00
4.992709930031280052e+00
4.583801636517504718e+00
3.997992030072915703e+00
3.614482997006693843e+00
2.997289738966180561e+00
2.976370093317263432e+00
2.518400408643718169e+00
2.170427714959057397e+00
1.999818490542370153e+00
1.895074134491899098e+00
1.670446439520325566e+00
1.482800433230692327e+00
1.323036940098524017e+00
1.184873207347002300e+00
1.063820479765364979e+00
9.994830608822891094e-01
9.565797491851586454e-01
8.606679900373797043e-01
7.741779655186877829e-01
6.956187756217018237e-01
6.238070024409714254e-01
5.577905648714576170e-01
4.995510833892460312e-01
4.967943014180951078e-01
4.401803363772842648e-01
3.874187205720389660e-01
3.380653501248489512e-01
2.917451296792590298e-01
2.497948824950815272e-01
2.481389736782404487e-01
2.069736562934356705e-01
1.680138030242970260e-01
1.310555115543894367e-01
9.592122558166638058e-02
6.245558195669853596e-02
3.052202094361700091e-02
-3.324673869542493776e-12
