0.000000000000000000e+00
0.000000000000000000e+00
0.000000000000000000e+00
0.000000000000000000e+00
0.000000000000000000e+00
0.000000000000000000e+00
0.000000000000000000e+00
0.000000000000000000e+00
1.523453562670001993e+05
5.870291805994001916e+05
1.190710116909403726e+07
1.266159441173717752e+07
3.203702964956032634e+08
1.478858180665575504e+09
3.953759925464744568e+09
7.570255786629489899e+09
1.077312763388591385e+10
1.478676793369102097e+10
1.726160638893831253e+10
1.955948968209798050e+10
2.353826957512059021e+10
2.421414555358961868e+10
2.050673176370721436e+10
1.562760588867037201e+10
1.355547643875753212e+10
1.330080792942603111e+10
1.300476911438891602e+10
1.619968200322492599e+10
1.304587800208663368e+10
1.303822069052415276e+10
1.439335612765382576e+10
1.762745519535113144e+10
2.002393442255345535e+10
2.220674642859236526e+10
2.258052103538504028e+10
2.254008259029328537e+10
2.132524559430870819e+10
2.168982454542224884e+10
2.281612602332712936e+10
2.454121303354972076e+10
2.694308093384973145e+10
3.412569748246448898e+10
3.595291246340141296e+10
