0.000000000000000000e+00
0.000000000000000000e+00
7.002386014355506748e+06
4.493419400754263997e+07
6.971012246996894479e+07
9.768373432897473872e+07
3.837984867220894098e+08
5.959377462921265364e+08
1.078927377807778597e+09
1.825360895197160721e+09
2.074345385612841606e+09
2.169151602701580048e+09
4.126983541214130402e+09
5.035808999547799110e+09
5.947917575957574844e+09
8.470653651009818077e+09
1.095078382268480492e+10
7.341691440488110542e+09
7.042962481744939804e+09
8.792224369982259750e+09
6.209521364749246597e+09
4.232616351768767357e+09
3.473852602355525970e+09
4.213652128670718193e+09
2.815929888200292110e+09
1.785686564774699211e+09
1.192537184732552052e+09
8.541712156663222313e+08
6.180823828900611401e+08
6.219328571782419682e+08
5.387315791991305351e+08
4.918475108344852924e+08
5.680439809582707882e+08
7.155804709708759785e+08
7.145356620089251995e+08
7.153791106752464771e+08
5.350322051139449477e+08
3.417768433068215847e+08
2.501920758103313446e+08
6.074540432852672338e+08
2.948118270953399181e+09
9.552133946598503590e+08
1.001423147257325768e+09
