0.000000000000000000e+00
0.000000000000000000e+00
0.000000000000000000e+00
0.000000000000000000e+00
0.000000000000000000e+00
5.576842047638543881e+05
2.201113518336171750e+06
1.853201258648514980e+06
1.890244131544806296e+06
3.944717104041055776e+06
1.021430281699789129e+07
1.344510478850996494e+07
9.440569601703686640e+06
1.259606041041847132e+07
1.644928428456326574e+07
1.981114357197670639e+07
2.407912550224985927e+07
2.533968875016314164e+07
3.276817727106301859e+07
4.187947540316775441e+07
4.353256060759732872e+07
5.278788904162897170e+07
6.040522627386099100e+07
5.719745636691692472e+07
6.655845011424720287e+07
6.873566889212864637e+07
7.637437474699902534e+07
7.266137267627201974e+07
8.336408696939793229e+07
7.939917386158260703e+07
8.412160434419143200e+07
1.011010957706534117e+08
9.073266979978439212e+07
1.051334178527735323e+08
1.086638005845226049e+08
1.136853229385537207e+08
1.164087434757997096e+08
1.187476464287320077e+08
1.250200617987305820e+08
1.238579396581844985e+08
1.350286815042843819e+08
1.295952513992946446e+08
1.447004821137467027e+08
1.436185351275731027e+08
1.481489834400771856e+08
1.468411415676325858e+08
1.534079168231919408e+08
1.522328590276620388e+08
1.590817964719524384e+08
1.558905756631174088e+08
1.601774126501190662e+08
1.663380770147640705e+08
1.694041052046830654e+08
1.631946948720748425e+08
1.676301668178935349e+08
1.745510513206087947e+08
1.678460821302407384e+08
1.749792192824014425e+08
1.595406860021066368e+08
1.759956388644334078e+08
1.721694398874733746e+08
1.617012330710981786e+08
1.641721312374532223e+08
1.614911607299543023e+08
1.606693896413990855e+08
1.636323511218870878e+08
1.539129664696814418e+08
1.650906923982836604e+08
1.494821600405747890e+08
1.495841993173934221e+08
1.502200257236040831e+08
1.488163345846898556e+08
1.558582961662109792e+08
1.382594671935489774e+08
1.366076225278210640e+08
1.465212489350863099e+08
1.239705209890790880e+08
1.228624254871564060e+08
1.288190325265673697e+08
1.229104145136749893e+08
1.202627046449268162e+08
1.173841693601026833e+08
1.106990446994022280e+08
1.084731993797324896e+08
1.150482097739849538e+08
9.301647979613043368e+07
9.576256418565970659e+07
9.255630303584024310e+07
9.197634980084329844e+07
9.609996316325308383e+07
8.918911529486218095e+07
9.294293664915430546e+07
8.795097725412341952e+07
8.624500230155779421e+07
8.560896143528226018e+07
7.612423146322637796e+07
8.234166574541918933e+07
8.030229177006494999e+07
7.345896908991575241e+07
6.745081662744548917e+07
7.313858162073338032e+07
7.379798391995938122e+07
6.767464135409379005e+07
6.247922036927987635e+07
6.458521040042808652e+07
6.369054132736544311e+07
6.063965098539870977e+07
6.257355736934116483e+07
5.970730079191793501e+07
5.532620458246395737e+07
5.501711015407276154e+07
5.163125757612290978e+07
5.167937567243862152e+07
5.192851049998152256e+07
5.077728848479512334e+07
4.884969719506046921e+07
4.884750019002913684e+07
5.240821151944398135e+07
5.132827928351371735e+07
4.854343151875792444e+07
4.962227815638902038e+07
5.070540184407767653e+07
5.554126890732610226e+07
4.779584063651800156e+07
4.940840308494840562e+07
5.165092486623875052e+07
4.135779742336405069e+07
4.730794879688543081e+07
5.123555675429494679e+07
4.981151636367344856e+07
4.775776191011002660e+07
4.670635975703302771e+07
4.945188045750336349e+07
4.921256181495029479e+07
5.163336504606321454e+07
4.838635867376268655e+07
4.995478148977340758e+07
4.260895246124359965e+07
4.155915708345388621e+07
4.817250684787268192e+07
4.129916902922679484e+07
4.237793120226734877e+07
4.402107844679892808e+07
4.509395656652937084e+07
4.395599747466545552e+07
4.448734681242532283e+07
4.110040847038336843e+07
4.432772864526581764e+07
4.270433202252225578e+07
3.749464991659374535e+07
4.139019212563373148e+07
3.663726223719146848e+07
3.091523574085772783e+07
3.494828615132579207e+07
3.615785134845103323e+07
3.097767297199798375e+07
2.901500572834970057e+07
2.777725223049940169e+07
2.758820110672205687e+07
2.647729516592162848e+07
2.576803888384725526e+07
2.415705734009876847e+07
2.289037472344132140e+07
2.461005084531161934e+07
1.899835295460007340e+07
2.054154539539211616e+07
1.529494695802226104e+07
1.438941203038047627e+07
1.640415765919039585e+07
1.582659448127740622e+07
1.467096144152875431e+07
6.268598637107191607e+06
0.000000000000000000e+00
0.000000000000000000e+00
0.000000000000000000e+00
0.000000000000000000e+00
0.000000000000000000e+00
0.000000000000000000e+00
0.000000000000000000e+00
0.000000000000000000e+00
0.000000000000000000e+00
0.000000000000000000e+00
0.000000000000000000e+00
0.000000000000000000e+00
0.000000000000000000e+00
0.000000000000000000e+00
0.000000000000000000e+00
0.000000000000000000e+00
0.000000000000000000e+00
0.000000000000000000e+00
0.000000000000000000e+00
0.000000000000000000e+00
0.000000000000000000e+00
0.000000000000000000e+00
0.000000000000000000e+00
0.000000000000000000e+00
0.000000000000000000e+00
0.000000000000000000e+00
0.000000000000000000e+00
0.000000000000000000e+00
0.000000000000000000e+00
0.000000000000000000e+00
0.000000000000000000e+00
0.000000000000000000e+00
0.000000000000000000e+00
0.000000000000000000e+00
0.000000000000000000e+00
0.000000000000000000e+00
0.000000000000000000e+00
0.000000000000000000e+00
0.000000000000000000e+00
0.000000000000000000e+00
0.000000000000000000e+00
0.000000000000000000e+00
0.000000000000000000e+00
0.000000000000000000e+00
0.000000000000000000e+00
0.000000000000000000e+00
0.000000000000000000e+00
0.000000000000000000e+00
0.000000000000000000e+00
0.000000000000000000e+00
0.000000000000000000e+00
0.000000000000000000e+00
0.000000000000000000e+00
0.000000000000000000e+00
0.000000000000000000e+00
0.000000000000000000e+00
0.000000000000000000e+00
0.000000000000000000e+00
0.000000000000000000e+00
0.000000000000000000e+00
0.000000000000000000e+00
0.000000000000000000e+00
0.000000000000000000e+00
0.000000000000000000e+00
0.000000000000000000e+00
0.000000000000000000e+00
0.000000000000000000e+00
0.000000000000000000e+00
0.000000000000000000e+00
0.000000000000000000e+00
0.000000000000000000e+00
0.000000000000000000e+00
0.000000000000000000e+00
0.000000000000000000e+00
0.000000000000000000e+00
0.000000000000000000e+00
0.000000000000000000e+00
0.000000000000000000e+00
0.000000000000000000e+00
0.000000000000000000e+00
0.000000000000000000e+00
0.000000000000000000e+00
0.000000000000000000e+00
0.000000000000000000e+00
0.000000000000000000e+00
0.000000000000000000e+00
0.000000000000000000e+00
0.000000000000000000e+00
0.000000000000000000e+00
0.000000000000000000e+00
0.000000000000000000e+00
0.000000000000000000e+00
0.000000000000000000e+00
0.000000000000000000e+00
0.000000000000000000e+00
0.000000000000000000e+00
0.000000000000000000e+00
