0.000000000000000000e+00
0.000000000000000000e+00
0.000000000000000000e+00
0.000000000000000000e+00
7.791951736168763600e+05
3.450471043068844825e+06
5.216257156544817612e+06
7.512757102750226855e+06
7.266489187302378006e+06
1.185205916620205343e+07
1.689259812144927308e+07
2.325273638284137845e+07
2.381869446312597394e+07
2.265625653540172428e+07
2.875393863846031576e+07
2.410446776006511971e+07
2.937425377577269822e+07
2.648445177669329196e+07
3.612342537881717086e+07
3.016582480454028025e+07
3.533006471206694841e+07
3.459189557270877808e+07
3.696958561616481841e+07
3.702657275699310005e+07
4.003708819571533799e+07
3.993727788051556796e+07
4.344309499762075394e+07
4.877678253454734385e+07
5.060140234907402098e+07
5.005504587036422640e+07
5.190587172387910634e+07
6.296349111858825386e+07
5.789524453086449206e+07
6.557402052703113109e+07
6.690815480276517570e+07
6.930680029215025902e+07
7.342093851944632828e+07
7.623835055810049176e+07
7.770229486878836155e+07
7.480567699795165658e+07
7.278509464971357584e+07
7.037353084452210367e+07
8.130152375086863339e+07
8.013613193884071708e+07
7.326779714295907319e+07
7.940424251071554422e+07
7.348293280022996664e+07
8.992425119036681950e+07
9.070173224468132854e+07
9.819679754226650298e+07
9.293233631195491552e+07
1.111026593981243670e+08
1.135980706573041975e+08
1.180866740359047949e+08
1.218301511063641161e+08
1.319033620317318290e+08
1.399764058392474055e+08
1.515793014957294166e+08
1.709046620658055544e+08
1.726737340915626287e+08
1.785783510650881529e+08
1.923290841251595616e+08
2.033598152429675162e+08
2.085832512334448397e+08
2.206865947809025645e+08
2.400064176943666935e+08
2.511917579396680892e+08
2.570944145982960463e+08
2.630080175003508329e+08
2.600457360886516571e+08
2.617937035584619343e+08
2.878117798189387918e+08
2.716699080349252224e+08
2.865265244978232384e+08
2.918421068732663989e+08
2.957358895012005568e+08
2.919241370225766897e+08
2.974538445819135904e+08
3.094812544417484999e+08
3.022557688583028316e+08
3.075053580758116245e+08
3.214354061319323778e+08
3.215586804782750010e+08
3.131758348246538043e+08
3.410054605724569559e+08
3.213252738251410723e+08
3.411583452876702547e+08
3.269735148750373125e+08
3.524414745007509589e+08
3.573982387643826008e+08
3.339992259100707769e+08
3.341826194398663044e+08
3.551688855356965661e+08
3.720418559639084339e+08
3.698934873390425444e+08
3.648118210431474447e+08
3.705702000437028408e+08
3.805701948555597067e+08
3.785566375130459070e+08
3.777337469837093949e+08
3.671363348759139776e+08
3.535102358023840189e+08
3.733984046633684635e+08
3.620390529168381095e+08
3.647968634328358173e+08
3.715637915486449003e+08
3.435685248945848942e+08
3.551679154259902239e+08
3.389772218721035719e+08
3.403509044973303080e+08
3.433904315506591201e+08
3.442957926029640436e+08
3.251321962859246731e+08
3.324333415979900360e+08
3.215333301104222536e+08
3.105443724766722918e+08
2.995986572385372519e+08
3.106274047130005360e+08
3.142144966682684422e+08
3.135647835428307056e+08
3.101174235005003214e+08
3.166896240119720697e+08
3.188588447315984368e+08
3.091731842475477457e+08
2.978944677860389948e+08
2.962136015857607126e+08
2.905209462467296124e+08
2.663327441587197483e+08
2.795833100152484179e+08
2.795940900581694841e+08
2.518828552190045714e+08
4.883439309133812785e+07
0.000000000000000000e+00
0.000000000000000000e+00
0.000000000000000000e+00
0.000000000000000000e+00
0.000000000000000000e+00
0.000000000000000000e+00
0.000000000000000000e+00
0.000000000000000000e+00
0.000000000000000000e+00
0.000000000000000000e+00
0.000000000000000000e+00
0.000000000000000000e+00
0.000000000000000000e+00
0.000000000000000000e+00
0.000000000000000000e+00
0.000000000000000000e+00
0.000000000000000000e+00
0.000000000000000000e+00
0.000000000000000000e+00
0.000000000000000000e+00
0.000000000000000000e+00
0.000000000000000000e+00
0.000000000000000000e+00
0.000000000000000000e+00
0.000000000000000000e+00
0.000000000000000000e+00
0.000000000000000000e+00
0.000000000000000000e+00
0.000000000000000000e+00
0.000000000000000000e+00
0.000000000000000000e+00
0.000000000000000000e+00
0.000000000000000000e+00
0.000000000000000000e+00
0.000000000000000000e+00
0.000000000000000000e+00
0.000000000000000000e+00
0.000000000000000000e+00
0.000000000000000000e+00
0.000000000000000000e+00
0.000000000000000000e+00
0.000000000000000000e+00
0.000000000000000000e+00
0.000000000000000000e+00
0.000000000000000000e+00
0.000000000000000000e+00
0.000000000000000000e+00
0.000000000000000000e+00
0.000000000000000000e+00
0.000000000000000000e+00
0.000000000000000000e+00
0.000000000000000000e+00
0.000000000000000000e+00
0.000000000000000000e+00
0.000000000000000000e+00
0.000000000000000000e+00
0.000000000000000000e+00
0.000000000000000000e+00
0.000000000000000000e+00
0.000000000000000000e+00
0.000000000000000000e+00
0.000000000000000000e+00
0.000000000000000000e+00
0.000000000000000000e+00
0.000000000000000000e+00
0.000000000000000000e+00
0.000000000000000000e+00
0.000000000000000000e+00
0.000000000000000000e+00
0.000000000000000000e+00
0.000000000000000000e+00
0.000000000000000000e+00
0.000000000000000000e+00
0.000000000000000000e+00
0.000000000000000000e+00
0.000000000000000000e+00
0.000000000000000000e+00
0.000000000000000000e+00
0.000000000000000000e+00
0.000000000000000000e+00
0.000000000000000000e+00
0.000000000000000000e+00
0.000000000000000000e+00
0.000000000000000000e+00
0.000000000000000000e+00
0.000000000000000000e+00
0.000000000000000000e+00
0.000000000000000000e+00
0.000000000000000000e+00
0.000000000000000000e+00
0.000000000000000000e+00
0.000000000000000000e+00
0.000000000000000000e+00
0.000000000000000000e+00
0.000000000000000000e+00
0.000000000000000000e+00
0.000000000000000000e+00
0.000000000000000000e+00
0.000000000000000000e+00
0.000000000000000000e+00
0.000000000000000000e+00
0.000000000000000000e+00
0.000000000000000000e+00
0.000000000000000000e+00
0.000000000000000000e+00
0.000000000000000000e+00
0.000000000000000000e+00
0.000000000000000000e+00
0.000000000000000000e+00
0.000000000000000000e+00
0.000000000000000000e+00
0.000000000000000000e+00
0.000000000000000000e+00
0.000000000000000000e+00
0.000000000000000000e+00
0.000000000000000000e+00
0.000000000000000000e+00
0.000000000000000000e+00
0.000000000000000000e+00
0.000000000000000000e+00
0.000000000000000000e+00
0.000000000000000000e+00
0.000000000000000000e+00
0.000000000000000000e+00
0.000000000000000000e+00
0.000000000000000000e+00
0.000000000000000000e+00
0.000000000000000000e+00
0.000000000000000000e+00
0.000000000000000000e+00
0.000000000000000000e+00
0.000000000000000000e+00
0.000000000000000000e+00
0.000000000000000000e+00
0.000000000000000000e+00
0.000000000000000000e+00
0.000000000000000000e+00
