0.000000000000000000e+00
0.000000000000000000e+00
2.120841278386289778e+05
0.000000000000000000e+00
0.000000000000000000e+00
3.003371283144557383e+05
1.976800061067256704e+07
2.673815407515339926e+07
5.234963784388215840e+07
1.361895988966778517e+08
5.801453424857729673e+08
6.200182855590591431e+08
2.462443572401061058e+09
5.239637588190876007e+09
8.405641091947908401e+09
1.037394864944359398e+10
1.571066093339124870e+10
1.718625760828442764e+10
2.194830592185480499e+10
2.591517105081083679e+10
2.184193622059009552e+10
2.568977908333269119e+10
3.008018311343192291e+10
2.936915872412230682e+10
2.258741826898725891e+10
2.502422511325214005e+10
2.358607017479485321e+10
2.415581816085424042e+10
2.999308350904853439e+10
2.999794091467217636e+10
3.010054228833661652e+10
3.067419425838045502e+10
3.235808915372068787e+10
3.505368513313575745e+10
3.872648132351380920e+10
3.891641676006040192e+10
4.277890661456567383e+10
4.668066281390579987e+10
4.849837108846841431e+10
4.929307746043866730e+10
4.896818667462542725e+10
4.711204209144642639e+10
5.043112158862313080e+10
