0.000000000000000000e+00
0.000000000000000000e+00
0.000000000000000000e+00
0.000000000000000000e+00
2.141739242524373345e+06
5.804973991749891080e+06
1.023489204015739076e+07
1.597478143996146880e+07
1.914027340331329033e+07
3.268591766433560848e+07
5.329002707410428673e+07
6.472052717852019519e+07
7.179008457900163531e+07
7.335083743406057358e+07
8.310261593884712458e+07
8.032039686246797442e+07
8.852156383784812689e+07
9.822533515488207340e+07
1.088222539319938421e+08
1.123807773611724973e+08
1.165989991059482694e+08
1.234950049355168045e+08
1.325064312985085249e+08
1.285419033414890468e+08
1.398632281511783600e+08
1.491403290794294178e+08
1.554845139159911275e+08
1.651365057448867559e+08
1.740451405387251973e+08
1.736421344520384073e+08
1.961841159021416306e+08
2.126014111244741678e+08
2.141230425192067921e+08
2.260858804602881670e+08
2.401111473138083518e+08
2.529095947616647184e+08
2.643519807409465015e+08
2.875301047436565161e+08
2.993267670202887654e+08
2.971886183760052919e+08
3.094284513411432505e+08
3.287598419797458649e+08
3.406333448313360214e+08
3.429900179127773643e+08
3.580905388092645407e+08
3.639147405049885511e+08
3.645192577381482720e+08
3.833243674601587057e+08
3.946119945802057981e+08
3.994378401446428299e+08
4.061299084827266932e+08
4.195908265526836514e+08
4.308113481063986421e+08
4.270341728005620241e+08
4.241003106046012640e+08
4.450132720880354643e+08
4.474191065523540378e+08
4.507142517727189064e+08
4.723031603774122000e+08
4.845647855315882564e+08
4.947093261439522505e+08
4.992385107481926084e+08
5.059571340157647133e+08
5.162656877379362583e+08
5.077742524254866838e+08
5.141426872414909005e+08
5.332100565397742987e+08
5.231400452867312431e+08
5.259911327435104251e+08
5.363655664215843081e+08
5.202944752321941853e+08
5.456639356677501202e+08
5.283870019473617077e+08
5.399100175263490677e+08
5.474922750881426334e+08
5.562521346278038025e+08
5.541142040703055859e+08
5.501345170921947956e+08
5.614711461506752968e+08
5.596561504293034077e+08
5.578670111448912621e+08
5.765894040032691956e+08
5.907595988859919310e+08
5.597487414640033245e+08
5.845580026229331493e+08
5.819728582537899017e+08
6.059288716864367723e+08
5.776601969867488146e+08
6.105730446724311113e+08
6.088125681673898697e+08
5.967161673716382980e+08
6.086904570726106167e+08
6.096352951972638369e+08
6.288119542702929974e+08
6.103923411813049316e+08
6.237778141692242622e+08
6.214944609738526344e+08
6.250289134523224831e+08
6.189970741744576693e+08
6.162343482848922014e+08
6.188124505301910639e+08
5.994217786048871279e+08
6.017539273057682514e+08
5.928295807233889103e+08
5.876819319217553139e+08
5.983088204860889912e+08
5.551413438301942348e+08
5.527949265958728790e+08
5.457365976460196972e+08
5.271756363702534437e+08
5.222131802349513769e+08
5.201599473175940514e+08
4.947830196374851465e+08
5.018982932644519806e+08
4.806595159956616759e+08
4.616689559789203405e+08
4.308252261698530912e+08
4.435198724525001049e+08
4.294642719860780239e+08
4.245275250290726423e+08
4.082624450639121532e+08
4.050490547558672428e+08
4.000304960195665359e+08
3.728729244990030527e+08
3.506434970922080278e+08
3.496359512521550059e+08
3.404250223171470761e+08
3.162142216923608184e+08
3.170762114450467229e+08
3.181648163921184540e+08
2.822376331360675097e+08
5.675079117099013180e+07
0.000000000000000000e+00
0.000000000000000000e+00
0.000000000000000000e+00
0.000000000000000000e+00
0.000000000000000000e+00
0.000000000000000000e+00
0.000000000000000000e+00
0.000000000000000000e+00
0.000000000000000000e+00
0.000000000000000000e+00
0.000000000000000000e+00
0.000000000000000000e+00
0.000000000000000000e+00
0.000000000000000000e+00
0.000000000000000000e+00
0.000000000000000000e+00
0.000000000000000000e+00
0.000000000000000000e+00
0.000000000000000000e+00
0.000000000000000000e+00
0.000000000000000000e+00
0.000000000000000000e+00
0.000000000000000000e+00
0.000000000000000000e+00
0.000000000000000000e+00
0.000000000000000000e+00
0.000000000000000000e+00
0.000000000000000000e+00
0.000000000000000000e+00
0.000000000000000000e+00
0.000000000000000000e+00
0.000000000000000000e+00
0.000000000000000000e+00
0.000000000000000000e+00
0.000000000000000000e+00
0.000000000000000000e+00
0.000000000000000000e+00
0.000000000000000000e+00
0.000000000000000000e+00
0.000000000000000000e+00
0.000000000000000000e+00
0.000000000000000000e+00
0.000000000000000000e+00
0.000000000000000000e+00
0.000000000000000000e+00
0.000000000000000000e+00
0.000000000000000000e+00
0.000000000000000000e+00
0.000000000000000000e+00
0.000000000000000000e+00
0.000000000000000000e+00
0.000000000000000000e+00
0.000000000000000000e+00
0.000000000000000000e+00
0.000000000000000000e+00
0.000000000000000000e+00
0.000000000000000000e+00
0.000000000000000000e+00
0.000000000000000000e+00
0.000000000000000000e+00
0.000000000000000000e+00
0.000000000000000000e+00
0.000000000000000000e+00
0.000000000000000000e+00
0.000000000000000000e+00
0.000000000000000000e+00
0.000000000000000000e+00
0.000000000000000000e+00
0.000000000000000000e+00
0.000000000000000000e+00
0.000000000000000000e+00
0.000000000000000000e+00
0.000000000000000000e+00
0.000000000000000000e+00
0.000000000000000000e+00
0.000000000000000000e+00
0.000000000000000000e+00
0.000000000000000000e+00
0.000000000000000000e+00
0.000000000000000000e+00
0.000000000000000000e+00
0.000000000000000000e+00
0.000000000000000000e+00
0.000000000000000000e+00
0.000000000000000000e+00
0.000000000000000000e+00
0.000000000000000000e+00
0.000000000000000000e+00
0.000000000000000000e+00
0.000000000000000000e+00
0.000000000000000000e+00
0.000000000000000000e+00
0.000000000000000000e+00
0.000000000000000000e+00
0.000000000000000000e+00
0.000000000000000000e+00
0.000000000000000000e+00
0.000000000000000000e+00
0.000000000000000000e+00
0.000000000000000000e+00
0.000000000000000000e+00
0.000000000000000000e+00
0.000000000000000000e+00
0.000000000000000000e+00
0.000000000000000000e+00
0.000000000000000000e+00
0.000000000000000000e+00
0.000000000000000000e+00
0.000000000000000000e+00
0.000000000000000000e+00
0.000000000000000000e+00
0.000000000000000000e+00
0.000000000000000000e+00
0.000000000000000000e+00
0.000000000000000000e+00
0.000000000000000000e+00
0.000000000000000000e+00
0.000000000000000000e+00
0.000000000000000000e+00
0.000000000000000000e+00
0.000000000000000000e+00
0.000000000000000000e+00
0.000000000000000000e+00
0.000000000000000000e+00
0.000000000000000000e+00
0.000000000000000000e+00
0.000000000000000000e+00
0.000000000000000000e+00
0.000000000000000000e+00
0.000000000000000000e+00
0.000000000000000000e+00
0.000000000000000000e+00
0.000000000000000000e+00
0.000000000000000000e+00
0.000000000000000000e+00
0.000000000000000000e+00
0.000000000000000000e+00
