nan
nan
1.279695191312514894e-04
4.070757636832746194e-04
4.315327574399167106e-04
3.542913618056681212e-04
4.326800171110949415e-04
5.250774380649821712e-04
7.147763839351622831e-04
9.104848088077497573e-04
8.751588373116637011e-04
9.161872448661710156e-04
1.122771280994520459e-03
1.346435251931390673e-03
1.799431860218565641e-03
1.416814693426069133e-03
3.416843951540760385e-03
3.039413235737081255e-03
3.996029738910506467e-03
4.154349662224862509e-03
5.679311604175645532e-03
6.429689944057606979e-03
6.764982197426022692e-03
5.799081079144095124e-03
3.896910684895196937e-03
2.508956463712847754e-03
2.751877329530776593e-03
2.194895233856940416e-03
1.782818780283781197e-03
1.737234416298738581e-03
1.531603079893883697e-03
1.178478654081208414e-03
1.228516804923876710e-03
1.341488731493756682e-03
1.512365332164607341e-03
1.538907791433789330e-03
1.632247873834910112e-03
1.651229704415426098e-03
1.484632004508626814e-03
1.544494368548716273e-03
2.142782570131486052e-03
1.535125307364829583e-03
1.505764486788445204e-03
