0.000000000000000000e+00
0.000000000000000000e+00
0.000000000000000000e+00
0.000000000000000000e+00
0.000000000000000000e+00
0.000000000000000000e+00
1.600919757254806755e+05
0.000000000000000000e+00
0.000000000000000000e+00
0.000000000000000000e+00
0.000000000000000000e+00
2.137373735029840609e+05
0.000000000000000000e+00
0.000000000000000000e+00
0.000000000000000000e+00
6.476535558385758195e+05
2.653731122617113870e+05
4.297236037766180234e+05
4.256038290386745939e+05
2.120874575133359467e+05
5.828192006906612078e+05
4.276697333094507921e+05
2.281811293476819119e+05
5.444812570343324915e+05
8.215621411052867770e+05
5.071479356462275027e+05
1.097911277349095559e+06
0.000000000000000000e+00
2.136845822703894519e+05
1.047558161064467742e+06
1.004687832420046441e+06
8.006310460130653810e+05
6.947722316392934881e+05
2.096458913287954871e+06
1.433240254204665776e+06
1.486905284628470195e+06
1.457699284717726754e+06
2.823878550164683722e+06
2.955512500789733604e+06
2.257756369418131188e+06
3.226214197868790478e+06
3.399568772238927428e+06
4.382547968350327574e+06
3.976189479508874007e+06
4.807634399098126218e+06
3.842993358803155366e+06
5.435601508829236031e+06
4.696133050267159007e+06
7.042523184352347627e+06
7.244062412003044039e+06
7.525668593414270319e+06
1.126392660601158068e+07
1.008486310128061287e+07
1.244000243922105432e+07
1.599447886985064670e+07
2.067048775303911045e+07
2.277559376246065646e+07
1.774689636701033264e+07
2.762532344278879091e+07
1.995879128915117308e+07
2.811337592886392027e+07
2.908930580986247584e+07
3.149861761512563378e+07
3.066668987197975442e+07
3.668478818332833797e+07
4.105977588347514719e+07
4.504335215651690960e+07
4.583640223093415052e+07
5.337530804285848141e+07
5.644960647466982156e+07
5.472282057853099704e+07
6.356860381087742001e+07
7.137110479239054024e+07
6.920607859939013422e+07
7.796626929661591351e+07
7.569950625382798910e+07
8.939546025168868899e+07
8.998237328052352369e+07
1.021441308933063000e+08
1.010207437014070302e+08
1.079620603039390296e+08
1.048849799565421790e+08
1.147989522976669967e+08
1.194146896060664058e+08
1.204658121010082066e+08
1.234076050709261298e+08
1.364361188588297963e+08
1.408891328711642921e+08
1.437649549063086510e+08
1.382717458387775123e+08
1.470035595076578856e+08
1.541997749431444705e+08
1.577662817026395202e+08
1.684759046563000679e+08
1.720343385780198276e+08
1.769482676956487596e+08
1.858688924892221093e+08
2.047656554934799969e+08
2.001328997340905964e+08
2.087230649721020460e+08
2.118789392529592514e+08
2.058956695739188194e+08
2.348401845205973387e+08
2.252248954956634641e+08
2.319257011281435788e+08
2.410978428828232884e+08
2.369610367205929756e+08
2.574320866161234081e+08
2.544309818950530291e+08
2.535305342406168282e+08
2.606410817190150023e+08
2.707597972638232112e+08
2.655444824535767436e+08
2.714516357619080544e+08
2.796736908436549902e+08
2.782633899964936972e+08
2.861218946835219264e+08
2.751738560025210381e+08
2.797127875732023120e+08
2.858569296083886623e+08
3.005857680981214046e+08
2.984358593881748915e+08
2.832907947666296959e+08
3.019806663191106915e+08
3.199696038558499813e+08
3.111223783424364328e+08
3.125179815426025391e+08
3.094046216951382756e+08
3.098352026348875761e+08
3.335211517682885528e+08
3.242410583259807229e+08
3.166126160690498352e+08
3.319542260210006833e+08
3.134510040955008268e+08
3.370172359284554720e+08
3.426405323610665798e+08
3.341147463351579309e+08
3.496747417966981530e+08
3.330296651855917573e+08
3.357811301083902121e+08
3.451117550256367326e+08
3.500628094152488708e+08
3.363851627357193232e+08
3.449965712430968285e+08
3.576028296872584820e+08
3.453853562891102433e+08
3.531896173629239798e+08
3.415424433260627985e+08
3.655449689294269085e+08
3.464876002814936638e+08
3.607456125713969469e+08
3.609723714529900551e+08
3.781010667705295086e+08
3.515450815335110426e+08
3.643903929785012007e+08
3.614080320532862544e+08
3.581852722823972702e+08
3.624360046946902871e+08
3.587331293943780661e+08
3.819021618999097347e+08
3.549007581261885166e+08
3.519678576190347075e+08
3.575446091091924906e+08
3.514620233644050360e+08
3.661631526949847341e+08
3.436024126381908655e+08
3.608619506803140640e+08
3.636010108861756921e+08
3.479294490366190672e+08
3.484202695565757155e+08
3.439319387035602331e+08
3.506646195883316994e+08
3.413506645148046017e+08
3.486442199439040422e+08
3.420112659390395880e+08
3.456807211561572552e+08
3.368704445732202530e+08
3.418687507427248955e+08
3.302573545510607362e+08
3.333907811045368910e+08
3.331484529472436905e+08
3.424667328882728815e+08
3.462871038844738007e+08
3.171199679092776775e+08
3.424175058997511268e+08
3.246673116419203877e+08
3.277110014103565216e+08
3.300502597197132707e+08
3.232222565827531815e+08
3.243070041845733523e+08
3.167530526641184092e+08
3.245377029555737972e+08
3.124027897605538368e+08
3.246220198038913012e+08
3.008112587190530896e+08
3.191934172851122022e+08
3.038437293143570423e+08
3.111190829799582958e+08
2.917294927982678413e+08
3.012122019479142427e+08
3.088462654072784781e+08
2.980166158595499992e+08
2.836451718246342540e+08
2.923400728371499777e+08
2.829094827057495117e+08
2.911067544798254371e+08
2.897549688316774368e+08
2.868310804690601826e+08
2.903474931291857958e+08
2.843588242928035259e+08
2.877823620530983210e+08
2.706498103919730186e+08
2.744348494637901783e+08
2.928648896294562817e+08
2.739572570126461983e+08
2.605332576504959166e+08
2.730413501828324199e+08
2.879837031167477369e+08
2.694049614885749221e+08
2.545844179270277023e+08
2.678881506891176403e+08
2.607012489202456176e+08
2.621796895224133432e+08
2.685102220985852480e+08
2.588163580628488660e+08
2.461767437111732960e+08
2.655976366621626616e+08
2.683724712868340611e+08
2.550688709794802964e+08
2.584580416680801511e+08
2.369005070476578772e+08
2.579448618609093428e+08
2.554368022935281396e+08
2.614803644718071818e+08
2.480276934810883701e+08
2.549909305203989744e+08
2.413876847383006215e+08
2.438078901546428800e+08
2.508264521432071328e+08
2.449521777699420452e+08
2.454263289193799198e+08
2.511647501398793757e+08
2.522318322492543757e+08
2.423729228009309173e+08
2.404400822859287858e+08
2.486837510460827947e+08
2.288267040674010515e+08
2.381462948226107955e+08
2.308809734669016004e+08
2.436694759086603820e+08
2.397953397223809063e+08
2.457098848394812942e+08
2.297529050632261038e+08
6.594337944256357104e+07
0.000000000000000000e+00
0.000000000000000000e+00
0.000000000000000000e+00
0.000000000000000000e+00
0.000000000000000000e+00
0.000000000000000000e+00
0.000000000000000000e+00
0.000000000000000000e+00
0.000000000000000000e+00
0.000000000000000000e+00
0.000000000000000000e+00
0.000000000000000000e+00
0.000000000000000000e+00
0.000000000000000000e+00
0.000000000000000000e+00
