0.000000000000000000e+00
0.000000000000000000e+00
0.000000000000000000e+00
0.000000000000000000e+00
1.362544068907496985e+06
2.354502948681046255e+06
5.018634883612571284e+06
8.462024337211243808e+06
1.187378421601091139e+07
2.083385849813355878e+07
3.639742895265501738e+07
4.146779079567880929e+07
4.797139011587567627e+07
5.069458089865884930e+07
5.434867730038680136e+07
5.621592910240285099e+07
5.914731006207543612e+07
7.174088337818878889e+07
7.269882855317667127e+07
8.221495255663222075e+07
8.126893439388132095e+07
8.890310936280803382e+07
9.553684568234369159e+07
9.151533058449596167e+07
9.982613995546302199e+07
1.092030511989138424e+08
1.120414189183703661e+08
1.163597232103393674e+08
1.234437381896511763e+08
1.235870885816741884e+08
1.442782441782625020e+08
1.496379200058859587e+08
1.562277979883422852e+08
1.605118599332570434e+08
1.732029925110431910e+08
1.836027944695144594e+08
1.909310422215001583e+08
2.112917541855560541e+08
2.216244721515004039e+08
2.223829413780536056e+08
2.366433566914296746e+08
2.583863111352237463e+08
2.593318210804673433e+08
2.628538859739366770e+08
2.848227416663054228e+08
2.845104979942730069e+08
2.910363249379183054e+08
2.934001162697918415e+08
3.039102623355244398e+08
3.012410426023763418e+08
3.131975721707717776e+08
3.084881671545593143e+08
3.172132774490944743e+08
3.089474987646572590e+08
3.022701594982371330e+08
3.131099100563036203e+08
3.074427007131066322e+08
2.991349502769894600e+08
3.013984983116066456e+08
3.118910514400256276e+08
3.161309750788641572e+08
3.069094266230330467e+08
3.025973187727972269e+08
3.076824365044913292e+08
2.870876576445840597e+08
2.741362695471241474e+08
2.820182986001062393e+08
2.660456306884351671e+08
2.629831152431595922e+08
2.763198303329326510e+08
2.585007716737321913e+08
2.578521558488113284e+08
2.567170939124363661e+08
2.533834930285258591e+08
2.556501682148761749e+08
2.605162451266032159e+08
2.621900670477289259e+08
2.526806725102812350e+08
2.519898917089268267e+08
2.574003815710004270e+08
2.503616530690795779e+08
2.551539978713368475e+08
2.692009184077169299e+08
2.465729066393494606e+08
2.435525420504761934e+08
2.606475844286488295e+08
2.647705263987665772e+08
2.506866821117115021e+08
2.581315701716801524e+08
2.514143294030072391e+08
2.627169414615675211e+08
2.745078376327443123e+08
2.544664096615672112e+08
2.567700983063845634e+08
2.404988538422623277e+08
2.589659931260767579e+08
2.509242609301497936e+08
2.444587185967627764e+08
2.404404366614117622e+08
2.385006013011828065e+08
2.516761156542770565e+08
2.459115428025030494e+08
2.283555226423998475e+08
2.307905278065508306e+08
2.228850684889195561e+08
2.267450289374441803e+08
2.115728189356093705e+08
1.976270111698825955e+08
2.067593757739161551e+08
1.868247318729231358e+08
1.788227486842921972e+08
1.758641547146300077e+08
1.696508233515604138e+08
1.694649516664619446e+08
1.591261858852394521e+08
1.511245835022479892e+08
1.312265689313158840e+08
1.328924677394995391e+08
1.152497753178095073e+08
1.109627414862419218e+08
9.814502156341186166e+07
8.835943074389512837e+07
8.117165128796806931e+07
6.369974025145533681e+07
5.274902930616907775e+07
5.342234966639430821e+07
4.990407607041744888e+07
4.988147753364111483e+07
3.749290142979831249e+07
3.857072633394904435e+07
3.035477791706297547e+07
7.916398079652007669e+06
0.000000000000000000e+00
0.000000000000000000e+00
0.000000000000000000e+00
0.000000000000000000e+00
0.000000000000000000e+00
0.000000000000000000e+00
0.000000000000000000e+00
0.000000000000000000e+00
0.000000000000000000e+00
0.000000000000000000e+00
0.000000000000000000e+00
0.000000000000000000e+00
0.000000000000000000e+00
0.000000000000000000e+00
0.000000000000000000e+00
0.000000000000000000e+00
0.000000000000000000e+00
0.000000000000000000e+00
0.000000000000000000e+00
0.000000000000000000e+00
0.000000000000000000e+00
0.000000000000000000e+00
0.000000000000000000e+00
0.000000000000000000e+00
0.000000000000000000e+00
0.000000000000000000e+00
0.000000000000000000e+00
0.000000000000000000e+00
0.000000000000000000e+00
0.000000000000000000e+00
0.000000000000000000e+00
0.000000000000000000e+00
0.000000000000000000e+00
0.000000000000000000e+00
0.000000000000000000e+00
0.000000000000000000e+00
0.000000000000000000e+00
0.000000000000000000e+00
0.000000000000000000e+00
0.000000000000000000e+00
0.000000000000000000e+00
0.000000000000000000e+00
0.000000000000000000e+00
0.000000000000000000e+00
0.000000000000000000e+00
0.000000000000000000e+00
0.000000000000000000e+00
0.000000000000000000e+00
0.000000000000000000e+00
0.000000000000000000e+00
0.000000000000000000e+00
0.000000000000000000e+00
0.000000000000000000e+00
0.000000000000000000e+00
0.000000000000000000e+00
0.000000000000000000e+00
0.000000000000000000e+00
0.000000000000000000e+00
0.000000000000000000e+00
0.000000000000000000e+00
0.000000000000000000e+00
0.000000000000000000e+00
0.000000000000000000e+00
0.000000000000000000e+00
0.000000000000000000e+00
0.000000000000000000e+00
0.000000000000000000e+00
0.000000000000000000e+00
0.000000000000000000e+00
0.000000000000000000e+00
0.000000000000000000e+00
0.000000000000000000e+00
0.000000000000000000e+00
0.000000000000000000e+00
0.000000000000000000e+00
0.000000000000000000e+00
0.000000000000000000e+00
0.000000000000000000e+00
0.000000000000000000e+00
0.000000000000000000e+00
0.000000000000000000e+00
0.000000000000000000e+00
0.000000000000000000e+00
0.000000000000000000e+00
0.000000000000000000e+00
0.000000000000000000e+00
0.000000000000000000e+00
0.000000000000000000e+00
0.000000000000000000e+00
0.000000000000000000e+00
0.000000000000000000e+00
0.000000000000000000e+00
0.000000000000000000e+00
0.000000000000000000e+00
0.000000000000000000e+00
0.000000000000000000e+00
0.000000000000000000e+00
0.000000000000000000e+00
0.000000000000000000e+00
0.000000000000000000e+00
0.000000000000000000e+00
0.000000000000000000e+00
0.000000000000000000e+00
0.000000000000000000e+00
0.000000000000000000e+00
0.000000000000000000e+00
0.000000000000000000e+00
0.000000000000000000e+00
0.000000000000000000e+00
0.000000000000000000e+00
0.000000000000000000e+00
0.000000000000000000e+00
0.000000000000000000e+00
0.000000000000000000e+00
0.000000000000000000e+00
0.000000000000000000e+00
0.000000000000000000e+00
0.000000000000000000e+00
0.000000000000000000e+00
0.000000000000000000e+00
0.000000000000000000e+00
0.000000000000000000e+00
0.000000000000000000e+00
0.000000000000000000e+00
0.000000000000000000e+00
0.000000000000000000e+00
0.000000000000000000e+00
0.000000000000000000e+00
0.000000000000000000e+00
0.000000000000000000e+00
0.000000000000000000e+00
0.000000000000000000e+00
0.000000000000000000e+00
0.000000000000000000e+00
0.000000000000000000e+00
0.000000000000000000e+00
0.000000000000000000e+00
