0.000000000000000000e+00
0.000000000000000000e+00
0.000000000000000000e+00
0.000000000000000000e+00
1.038657567538667237e+06
2.256147611523719504e+06
2.288816998140651267e+06
1.882429315927182324e+06
2.457978455124787055e+06
1.564264750013643410e+06
4.667069349047886208e+06
3.038457433323482517e+06
4.040908629293535836e+06
2.461665026748885401e+06
8.058673021284854040e+06
5.723918435463137925e+06
5.714846094276416115e+06
8.916647455687675625e+06
1.193555759843750298e+07
1.457507557626954839e+07
1.796004713748963177e+07
2.312842394478245080e+07
3.238838504780161008e+07
3.868255061977835000e+07
4.264825721947173774e+07
4.742657721080606431e+07
5.547544499634259939e+07
7.463562982677134871e+07
7.303589980650079250e+07
8.807448267436431348e+07
9.822781700598573685e+07
1.115122641678282470e+08
1.177758562176231742e+08
1.370616806032629311e+08
1.415750338200864494e+08
1.458979311496242881e+08
1.615493078341194987e+08
1.680303418590227962e+08
1.722294938383157551e+08
1.981931726573700011e+08
1.936863853172872365e+08
2.045445055111030936e+08
2.127004966067936420e+08
2.219722442608966529e+08
2.242319720878789425e+08
2.394843307586653531e+08
2.326253328058685064e+08
2.431086800123542547e+08
2.633063466966562271e+08
2.534903879312846363e+08
2.537402102744821608e+08
2.797249895944643617e+08
2.601632118893885911e+08
2.859421682239568233e+08
2.763489619885296822e+08
2.919262361614221334e+08
2.950711581681346893e+08
2.939338655154990554e+08
2.925213519406101108e+08
3.063510153057361245e+08
3.079541328417226076e+08
3.135134545969836712e+08
3.103474148745104074e+08
3.278150473688291311e+08
3.179187804417058825e+08
3.235040338831937313e+08
3.320264217135585546e+08
3.374140986547793150e+08
3.517500553966103792e+08
3.272535022818979025e+08
3.473540559707423449e+08
3.488617171073344946e+08
3.571413832225267887e+08
3.437917501968895197e+08
3.682444941183108091e+08
3.634188916615754962e+08
3.617774443541425467e+08
3.580850636082314253e+08
3.645082072247836590e+08
3.727412372045023441e+08
3.731155095040873885e+08
3.751120041703467369e+08
3.747146489975681901e+08
3.809984588114596605e+08
3.802257864636857510e+08
3.770237842994022965e+08
3.849119731055234075e+08
3.854962470631992817e+08
3.934865332703775764e+08
3.797365007614300251e+08
3.962476075514839292e+08
3.957345156007506847e+08
3.946864902421133518e+08
3.945441292677651644e+08
4.106280102143594027e+08
3.942435471182221174e+08
3.936116185176463127e+08
3.964915927331387997e+08
4.127790417223941684e+08
3.972439730484909415e+08
3.955343997952211499e+08
3.985452230423367023e+08
4.096393627375302315e+08
4.145880196577328444e+08
3.883722583095267415e+08
4.092069536612979174e+08
4.057700460965041518e+08
4.123140311862905622e+08
4.046586232824237943e+08
4.066381873748549223e+08
4.088588582695013881e+08
4.000364940693330169e+08
4.117579386627491713e+08
4.229159837407553196e+08
4.126170523156483769e+08
4.035507212332199812e+08
4.058817028900244832e+08
4.134570842866979241e+08
4.356859783376324177e+08
3.998813547913091183e+08
4.055040393512905240e+08
4.148962864132698774e+08
4.168649422288554907e+08
4.270195209884044528e+08
3.991244510783272982e+08
4.101981654159499407e+08
4.236916602357233763e+08
4.071291834315317869e+08
4.352079417548571825e+08
3.929471962985931635e+08
4.224508848162952065e+08
4.112185216198868752e+08
4.167073871198548079e+08
4.101687549519064426e+08
4.014116161571470499e+08
4.058568722277474403e+08
4.230026832614633441e+08
3.965688809490116835e+08
4.054586294134299755e+08
4.124409599266124964e+08
4.106198131838624477e+08
4.135373940234824419e+08
4.144418145532112718e+08
4.108773336659020782e+08
3.977860648079924583e+08
4.138295179841212630e+08
4.229993070058507323e+08
4.103026469815340042e+08
3.974728820709801316e+08
3.960654904890998602e+08
4.079139094158941507e+08
4.135409387247134447e+08
3.988208334225480556e+08
3.972174996891248822e+08
3.915382109216306210e+08
4.042591221412046552e+08
4.124629015848863721e+08
3.827382785465379953e+08
3.913713263473305702e+08
3.836310620496829748e+08
3.890860018118314743e+08
3.824501138799874783e+08
4.050705338104140759e+08
3.866742785898283124e+08
3.689184996178252697e+08
3.865741888099185228e+08
3.781663524347609282e+08
3.844228233258394003e+08
3.608535057064880133e+08
3.709577128016681671e+08
3.776589039372541308e+08
3.757008752689665556e+08
3.557114102910707593e+08
3.691889012987787724e+08
3.639977723890068531e+08
3.672863288946545720e+08
3.599197881703451872e+08
3.447372812185595036e+08
3.506940277381820679e+08
3.557559505413851738e+08
3.446756623551450372e+08
3.426136482842530012e+08
3.412442877425888181e+08
3.491745753323156238e+08
3.188728466354646683e+08
3.419936337986057401e+08
3.324647124183792472e+08
3.257328699899104834e+08
3.352651209826716185e+08
3.350223073767669201e+08
3.262262287340215445e+08
3.290016275244066119e+08
3.133589661045719385e+08
3.117054026289833784e+08
3.153323097222028375e+08
3.026726666310967207e+08
3.328200565120128393e+08
3.198509279560705423e+08
2.981496966090995073e+08
3.046855283133780956e+08
3.070898860186078548e+08
2.879724634681885242e+08
3.012355542069891691e+08
3.037063012116389275e+08
5.514489907647946477e+07
0.000000000000000000e+00
0.000000000000000000e+00
0.000000000000000000e+00
0.000000000000000000e+00
0.000000000000000000e+00
0.000000000000000000e+00
0.000000000000000000e+00
0.000000000000000000e+00
0.000000000000000000e+00
0.000000000000000000e+00
0.000000000000000000e+00
0.000000000000000000e+00
0.000000000000000000e+00
0.000000000000000000e+00
0.000000000000000000e+00
0.000000000000000000e+00
0.000000000000000000e+00
0.000000000000000000e+00
0.000000000000000000e+00
0.000000000000000000e+00
0.000000000000000000e+00
0.000000000000000000e+00
0.000000000000000000e+00
0.000000000000000000e+00
0.000000000000000000e+00
0.000000000000000000e+00
0.000000000000000000e+00
0.000000000000000000e+00
0.000000000000000000e+00
0.000000000000000000e+00
0.000000000000000000e+00
0.000000000000000000e+00
0.000000000000000000e+00
0.000000000000000000e+00
0.000000000000000000e+00
0.000000000000000000e+00
0.000000000000000000e+00
0.000000000000000000e+00
0.000000000000000000e+00
0.000000000000000000e+00
0.000000000000000000e+00
0.000000000000000000e+00
0.000000000000000000e+00
0.000000000000000000e+00
0.000000000000000000e+00
0.000000000000000000e+00
0.000000000000000000e+00
0.000000000000000000e+00
0.000000000000000000e+00
0.000000000000000000e+00
0.000000000000000000e+00
0.000000000000000000e+00
0.000000000000000000e+00
0.000000000000000000e+00
0.000000000000000000e+00
0.000000000000000000e+00
0.000000000000000000e+00
0.000000000000000000e+00
0.000000000000000000e+00
0.000000000000000000e+00
0.000000000000000000e+00
0.000000000000000000e+00
0.000000000000000000e+00
0.000000000000000000e+00
