0.000000000000000000e+00
0.000000000000000000e+00
0.000000000000000000e+00
0.000000000000000000e+00
2.332603754121795355e+05
1.506928663420910481e+06
2.810112528191666584e+06
2.077171731099654455e+06
2.774291445579703897e+06
4.157220038640647195e+06
1.135594263628506847e+07
1.452851937371295318e+07
1.135850467590325885e+07
1.565165387646054849e+07
1.815929190840547904e+07
2.237049264721144736e+07
2.621397557872514799e+07
2.936907075714917481e+07
3.475487646954095364e+07
4.315999707358453423e+07
4.634064932910673320e+07
5.463132496536134183e+07
6.175702133075780421e+07
5.839279839569278806e+07
6.927576857357016206e+07
7.340124200141826272e+07
7.900333850569877028e+07
7.616800411990030110e+07
8.936120336321276426e+07
8.404067995774561167e+07
8.863705568437874317e+07
1.047805609777897745e+08
9.523069988814668357e+07
1.103153374211330414e+08
1.144079341590275168e+08
1.186169527727177590e+08
1.223823372790266275e+08
1.237181378151701391e+08
1.302324895185006261e+08
1.324384298907953054e+08
1.441863558292703629e+08
1.378135832760875821e+08
1.548377957431477904e+08
1.561077139332075119e+08
1.614529532584269643e+08
1.610462299975041449e+08
1.681858957506281734e+08
1.677978982901196480e+08
1.739031068188996017e+08
1.779746342318452597e+08
1.843612433864336014e+08
1.909251228819278181e+08
1.955928487848004103e+08
1.891256874972536862e+08
1.987549397341284752e+08
2.085911599362179637e+08
2.075978206783130765e+08
2.186200125413813293e+08
2.042236041874537468e+08
2.262600005006228983e+08
2.218463290403968692e+08
2.211644834211185873e+08
2.262976273307639956e+08
2.305051234679645896e+08
2.346558200935790539e+08
2.371138923736869693e+08
2.271188037753383815e+08
2.449822953408381939e+08
2.356932111205579638e+08
2.431072352996574938e+08
2.423461024922236204e+08
2.414007100941683948e+08
2.546564090242000222e+08
2.391303009954039752e+08
2.393140378961766958e+08
2.570146289329679012e+08
2.382505660729532242e+08
2.597454105036700368e+08
2.646892507316392064e+08
2.505203605563906431e+08
2.609043993650525510e+08
2.635312270821634829e+08
2.600010842596943080e+08
2.487264102512450814e+08
2.715397429095064998e+08
2.571626658628650606e+08
2.618253657322961092e+08
2.652912857613852620e+08
2.622977113483540416e+08
2.751528599994962215e+08
2.711148111255694628e+08
2.761718417385830283e+08
2.865822540440019369e+08
2.793951154813755751e+08
2.867723891219652891e+08
2.844046813465681076e+08
3.040401375616405010e+08
2.949010392017070055e+08
2.935636868851732016e+08
2.811591235761902332e+08
3.048296502158995867e+08
3.075345598272785544e+08
3.118252867654749751e+08
2.961860437610138059e+08
3.211287224985576272e+08
3.182790723352414370e+08
3.208985105025119781e+08
3.132770263331334591e+08
3.354045237828240395e+08
3.298739171007875204e+08
3.247587530408014059e+08
3.374415509799574614e+08
3.417247178433754444e+08
3.388821836853787899e+08
3.415697957264595032e+08
3.506754405821067095e+08
3.572529416662985086e+08
3.500340893406041861e+08
3.432992745281037092e+08
3.641475581925495863e+08
3.626628940415044427e+08
3.611386383726319671e+08
3.643309202838605046e+08
3.624345455234682560e+08
3.700583795313287973e+08
3.735401534611333013e+08
3.659979152872748971e+08
3.748259340073478222e+08
3.848805056762113571e+08
3.746105536742502451e+08
3.830195855684204102e+08
3.771047965146535635e+08
3.769275208614658117e+08
3.913120105895154476e+08
3.918690149672719240e+08
3.828782868846484423e+08
3.961676058648740649e+08
3.888319376219421625e+08
3.838292769563567638e+08
4.120526220379514098e+08
3.917790399723294973e+08
4.125007127215029597e+08
4.012686003628919125e+08
4.116935756430892944e+08
4.033156150781937838e+08
4.259839549961990118e+08
4.055197232175384760e+08
4.200137962014548779e+08
4.262238400703024268e+08
4.019852863028799891e+08
4.269423563089896441e+08
4.176991954389224052e+08
4.185629307355792522e+08
4.186590211340516210e+08
4.264101319023214579e+08
4.159363619386709929e+08
4.183116869183275104e+08
4.213199097171291113e+08
4.161020547242993116e+08
4.142016255046760440e+08
4.231269161949036121e+08
4.084751070837374926e+08
4.012186430565069914e+08
4.117363359957559109e+08
4.053448938114223480e+08
4.038148526255054474e+08
3.926824482878554463e+08
3.836988593455734253e+08
3.726730083150710464e+08
3.954241046866791248e+08
3.738168816621907353e+08
1.899610105414752364e+08
0.000000000000000000e+00
0.000000000000000000e+00
0.000000000000000000e+00
0.000000000000000000e+00
0.000000000000000000e+00
0.000000000000000000e+00
0.000000000000000000e+00
0.000000000000000000e+00
0.000000000000000000e+00
0.000000000000000000e+00
0.000000000000000000e+00
0.000000000000000000e+00
0.000000000000000000e+00
0.000000000000000000e+00
0.000000000000000000e+00
0.000000000000000000e+00
0.000000000000000000e+00
0.000000000000000000e+00
0.000000000000000000e+00
0.000000000000000000e+00
0.000000000000000000e+00
0.000000000000000000e+00
0.000000000000000000e+00
0.000000000000000000e+00
0.000000000000000000e+00
0.000000000000000000e+00
0.000000000000000000e+00
0.000000000000000000e+00
0.000000000000000000e+00
0.000000000000000000e+00
0.000000000000000000e+00
0.000000000000000000e+00
0.000000000000000000e+00
0.000000000000000000e+00
0.000000000000000000e+00
0.000000000000000000e+00
0.000000000000000000e+00
0.000000000000000000e+00
0.000000000000000000e+00
0.000000000000000000e+00
0.000000000000000000e+00
0.000000000000000000e+00
0.000000000000000000e+00
0.000000000000000000e+00
0.000000000000000000e+00
0.000000000000000000e+00
0.000000000000000000e+00
0.000000000000000000e+00
0.000000000000000000e+00
0.000000000000000000e+00
0.000000000000000000e+00
0.000000000000000000e+00
0.000000000000000000e+00
0.000000000000000000e+00
0.000000000000000000e+00
0.000000000000000000e+00
0.000000000000000000e+00
0.000000000000000000e+00
0.000000000000000000e+00
0.000000000000000000e+00
0.000000000000000000e+00
0.000000000000000000e+00
0.000000000000000000e+00
0.000000000000000000e+00
0.000000000000000000e+00
0.000000000000000000e+00
0.000000000000000000e+00
0.000000000000000000e+00
0.000000000000000000e+00
0.000000000000000000e+00
0.000000000000000000e+00
0.000000000000000000e+00
0.000000000000000000e+00
0.000000000000000000e+00
0.000000000000000000e+00
0.000000000000000000e+00
0.000000000000000000e+00
0.000000000000000000e+00
0.000000000000000000e+00
0.000000000000000000e+00
0.000000000000000000e+00
0.000000000000000000e+00
0.000000000000000000e+00
0.000000000000000000e+00
0.000000000000000000e+00
0.000000000000000000e+00
0.000000000000000000e+00
0.000000000000000000e+00
0.000000000000000000e+00
0.000000000000000000e+00
0.000000000000000000e+00
0.000000000000000000e+00
0.000000000000000000e+00
0.000000000000000000e+00
0.000000000000000000e+00
0.000000000000000000e+00
0.000000000000000000e+00
