0.000000000000000000e+00
0.000000000000000000e+00
0.000000000000000000e+00
0.000000000000000000e+00
3.110175780399416108e+06
7.053996815094127320e+06
1.502366989729866385e+07
1.764552120831887797e+07
2.353039805336734280e+07
2.992734877002120018e+07
5.635435485717797279e+07
6.857898293875506520e+07
6.541956866104122996e+07
7.400141865819552541e+07
8.194932631310436130e+07
9.212059562667307258e+07
9.492463089752516150e+07
1.031847156102481782e+08
1.000484589092595130e+08
1.144403142093469054e+08
1.160622899797597528e+08
1.230886190079451948e+08
1.310911526222005785e+08
1.439810830346075296e+08
1.419161032252171934e+08
1.597471932633050382e+08
1.528292048038844466e+08
1.744167672805028558e+08
1.695501807627527118e+08
1.730950416385636628e+08
1.889759309907035232e+08
1.875798329055449963e+08
1.890172192886556685e+08
2.076745343111498058e+08
2.117343247174659669e+08
2.074783581532462239e+08
2.257677338621836007e+08
2.201512089655367136e+08
2.193523248865505457e+08
2.433874828839837909e+08
2.333893478543355465e+08
2.423859842720255852e+08
2.496502480000847578e+08
2.491082589700283706e+08
2.531178134480303526e+08
2.680387215360069871e+08
2.564110803795504570e+08
2.639125516120537817e+08
2.821692569465246797e+08
2.693384128137914538e+08
2.676303464801079333e+08
2.941429317284222245e+08
2.729756065778000951e+08
2.993893067667249441e+08
2.867317045451569557e+08
2.986532125742603540e+08
3.040372931352118254e+08
3.045947787822161317e+08
2.984881655935484171e+08
3.172852078038815260e+08
3.166918751345794797e+08
3.240765897484503984e+08
3.171391630487568378e+08
3.355085137516421676e+08
3.218098086964053512e+08
3.273005099869631529e+08
3.395204554889723063e+08
3.415746327490511537e+08
3.548254598883318305e+08
3.299602018490291834e+08
3.506782007442780137e+08
3.520444655312454700e+08
3.597869316764596105e+08
3.454722671267254949e+08
3.699523978229446411e+08
3.657970931555010080e+08
3.637758098831049204e+08
3.619776667852511406e+08
3.667903176916053891e+08
3.763845069754955173e+08
3.771866352905646563e+08
3.787701974190318584e+08
3.799974273970743418e+08
3.852531008490419388e+08
3.841605821180415154e+08
3.781146822663367987e+08
3.865821754768176079e+08
3.865390054498174191e+08
3.961817806147794127e+08
3.831172247284700871e+08
3.980427324511926770e+08
3.970094004358422756e+08
3.978545170895828009e+08
3.953932002279900312e+08
4.123558275428651571e+08
3.962755568616982698e+08
3.970189221864019036e+08
3.980254155660179853e+08
4.138654797074953318e+08
3.980924144515067339e+08
3.968111330004413128e+08
3.991197584130227566e+08
4.110753292768838406e+08
4.150136127654951811e+08
3.898586753339720368e+08
4.109106952656400204e+08
4.072827042873150110e+08
4.149066047366929054e+08
4.056767787578965425e+08
4.072851437921407819e+08
4.107127898114728332e+08
4.046227032490639091e+08
4.165612354075652361e+08
4.276148890215376019e+08
4.155823722834829688e+08
4.062788416408550739e+08
4.093214336113954782e+08
4.155868693891168833e+08
4.414171888159680367e+08
4.022457831479815841e+08
4.078337234642570019e+08
4.172562512788254023e+08
4.191478518866871595e+08
4.306940335738276839e+08
4.052601678897705674e+08
4.177541757115796208e+08
4.291344098722527027e+08
4.123820425623037815e+08
4.416035348001032472e+08
3.978119302668511868e+08
4.268797965983211994e+08
4.172451990868073702e+08
4.242735647222709656e+08
4.185773094591466188e+08
4.085006568728547096e+08
4.122074621633546352e+08
4.294296067910600901e+08
4.038339634178307056e+08
4.122697171327989101e+08
4.179580315362294912e+08
4.192623796335052252e+08
4.213171695122819543e+08
4.210664653993784189e+08
4.175393033127597570e+08
4.072522953077095747e+08
4.251700342029488087e+08
4.346385027967121005e+08
4.230777470681149960e+08
4.132266465912082195e+08
4.155372855105860233e+08
4.238055264342046976e+08
4.330540553270828128e+08
4.154801854198691845e+08
4.131811886079377532e+08
4.053225888939276338e+08
4.188684686499930620e+08
4.282419278497374058e+08
3.996841007513856888e+08
4.049930037717345357e+08
4.025537151952221990e+08
4.066091625728021860e+08
3.963478307256231904e+08
4.212778898164186478e+08
4.031430336860675812e+08
3.889661164388009310e+08
4.065870949878888130e+08
4.002123339902744889e+08
4.031251728204686642e+08
3.802733815454750061e+08
3.857500077760356069e+08
3.918375511784963608e+08
3.882433548994024992e+08
3.699644785528612137e+08
3.824612399742046595e+08
3.815577715656491518e+08
3.857040095150496364e+08
3.803988402896782160e+08
3.608599207807415724e+08
3.634530638229554296e+08
3.689813548682100773e+08
3.564110851509462595e+08
3.564579977599492669e+08
3.565282438105294704e+08
3.631927390087443590e+08
3.345627824106626511e+08
3.556872312571868300e+08
3.470688314622223973e+08
3.379373372089067101e+08
3.483145404509927034e+08
3.523536235964902043e+08
3.408026381075167060e+08
3.437138498044332266e+08
3.238794208570133448e+08
3.244910495983593464e+08
3.249796704226036072e+08
3.136796754192825556e+08
3.428076816030576229e+08
3.314405956922627687e+08
3.076818717170542479e+08
3.148235607380335331e+08
3.189093975247448683e+08
2.974126469036146402e+08
3.116983766699497104e+08
3.116485535384026766e+08
5.662949858209748566e+07
0.000000000000000000e+00
0.000000000000000000e+00
0.000000000000000000e+00
0.000000000000000000e+00
0.000000000000000000e+00
0.000000000000000000e+00
0.000000000000000000e+00
0.000000000000000000e+00
0.000000000000000000e+00
0.000000000000000000e+00
0.000000000000000000e+00
0.000000000000000000e+00
0.000000000000000000e+00
0.000000000000000000e+00
0.000000000000000000e+00
0.000000000000000000e+00
0.000000000000000000e+00
0.000000000000000000e+00
0.000000000000000000e+00
0.000000000000000000e+00
0.000000000000000000e+00
0.000000000000000000e+00
0.000000000000000000e+00
0.000000000000000000e+00
0.000000000000000000e+00
0.000000000000000000e+00
0.000000000000000000e+00
0.000000000000000000e+00
0.000000000000000000e+00
0.000000000000000000e+00
0.000000000000000000e+00
0.000000000000000000e+00
0.000000000000000000e+00
0.000000000000000000e+00
0.000000000000000000e+00
0.000000000000000000e+00
0.000000000000000000e+00
0.000000000000000000e+00
0.000000000000000000e+00
0.000000000000000000e+00
0.000000000000000000e+00
0.000000000000000000e+00
0.000000000000000000e+00
0.000000000000000000e+00
0.000000000000000000e+00
0.000000000000000000e+00
0.000000000000000000e+00
0.000000000000000000e+00
0.000000000000000000e+00
0.000000000000000000e+00
0.000000000000000000e+00
0.000000000000000000e+00
0.000000000000000000e+00
0.000000000000000000e+00
0.000000000000000000e+00
0.000000000000000000e+00
0.000000000000000000e+00
0.000000000000000000e+00
0.000000000000000000e+00
0.000000000000000000e+00
0.000000000000000000e+00
0.000000000000000000e+00
0.000000000000000000e+00
0.000000000000000000e+00
