0.000000000000000000e+00
0.000000000000000000e+00
2.120841278386289778e+05
0.000000000000000000e+00
0.000000000000000000e+00
3.003371283144557383e+05
1.976800061067256704e+07
2.673815407515339926e+07
5.250198320014916360e+07
1.367766280772772729e+08
5.920524436548671722e+08
6.326798799707964659e+08
2.782813868896664143e+09
6.718495768856450081e+09
1.235940101741265297e+10
1.794420443607308197e+10
2.648378856727716827e+10
3.197302554197544479e+10
3.920991231079311371e+10
4.547466073290880585e+10
4.538020579571067810e+10
4.990392463692230225e+10
5.058691487713912201e+10
4.499676461279268646e+10
3.614289470774478912e+10
3.832503304267816925e+10
3.659083928918376160e+10
4.035550016407917023e+10
4.303896151113517761e+10
4.303616160519633484e+10
4.449389841599044800e+10
4.830164945373159027e+10
5.238202357627411652e+10
5.726043156172811127e+10
6.130700235889884186e+10
6.145649935035369110e+10
6.410415220887438202e+10
6.837048735932807159e+10
7.131449711179554749e+10
7.383429049398837280e+10
7.591126760847514343e+10
8.123773957391091919e+10
8.638403405202456665e+10
