nan
nan
nan
5.695138625014806166e-04
1.150684897975924430e-03
6.116664438741281759e-04
5.315636327641819594e-04
6.114306852882288789e-04
1.023356025942543908e-03
6.939257814640101144e-04
6.616945424956535400e-04
6.629153775525376598e-04
8.198400910811458374e-04
1.116850360102139691e-03
1.707900307453963807e-03
1.731489616825692855e-03
1.153620518858475882e-03
2.298581172846289860e-03
2.889892461098241428e-03
3.722137333299586209e-03
4.031585542459484306e-03
4.745862964942432378e-03
6.041043536355652881e-03
4.799790289572536048e-03
4.393240649476983124e-03
3.749300470752029487e-03
2.720239371390412945e-03
1.822449434096254242e-03
1.908526349210675366e-03
1.917507466568287196e-03
1.986726292213469858e-03
1.831598817933115372e-03
1.793431978104912880e-03
1.721140306608336069e-03
1.942918103267894095e-03
1.950458238295108004e-03
2.020153749774862648e-03
2.032705709976959704e-03
2.174193353893843963e-03
2.140291988780399467e-03
2.148997617863405117e-03
2.032042135695188555e-03
1.667826185630767776e-03
