0.000000000000000000e+00
0.000000000000000000e+00
0.000000000000000000e+00
0.000000000000000000e+00
2.164377956454432104e+06
7.392897420716016553e+06
1.142686806485018693e+07
2.348182131163084134e+07
3.084580539840838313e+07
3.896128230406792462e+07
7.082067606624981761e+07
8.672755093896287680e+07
9.949609951752381027e+07
1.114634723581194580e+08
1.237086932619442344e+08
1.322379918252552152e+08
1.420041315624547899e+08
1.529583411323532462e+08
1.646352994065138698e+08
1.763927659475864768e+08
1.826778661900358796e+08
1.961645469894064665e+08
2.045606746325373054e+08
2.098084444246001542e+08
2.244093263200081587e+08
2.275865407347517014e+08
2.464059472302650213e+08
2.429357771960902214e+08
2.581820330636095405e+08
2.683072532177623510e+08
2.714939814871771336e+08
2.908147974519444704e+08
2.743550597296271324e+08
2.990003155157530904e+08
2.955913765898662806e+08
3.118513085256197453e+08
3.039460072017441988e+08
3.128844236838158369e+08
3.193682580825843215e+08
3.230318574864545465e+08
3.294276216023738384e+08
3.309454724139820933e+08
3.287573600388376713e+08
3.510810263860830665e+08
3.396586576650713086e+08
3.464068953219926357e+08
3.446791512739626765e+08
3.409023136745114326e+08
3.540780550257610083e+08
3.491983389029293656e+08
3.550858166245902777e+08
3.571649407677910328e+08
3.564506232627254725e+08
3.497374629067853689e+08
3.634646785780220628e+08
3.468305520304878950e+08
3.601477015579246283e+08
3.616359590013458729e+08
3.532942040343185663e+08
3.641177232018890381e+08
3.606497213524076939e+08
3.561762587231355906e+08
3.616903561664470434e+08
3.582051619560985565e+08
3.587333271853452921e+08
3.683697137545665503e+08
3.602220086856369972e+08
3.566140475451206565e+08
3.763036408376330137e+08
3.537344661483472586e+08
3.660357994349536896e+08
3.545359963585079908e+08
3.619405841634995937e+08
3.656972553463068008e+08
3.405131678354470134e+08
3.612479350899567604e+08
3.577165574417339563e+08
3.492244764832530022e+08
3.521221253236179352e+08
3.460738315532355905e+08
3.565963015325750709e+08
3.352380656762999892e+08
3.392104247588167191e+08
3.559149258464529514e+08
3.369457367872670889e+08
3.289403422501863241e+08
3.276556946292449236e+08
3.378205692956308722e+08
3.344377685717910528e+08
3.226537737179037333e+08
3.265688772477441430e+08
3.349678142451906204e+08
3.229613584082287550e+08
3.126904191369928718e+08
3.284028762309094071e+08
3.148654808106751442e+08
3.090705693031308651e+08
3.190755288810331225e+08
3.218213142215622663e+08
3.061608183731932640e+08
3.011229867059882879e+08
3.110018942565901875e+08
3.171705033908789158e+08
3.005532697545454502e+08
2.925419317204805613e+08
3.071097808871543407e+08
2.962647981045037508e+08
2.932363934150512218e+08
2.904891757548468709e+08
2.936258408729061484e+08
2.796858189627177715e+08
2.844192625102127790e+08
2.914181032568781376e+08
2.790522322946665287e+08
2.775723625505216122e+08
2.728365875813760161e+08
2.721546426728558540e+08
2.749199369159870148e+08
2.644497018856007755e+08
2.608744214885172248e+08
2.664169598733490109e+08
2.624587498980975747e+08
2.790284402422087193e+08
2.495452011427767575e+08
2.524115653958009481e+08
2.585087265981929898e+08
2.550385359227982163e+08
2.580576348346166015e+08
2.547238675705913007e+08
2.475790298655219078e+08
2.476552039736194611e+08
2.521023824547084570e+08
2.461107587323568463e+08
2.479988152607111335e+08
2.460609611743695140e+08
2.485771690982062519e+08
2.381199559282201529e+08
2.370363517449839711e+08
2.433377497296422720e+08
2.407588555813142955e+08
2.358609259996748567e+08
2.540547541645538211e+08
2.255550858173207641e+08
2.350721683111613393e+08
2.303595412958428860e+08
2.399559808526516557e+08
2.304338474287976623e+08
2.348435515470701456e+08
2.339757148303345144e+08
2.374171765128065050e+08
2.417268563601011634e+08
2.249535568704979420e+08
2.360541323847855330e+08
2.248531670191982090e+08
2.327288408422669768e+08
2.292390578427935839e+08
2.246956199235225320e+08
2.414430411191308796e+08
2.282480861908465028e+08
2.191347912348591089e+08
2.291083044529677033e+08
2.240647709181602001e+08
2.230176182866061032e+08
2.150816729163804352e+08
2.262531032176282108e+08
2.185337968735277653e+08
2.241845417489992380e+08
2.099986226778060198e+08
2.282935801166429520e+08
2.034036340936969519e+08
2.184685015449499786e+08
2.235109690933805406e+08
2.115342248418739438e+08
2.103577057819862962e+08
2.178710069411491752e+08
2.186272471300951242e+08
2.092673033079515696e+08
2.095971365392666459e+08
2.003337659806002975e+08
2.084008807427490056e+08
2.112921513701555431e+08
2.117987695835696459e+08
2.152415044590427279e+08
2.063052821497065425e+08
2.091167703171148896e+08
2.030467566365045309e+08
2.145114787161682248e+08
2.022974498872284591e+08
1.985009386077254415e+08
2.089639826529389024e+08
2.094249960734416842e+08
2.086833441288802028e+08
2.059286410214407742e+08
1.940905706821875274e+08
2.129175599868350029e+08
2.061995932109151781e+08
2.136140320795845389e+08
2.129478573118090630e+08
2.014167438672218025e+08
2.042653566503497064e+08
2.045346596008222401e+08
2.031619283437925279e+08
2.009928886009669900e+08
2.052926403737671971e+08
2.047613150897984803e+08
2.106370614694216847e+08
2.036085552346441150e+08
2.008587357997823954e+08
2.059883170818361044e+08
2.019538730505263209e+08
1.950106681424933374e+08
1.989243182762322128e+08
2.027923082560367584e+08
2.053287483195988536e+08
1.917781177187259793e+08
1.935554582731817961e+08
1.970123805126390755e+08
1.877933921000029147e+08
1.946294580857141614e+08
2.097149020700593591e+08
1.974223847258711457e+08
1.950311980186913908e+08
1.889362210276428163e+08
1.885763069623819590e+08
2.024441776056101322e+08
1.867269652319252491e+08
1.849533820426753163e+08
1.857846415919511318e+08
1.925861069589912891e+08
1.859557969369014502e+08
1.823621697558609545e+08
7.160759207161627710e+07
0.000000000000000000e+00
0.000000000000000000e+00
0.000000000000000000e+00
0.000000000000000000e+00
0.000000000000000000e+00
0.000000000000000000e+00
0.000000000000000000e+00
0.000000000000000000e+00
0.000000000000000000e+00
0.000000000000000000e+00
0.000000000000000000e+00
0.000000000000000000e+00
0.000000000000000000e+00
0.000000000000000000e+00
0.000000000000000000e+00
0.000000000000000000e+00
0.000000000000000000e+00
0.000000000000000000e+00
0.000000000000000000e+00
0.000000000000000000e+00
0.000000000000000000e+00
0.000000000000000000e+00
0.000000000000000000e+00
0.000000000000000000e+00
0.000000000000000000e+00
0.000000000000000000e+00
0.000000000000000000e+00
0.000000000000000000e+00
0.000000000000000000e+00
0.000000000000000000e+00
0.000000000000000000e+00
0.000000000000000000e+00
0.000000000000000000e+00
0.000000000000000000e+00
0.000000000000000000e+00
0.000000000000000000e+00
0.000000000000000000e+00
