0.000000000000000000e+00
0.000000000000000000e+00
0.000000000000000000e+00
0.000000000000000000e+00
0.000000000000000000e+00
2.165973844672538398e+05
0.000000000000000000e+00
2.160256337270126096e+05
6.486139044860590948e+05
0.000000000000000000e+00
2.360754564920217963e+05
2.795566146522390773e+05
2.243404946420182823e+05
6.394064006119580008e+05
2.456075000294693455e+05
3.988730899625765160e+05
6.556854013115287526e+05
0.000000000000000000e+00
3.759923943410029169e+05
7.015786117512697820e+05
6.500793620233726688e+05
1.104067977135002613e+06
4.356710245267420541e+05
2.159218611679919413e+05
4.255056381750133587e+05
1.299629236687950324e+06
1.487796532163725933e+06
6.405475395431669895e+05
1.260291685999575071e+06
1.286269711350735743e+06
2.098503043420398142e+06
2.313412876902561169e+06
3.311403123913867399e+06
4.137838692975313403e+06
2.930317847039753571e+06
2.682189313510475680e+06
4.050393560006291606e+06
3.676706585457724053e+06
5.237045054900523275e+06
3.546441628516029101e+06
5.478956077178239822e+06
6.222971531230495311e+06
4.979762430453231558e+06
7.130658603099570610e+06
9.297055323367930949e+06
9.871962256737459451e+06
1.184428342245194316e+07
1.331132408192788996e+07
1.614127067410838045e+07
2.003253826472045854e+07
2.237513361966161057e+07
2.551448178545491770e+07
2.405285747742940858e+07
2.894858770530433208e+07
2.929702648880213499e+07
3.383226149883513898e+07
3.609999677900533378e+07
3.596872502376319468e+07
4.399224791952168941e+07
4.780835463172081113e+07
5.021341169989177585e+07
5.787931448283743113e+07
5.973070658829365671e+07
6.499636514752414078e+07
7.175746252626664937e+07
8.506577954580810666e+07
8.304205218855655193e+07
9.110052973306715488e+07
9.557194974506726861e+07
1.105736431606684476e+08
1.253617318371118307e+08
1.239245477835499048e+08
1.302944120938414335e+08
1.460272969009700418e+08
1.417481739412997365e+08
1.553178461159489751e+08
1.642332167311910391e+08
1.640171534901007414e+08
1.750260369335029125e+08
1.759101761037298739e+08
1.899025862660687864e+08
1.922052801394812465e+08
1.963925629682703018e+08
2.059750543795708418e+08
2.112893659245621860e+08
2.063667579614532888e+08
2.202936927371828258e+08
2.320601599485394955e+08
2.261381551857289076e+08
2.210804224810988009e+08
2.410379854795011282e+08
2.442629089310421944e+08
2.346146394781358838e+08
2.479923071075426936e+08
2.456299275232046843e+08
2.549744071063781977e+08
2.596707593072686195e+08
2.681404432640975714e+08
2.568504174933662117e+08
2.653523907772407830e+08
2.724496873799361587e+08
2.758211179070992470e+08
2.783693717946823835e+08
2.593332730811450779e+08
2.819379178486827612e+08
2.789798504719110727e+08
2.805237228433310986e+08
2.826046398229365349e+08
2.782217855935935974e+08
2.737794071701805592e+08
2.823121164878499508e+08
2.836606122170543671e+08
2.896579509253741503e+08
2.818627076537806988e+08
2.828001693884074688e+08
2.820670149118589163e+08
2.844795156198141575e+08
3.046363258138539195e+08
2.863147928181247115e+08
2.863388398946512938e+08
2.909600996965175271e+08
2.924901838642519712e+08
2.824584618324673772e+08
2.864734373248459101e+08
2.837728850763838291e+08
2.882318904584113359e+08
2.965159624240448475e+08
2.845674150392314196e+08
2.828102435333825350e+08
2.742182924844419360e+08
2.889063173897415996e+08
2.853933043413078189e+08
2.693748781953672767e+08
2.739134847013742328e+08
2.759905119922903776e+08
2.791535259246840477e+08
2.678649510977004170e+08
2.692090620183497667e+08
2.702420597537021041e+08
2.688760424886733294e+08
2.635448169146066308e+08
2.521543698402748406e+08
2.648931362055916786e+08
2.718139601800708771e+08
2.687229387057332993e+08
2.630132748978282511e+08
2.454153328966254592e+08
2.632321032265214920e+08
2.517586925817672610e+08
2.677355182002174258e+08
2.588792916918420196e+08
2.389776056088104546e+08
2.471482103082959652e+08
2.590449217455698252e+08
2.517298434649575949e+08
2.430336442385241985e+08
2.354327499140285850e+08
2.502956597453522682e+08
2.445147118089669049e+08
2.210254170562723279e+08
2.424182046844760776e+08
2.356685676661327779e+08
2.439949950628298819e+08
2.411391606159288287e+08
2.398711360574680269e+08
2.195598851815531552e+08
2.355629808834193349e+08
2.207603959914845228e+08
2.287550503312121332e+08
2.239788811923018396e+08
2.177685578794682622e+08
2.307760753603933156e+08
2.178911969280216694e+08
2.292700564580516815e+08
2.236593889635011554e+08
2.212573881705851555e+08
2.122305523079229295e+08
2.204373244245462120e+08
2.212975481854663193e+08
2.192906149751845598e+08
2.068724293314357996e+08
2.020682887973111272e+08
2.041592487182803154e+08
2.057101893881039023e+08
2.023605529013332427e+08
2.062756165856058598e+08
2.091431580306158066e+08
2.041203557827858925e+08
1.931922861903005242e+08
1.988557408693348765e+08
1.813721383225362897e+08
1.902507204948595166e+08
2.001838637558794618e+08
1.927638269026951790e+08
1.931369005677419901e+08
1.968595186906664371e+08
1.972579760824854970e+08
1.974166177154626325e+07
0.000000000000000000e+00
0.000000000000000000e+00
0.000000000000000000e+00
0.000000000000000000e+00
0.000000000000000000e+00
0.000000000000000000e+00
0.000000000000000000e+00
0.000000000000000000e+00
0.000000000000000000e+00
0.000000000000000000e+00
0.000000000000000000e+00
0.000000000000000000e+00
0.000000000000000000e+00
0.000000000000000000e+00
0.000000000000000000e+00
0.000000000000000000e+00
0.000000000000000000e+00
0.000000000000000000e+00
0.000000000000000000e+00
0.000000000000000000e+00
0.000000000000000000e+00
0.000000000000000000e+00
0.000000000000000000e+00
0.000000000000000000e+00
0.000000000000000000e+00
0.000000000000000000e+00
0.000000000000000000e+00
0.000000000000000000e+00
0.000000000000000000e+00
0.000000000000000000e+00
0.000000000000000000e+00
0.000000000000000000e+00
0.000000000000000000e+00
0.000000000000000000e+00
0.000000000000000000e+00
0.000000000000000000e+00
0.000000000000000000e+00
0.000000000000000000e+00
0.000000000000000000e+00
0.000000000000000000e+00
0.000000000000000000e+00
0.000000000000000000e+00
0.000000000000000000e+00
0.000000000000000000e+00
0.000000000000000000e+00
0.000000000000000000e+00
0.000000000000000000e+00
0.000000000000000000e+00
0.000000000000000000e+00
0.000000000000000000e+00
0.000000000000000000e+00
0.000000000000000000e+00
0.000000000000000000e+00
0.000000000000000000e+00
0.000000000000000000e+00
0.000000000000000000e+00
0.000000000000000000e+00
0.000000000000000000e+00
0.000000000000000000e+00
0.000000000000000000e+00
0.000000000000000000e+00
0.000000000000000000e+00
0.000000000000000000e+00
0.000000000000000000e+00
0.000000000000000000e+00
0.000000000000000000e+00
0.000000000000000000e+00
0.000000000000000000e+00
0.000000000000000000e+00
0.000000000000000000e+00
0.000000000000000000e+00
