0.000000000000000000e+00
0.000000000000000000e+00
0.000000000000000000e+00
0.000000000000000000e+00
2.169448588194532203e+05
1.740285074388642330e+06
1.029838772100429167e+06
3.324611984924611636e+06
3.725422234038641676e+06
4.688303748492149636e+06
7.443923476693389937e+06
1.544248696505558304e+07
1.457308441007067077e+07
1.153625081489032693e+07
7.977098021927738562e+06
7.750668522533159703e+06
4.472439534908035770e+06
5.209716052031227387e+06
3.827809917794717476e+06
5.509361215914051048e+06
4.920048189327421598e+06
5.836281679572452791e+06
4.521227842241168953e+06
6.380469538382398896e+06
5.193230646040018648e+06
5.028630656887371093e+06
6.497928497320735827e+06
5.315499009230813943e+06
6.992914015491406433e+06
1.084038795589960925e+07
8.763689653423797339e+06
9.183079991689497605e+06
8.063721878886621445e+06
6.708400724107295275e+06
8.715154325379967690e+06
1.117450634040176310e+07
1.713380026150830835e+07
1.841592031394520402e+07
1.660424635757564753e+07
1.590713303993953392e+07
1.882238351483896002e+07
2.004142062102379277e+07
1.773889680971078202e+07
2.435809510630412772e+07
2.443815722443749011e+07
2.796022881870446354e+07
2.862069854117952660e+07
3.179521960830314457e+07
3.482161062516643107e+07
3.561267308411673456e+07
3.547139687910304219e+07
4.404495916393488646e+07
5.124567618146446347e+07
5.072772647711513937e+07
5.090364686980070174e+07
5.687331658921312541e+07
7.091763742334738374e+07
6.064229203225678205e+07
7.517270508592489362e+07
7.604395731665776670e+07
8.518001666452531517e+07
8.284108972688227892e+07
8.965442980539757013e+07
9.038211577480264008e+07
1.007512772583799362e+08
9.644970507228417695e+07
1.067378810263641626e+08
1.099181194972696155e+08
1.156784699001248181e+08
1.127323819054323435e+08
1.245498211795350313e+08
1.297378543207941353e+08
1.305749754169895947e+08
1.346904086252412200e+08
1.388022766292025745e+08
1.454632230711676478e+08
1.505222369268595278e+08
1.488114902603012025e+08
1.518395800882528424e+08
1.772133784336883724e+08
1.633547832003557980e+08
1.656845396612128019e+08
1.699435453825673163e+08
1.974202179849578142e+08
1.877996064128325284e+08
1.875287608558452427e+08
1.770988991951188445e+08
1.971445289325465560e+08
1.918664891644352674e+08
1.902373254691108465e+08
1.907317253997395337e+08
1.961133243859088421e+08
1.941571399152944386e+08
2.018604160724372268e+08
1.996708863680618405e+08
1.944471261971392035e+08
1.977940897150044143e+08
2.042256960521343648e+08
2.099746062453395724e+08
2.110695937367100716e+08
2.040912429999508858e+08
2.134563274668078721e+08
2.059447471208369434e+08
2.177022861755929589e+08
2.241430458575727344e+08
2.229695677716341019e+08
2.151166781112525463e+08
2.295036796436622143e+08
2.267005022614259720e+08
2.286182253348224759e+08
2.279243365308184922e+08
2.305480902466468811e+08
2.398477836049679816e+08
2.268593816207426488e+08
2.318504409190405607e+08
2.227011897315698862e+08
2.266408500268565416e+08
2.218762103632737696e+08
2.267873525777131319e+08
2.183994053788781166e+08
2.187079880459381044e+08
2.220203417850727737e+08
2.147488732557632327e+08
2.315044691965353489e+08
2.070043153356729746e+08
2.134846797850984037e+08
2.162930067510503531e+08
2.214803680302707553e+08
2.042972637625159621e+08
2.115606439800433815e+08
2.153398080964376032e+08
2.025609296303967237e+08
1.983476102997080088e+08
2.058697887239495814e+08
1.998164995158295929e+08
1.926734078521099091e+08
1.995688259388283491e+08
1.903518109870876074e+08
1.903600094199165106e+08
1.953960931944174170e+08
1.875724197854761779e+08
1.775891436019087434e+08
1.858336748030762076e+08
1.837673689472797811e+08
1.848310994005683064e+08
1.816824729718593657e+08
1.890169386495789886e+08
1.773739175253178477e+08
1.764911418568834066e+08
1.689751189442450404e+08
1.732428013764955103e+08
1.698177133901191354e+08
1.804110176533596516e+08
1.832231296028565764e+08
1.593667727400976419e+08
1.648480085529800355e+08
1.683529015886414945e+08
1.652901382898414731e+08
1.617171361156015396e+08
1.691824973989419937e+08
1.583227211755221486e+08
1.603661286442095935e+08
1.556606680628939867e+08
1.625345097400746644e+08
1.554924556184656620e+08
1.603051420045071244e+08
1.317898039663217068e+08
1.587973961270028539e+07
0.000000000000000000e+00
0.000000000000000000e+00
0.000000000000000000e+00
0.000000000000000000e+00
0.000000000000000000e+00
0.000000000000000000e+00
0.000000000000000000e+00
0.000000000000000000e+00
0.000000000000000000e+00
0.000000000000000000e+00
0.000000000000000000e+00
0.000000000000000000e+00
0.000000000000000000e+00
0.000000000000000000e+00
0.000000000000000000e+00
0.000000000000000000e+00
0.000000000000000000e+00
0.000000000000000000e+00
0.000000000000000000e+00
0.000000000000000000e+00
0.000000000000000000e+00
0.000000000000000000e+00
0.000000000000000000e+00
0.000000000000000000e+00
0.000000000000000000e+00
0.000000000000000000e+00
0.000000000000000000e+00
0.000000000000000000e+00
0.000000000000000000e+00
0.000000000000000000e+00
0.000000000000000000e+00
0.000000000000000000e+00
0.000000000000000000e+00
0.000000000000000000e+00
0.000000000000000000e+00
0.000000000000000000e+00
0.000000000000000000e+00
0.000000000000000000e+00
0.000000000000000000e+00
0.000000000000000000e+00
0.000000000000000000e+00
0.000000000000000000e+00
0.000000000000000000e+00
0.000000000000000000e+00
0.000000000000000000e+00
0.000000000000000000e+00
0.000000000000000000e+00
0.000000000000000000e+00
0.000000000000000000e+00
0.000000000000000000e+00
0.000000000000000000e+00
0.000000000000000000e+00
0.000000000000000000e+00
0.000000000000000000e+00
0.000000000000000000e+00
0.000000000000000000e+00
0.000000000000000000e+00
0.000000000000000000e+00
0.000000000000000000e+00
0.000000000000000000e+00
0.000000000000000000e+00
0.000000000000000000e+00
0.000000000000000000e+00
0.000000000000000000e+00
0.000000000000000000e+00
0.000000000000000000e+00
0.000000000000000000e+00
0.000000000000000000e+00
0.000000000000000000e+00
0.000000000000000000e+00
0.000000000000000000e+00
0.000000000000000000e+00
0.000000000000000000e+00
0.000000000000000000e+00
0.000000000000000000e+00
0.000000000000000000e+00
0.000000000000000000e+00
0.000000000000000000e+00
0.000000000000000000e+00
0.000000000000000000e+00
0.000000000000000000e+00
0.000000000000000000e+00
0.000000000000000000e+00
0.000000000000000000e+00
0.000000000000000000e+00
0.000000000000000000e+00
0.000000000000000000e+00
0.000000000000000000e+00
0.000000000000000000e+00
0.000000000000000000e+00
0.000000000000000000e+00
0.000000000000000000e+00
0.000000000000000000e+00
0.000000000000000000e+00
0.000000000000000000e+00
0.000000000000000000e+00
0.000000000000000000e+00
0.000000000000000000e+00
0.000000000000000000e+00
0.000000000000000000e+00
0.000000000000000000e+00
