0.000000000000000000e+00
0.000000000000000000e+00
0.000000000000000000e+00
0.000000000000000000e+00
1.775138009177303757e+05
0.000000000000000000e+00
0.000000000000000000e+00
2.134133312184319948e+05
4.257424871936914278e+05
6.614947303658184828e+05
2.451893094655682333e+06
5.086227784450698644e+06
8.889227660464284942e+06
1.470447675203830190e+07
2.163304050701755658e+07
2.741232540904760733e+07
3.457363495962800086e+07
4.868094280117131770e+07
6.804026587364941835e+07
8.503252095183685422e+07
9.586785788101051748e+07
1.136944389385457188e+08
1.376452314136199653e+08
1.496486198257522583e+08
1.708686156360595226e+08
1.853520136345090866e+08
2.089523637254168391e+08
2.132809424471301436e+08
2.305360748322372437e+08
2.436470599375337362e+08
2.525487280156794786e+08
2.688709835315188169e+08
2.597188451706752181e+08
2.852004393031189442e+08
2.828110445826550126e+08
3.019928882907888889e+08
2.914129367484673262e+08
2.984344872927820683e+08
3.059339553183748722e+08
3.116138602345747948e+08
3.135056936847928762e+08
3.168062546832408905e+08
3.113891039381687641e+08
3.300272438199560642e+08
3.123131321278223991e+08
3.263502926484762430e+08
3.190986731805076599e+08
3.110965089114553928e+08
3.203002725522869229e+08
3.145920526971944571e+08
3.161596063368538618e+08
3.094392586777256727e+08
3.098766553510714769e+08
2.976855658531867266e+08
3.026104644597930312e+08
2.843058700857573152e+08
2.941112639038123488e+08
2.782045694483488798e+08
2.607051653983094096e+08
2.692741737036238313e+08
2.582036008173746467e+08
2.483589337901047468e+08
2.424034285552520156e+08
2.290935742207535207e+08
2.228306287357591987e+08
2.128118340969440341e+08
1.961454914821158051e+08
1.879747566213629842e+08
2.012917810027686059e+08
1.754596279544516802e+08
1.697609025009931028e+08
1.522737051075097322e+08
1.580942329078608751e+08
1.508766168862403929e+08
1.263553441974230558e+08
1.248493133165421188e+08
1.165543039704956114e+08
1.048474943681626022e+08
9.672597576083923876e+07
8.867466579015788436e+07
8.743173594684955478e+07
8.285446110641407967e+07
7.756386458924780786e+07
7.027989683412238955e+07
6.792173592691400647e+07
6.710166637812247872e+07
6.078009217431306839e+07
5.371482072835119069e+07
5.756506620847061276e+07
5.838773968031963706e+07
5.198198926895485818e+07
4.863301486243996024e+07
4.621187691612252593e+07
4.102358665765886754e+07
4.480963234816752374e+07
3.745529950313711166e+07
3.293544494447139651e+07
3.761942212608379871e+07
3.289324756933579966e+07
2.713349650101980567e+07
3.102153128144513816e+07
2.601813037114490569e+07
2.212684468837917969e+07
1.873241760396756232e+07
2.031980456154765934e+07
2.274084804734238237e+07
1.674373003704647347e+07
1.887031794021876529e+07
1.534053647725978494e+07
1.445027580370465107e+07
1.405130098596254364e+07
1.389971414617308043e+07
1.481124865025801025e+07
1.097020940293355100e+07
8.902603378244472668e+06
8.662312159815225750e+06
9.806740671473987401e+06
9.356180405495695770e+06
9.057931950347939506e+06
9.980093256328947842e+06
6.174995077342561446e+06
9.250117064816847444e+06
5.239345929203421809e+06
7.810170396729836240e+06
7.755169669369748794e+06
7.886285185498099774e+06
5.100098242154461332e+06
7.495825589428675361e+06
7.831569601256016642e+06
4.873738327434826642e+06
5.938425136524400674e+06
5.256454495559703559e+06
5.457215719155372120e+06
6.070267785909974016e+06
4.920612790247493424e+06
4.689607903323222883e+06
3.725441307133798487e+06
5.455732328349306248e+06
5.448612489068236202e+06
6.083674617496967316e+06
4.299091910024942830e+06
3.515274919949525036e+06
4.113370882344922982e+06
3.969303753663112875e+06
3.149589015561006963e+06
5.929125334343744442e+06
4.711652180513584986e+06
5.028307623176485300e+06
3.636377413430166896e+06
3.259056478881087154e+06
4.269017044624691829e+06
1.094266623704503290e+06
2.544172611345502548e+06
2.879543789410170168e+06
3.490793535022871103e+06
2.707180884735486470e+06
1.847985710070235189e+06
2.490872049049372785e+06
1.392169352233881364e+06
3.383556594538435806e+06
1.368873732169156661e+06
2.177344849589739460e+06
1.776033360087613342e+06
1.516293490970896091e+06
2.048383481019935338e+06
3.468347755708768032e+06
2.588890985440714285e+06
1.206862150618841639e+06
2.505585232223782223e+06
2.049640129268105375e+06
1.951028448606576072e+06
9.597166310123866424e+05
2.354754615442974027e+06
1.234165704273157753e+06
7.916633477982534096e+05
1.528802180799900554e+06
1.545883439678761642e+06
1.797393554918626091e+06
1.380336254784527002e+06
1.472458240557298297e+06
1.387511247847464634e+06
6.389244958244941663e+05
5.701914715368635952e+05
5.101164373600259423e+05
1.129250196415122133e+06
1.035365804148702417e+06
1.035177656803642632e+06
6.371739297093681525e+05
7.931687061677400488e+05
1.160873450358614326e+06
6.365234687749128789e+05
5.254424810136413435e+05
2.112649891756994184e+06
2.125332747060504335e+05
1.385310650635949336e+06
6.362523973319645738e+05
1.952551477739341091e+06
1.320867725691189524e+06
6.365169890345081221e+05
3.795156046632955549e+05
6.363760235945284367e+05
1.343713549532844685e+06
1.272580230447746580e+06
2.172813079417100525e+05
3.466901240013875067e+05
2.279605418523651897e+05
2.123616928380598256e+05
0.000000000000000000e+00
6.365769646274662809e+05
8.496562645372252446e+05
2.177673022881500365e+05
0.000000000000000000e+00
0.000000000000000000e+00
0.000000000000000000e+00
0.000000000000000000e+00
0.000000000000000000e+00
0.000000000000000000e+00
0.000000000000000000e+00
4.242810501349659171e+05
0.000000000000000000e+00
2.121021578199260111e+05
0.000000000000000000e+00
0.000000000000000000e+00
0.000000000000000000e+00
0.000000000000000000e+00
0.000000000000000000e+00
0.000000000000000000e+00
0.000000000000000000e+00
0.000000000000000000e+00
0.000000000000000000e+00
0.000000000000000000e+00
0.000000000000000000e+00
0.000000000000000000e+00
0.000000000000000000e+00
0.000000000000000000e+00
0.000000000000000000e+00
0.000000000000000000e+00
0.000000000000000000e+00
0.000000000000000000e+00
0.000000000000000000e+00
0.000000000000000000e+00
0.000000000000000000e+00
0.000000000000000000e+00
0.000000000000000000e+00
0.000000000000000000e+00
0.000000000000000000e+00
0.000000000000000000e+00
0.000000000000000000e+00
0.000000000000000000e+00
0.000000000000000000e+00
0.000000000000000000e+00
0.000000000000000000e+00
0.000000000000000000e+00
0.000000000000000000e+00
0.000000000000000000e+00
0.000000000000000000e+00
0.000000000000000000e+00
0.000000000000000000e+00
0.000000000000000000e+00
0.000000000000000000e+00
0.000000000000000000e+00
0.000000000000000000e+00
0.000000000000000000e+00
0.000000000000000000e+00
0.000000000000000000e+00
0.000000000000000000e+00
0.000000000000000000e+00
0.000000000000000000e+00
0.000000000000000000e+00
