0.000000000000000000e+00
0.000000000000000000e+00
0.000000000000000000e+00
0.000000000000000000e+00
2.249251371642888058e+06
5.311909281402809545e+06
9.809343979716036469e+06
1.337719927819151618e+07
1.774674115719432011e+07
2.282734548719102144e+07
4.296919019575491548e+07
5.506291227511274070e+07
5.586338921659600735e+07
6.248830484098275006e+07
6.746567628867484629e+07
7.226407863963696361e+07
7.544499017457985878e+07
7.616918465537683666e+07
8.506547640034094453e+07
9.418072375461342931e+07
1.025487562933708131e+08
9.987395237106135488e+07
1.192349814873444289e+08
1.131711572368078828e+08
1.324319557735340744e+08
1.304765604703653753e+08
1.376539654266978800e+08
1.471190317215422094e+08
1.498434991168057323e+08
1.545957979904427826e+08
1.616422264756520987e+08
1.715727834981938601e+08
1.813483866890135705e+08
1.828961832202365696e+08
2.005523099467839599e+08
1.874130224268692732e+08
2.088085732844135165e+08
2.207405345647539496e+08
2.143714347187613845e+08
2.249611974032044113e+08
2.270623290244728625e+08
2.232732016854826808e+08
2.355534065695924163e+08
2.358219358680743575e+08
2.410215819130457640e+08
2.411221724428729713e+08
2.513711898611822724e+08
2.486882148342455029e+08
2.573268338923508525e+08
2.726595220223726034e+08
2.612316162871965170e+08
2.845340389257039428e+08
2.705302933693879247e+08
2.766349855153587461e+08
2.836707520851106644e+08
2.860363072672580481e+08
2.826274987927760482e+08
2.848433790937597752e+08
2.944070222113018036e+08
2.910993685774295330e+08
2.897586193433389664e+08
3.050538238192319870e+08
2.913622453524302244e+08
3.077177011722092628e+08
3.023905542009692192e+08
3.251665666665703058e+08
3.026144084318512678e+08
3.085492349913499355e+08
3.077568292504367828e+08
3.079163979007740617e+08
3.267620388411311507e+08
2.965916862938048840e+08
3.144482750706031322e+08
3.279026278648186922e+08
3.005590846583870649e+08
3.088444399442065954e+08
3.163934767542654276e+08
3.165683955089554787e+08
3.133580818617880344e+08
3.083104572413277626e+08
3.123934118699023724e+08
3.289409414327486753e+08
3.076507608530734777e+08
3.172846673672811985e+08
3.194753464795101881e+08
3.090989967394354343e+08
3.108285123747426271e+08
3.255570073207972646e+08
3.114388756808151007e+08
3.055192178827423453e+08
3.164693637504538894e+08
3.201468872322251797e+08
3.066482687269734740e+08
3.142712766508288980e+08
3.126928997446495891e+08
3.169099170797666311e+08
3.171530235865169168e+08
3.217286010112878680e+08
3.051712306639255881e+08
3.100567189298385382e+08
3.195416940612838268e+08
3.213083010017473698e+08
3.194026120911778808e+08
3.029740854892085791e+08
3.234029892948834896e+08
3.153226299986116886e+08
3.183460137872955799e+08
3.195183070202334523e+08
3.104344409382129908e+08
3.057039326164088249e+08
3.135034989041500092e+08
3.152271576692798138e+08
3.128912818051384687e+08
3.102675974183876514e+08
3.113305948942180276e+08
3.043999046998239756e+08
3.106190548697769642e+08
3.205054403033115864e+08
3.053803391954945326e+08
3.069580100172109008e+08
3.087591679420867562e+08
3.151933094672880173e+08
3.013240074853261709e+08
3.045764227829355001e+08
2.989726392181406021e+08
3.036341561066493988e+08
3.116033919099971652e+08
3.005419157019554377e+08
3.027391595165586472e+08
2.898364612937868834e+08
3.037439781112453341e+08
3.075334819245345592e+08
2.852065979371557236e+08
2.922266322982041836e+08
2.905579310230194330e+08
2.933099838061047196e+08
2.816504253135844469e+08
2.843547254079749584e+08
2.839053283590198755e+08
2.841308669493731260e+08
2.767589059774793983e+08
2.662261955283143818e+08
2.763448290885180235e+08
2.855910434568085670e+08
2.830417963521292210e+08
2.735337058935241699e+08
2.578944755722223520e+08
2.759876923588129282e+08
2.639776115423010290e+08
2.820098312304184437e+08
2.728347272188919783e+08
2.513091604253891408e+08
2.568697151619574428e+08
2.714767054008796215e+08
2.606582328872466087e+08
2.538719911452766657e+08
2.441339561491646469e+08
2.600703166108433008e+08
2.540234104029525816e+08
2.317584617431541383e+08
2.549729777986080050e+08
2.501951408242554069e+08
2.552007869715139270e+08
2.509099073173035383e+08
2.502903505583079457e+08
2.312569235425968468e+08
2.478252483194119036e+08
2.324378460489281714e+08
2.401989180848188996e+08
2.328511513444945216e+08
2.323059500902070701e+08
2.447823108571264744e+08
2.308903942979221940e+08
2.375863114843698144e+08
2.350235403048688173e+08
2.298416823562155068e+08
2.219869072295369506e+08
2.316399375991713405e+08
2.328637070366196036e+08
2.327189130233699679e+08
2.197226246493369043e+08
2.117995245838554204e+08
2.174809370413651764e+08
2.209118922668851614e+08
2.141715950828074217e+08
2.192877897738278508e+08
2.218556115103081465e+08
2.195014452248985767e+08
2.066183147612194419e+08
2.112728723670851588e+08
1.908686963353571296e+08
2.011089277023321986e+08
2.189014308517690599e+08
2.020261451252692342e+08
2.072528353823018670e+08
2.090849134125747085e+08
2.086272256532083452e+08
2.180379872954073176e+07
0.000000000000000000e+00
0.000000000000000000e+00
0.000000000000000000e+00
0.000000000000000000e+00
0.000000000000000000e+00
0.000000000000000000e+00
0.000000000000000000e+00
0.000000000000000000e+00
0.000000000000000000e+00
0.000000000000000000e+00
0.000000000000000000e+00
0.000000000000000000e+00
0.000000000000000000e+00
0.000000000000000000e+00
0.000000000000000000e+00
0.000000000000000000e+00
0.000000000000000000e+00
0.000000000000000000e+00
0.000000000000000000e+00
0.000000000000000000e+00
0.000000000000000000e+00
0.000000000000000000e+00
0.000000000000000000e+00
0.000000000000000000e+00
0.000000000000000000e+00
0.000000000000000000e+00
0.000000000000000000e+00
0.000000000000000000e+00
0.000000000000000000e+00
0.000000000000000000e+00
0.000000000000000000e+00
0.000000000000000000e+00
0.000000000000000000e+00
0.000000000000000000e+00
0.000000000000000000e+00
0.000000000000000000e+00
0.000000000000000000e+00
0.000000000000000000e+00
0.000000000000000000e+00
0.000000000000000000e+00
0.000000000000000000e+00
0.000000000000000000e+00
0.000000000000000000e+00
0.000000000000000000e+00
0.000000000000000000e+00
0.000000000000000000e+00
0.000000000000000000e+00
0.000000000000000000e+00
0.000000000000000000e+00
0.000000000000000000e+00
0.000000000000000000e+00
0.000000000000000000e+00
0.000000000000000000e+00
0.000000000000000000e+00
0.000000000000000000e+00
0.000000000000000000e+00
0.000000000000000000e+00
0.000000000000000000e+00
0.000000000000000000e+00
0.000000000000000000e+00
0.000000000000000000e+00
0.000000000000000000e+00
0.000000000000000000e+00
0.000000000000000000e+00
0.000000000000000000e+00
0.000000000000000000e+00
0.000000000000000000e+00
0.000000000000000000e+00
0.000000000000000000e+00
0.000000000000000000e+00
0.000000000000000000e+00
