0.000000000000000000e+00
0.000000000000000000e+00
2.124705068838048726e+07
6.761290071577116847e+07
1.063819259857781082e+08
1.796808871500765979e+08
5.913225490058450699e+08
9.298992108103682995e+08
1.208289254655595303e+09
1.490639847462027073e+09
2.059301073452461720e+09
2.056864046035936832e+09
3.394970243518378258e+09
4.586645452942953110e+09
5.005494954349667549e+09
5.971176672972414970e+09
5.081010699490046501e+09
8.084628564499691010e+09
6.252508567925615311e+09
7.425625638788887024e+09
8.743532533791067123e+09
5.385328314837128639e+09
4.178693735153657913e+09
1.784418984852156162e+09
9.039755170670201778e+08
9.199618257648288012e+08
1.891113289672654152e+09
1.522096128995505810e+09
1.000007517473037243e+09
9.753270457623152733e+08
6.357963769244778156e+08
4.916606257815414667e+08
4.330852396027919650e+08
3.229534382864675522e+08
2.529073226248033047e+08
2.547380867806344330e+08
1.966298511309756041e+08
1.443137351947800517e+08
1.336553357150300592e+08
1.195468526364759505e+08
1.101927926051370800e+08
1.172262694777929336e+08
1.304342378317620158e+08
