0.000000000000000000e+00
0.000000000000000000e+00
0.000000000000000000e+00
6.413847800309972372e+05
5.155708590123555041e+05
1.655280827853142284e+06
1.757919357696136087e+07
3.741777911205799878e+07
5.894049486123097688e+07
9.137877231439283490e+07
3.444027211064236164e+08
3.595890188859551549e+08
1.622860766297325850e+09
4.817505522698228836e+09
6.714992810748643875e+09
9.301164193262325287e+09
1.231986799153888893e+10
1.731380486279727936e+10
2.008929890278267288e+10
2.611870360215837097e+10
2.504341824100334549e+10
1.373193050242071724e+10
1.626167347069941139e+10
1.629383361298434258e+10
1.672607041572270203e+10
1.781550039252927017e+10
1.907805987202996445e+10
1.906615542176549911e+10
2.058957590577521515e+10
2.069949748853484726e+10
2.296779642539982986e+10
2.788324553737026215e+10
2.923851145187907410e+10
3.015862886519147110e+10
3.156058252413716507e+10
3.162170333500238419e+10
3.375986228511264801e+10
3.535085917719743347e+10
3.657041255003968048e+10
3.819871697151380920e+10
3.933521162223397064e+10
3.942037242215068054e+10
3.924490465379091644e+10
