nan
nan
nan
1.172493192522476189e-03
1.259047635054836743e-03
1.294635989324888214e-03
9.714742667306887000e-04
1.381615397106245990e-03
1.499058088078997599e-03
1.222037303094376456e-03
1.556083840103764104e-03
1.582351190989184173e-03
1.425159433743007284e-03
1.383109633244580024e-03
1.323126169330605516e-03
1.541935137161848206e-03
2.069066306343095903e-03
2.079792889587413294e-03
2.612597012586949201e-03
3.081206344252147150e-03
3.408826664558106678e-03
3.962500345744169282e-03
4.291606061291713785e-03
4.283453811140645537e-03
4.509739651282565660e-03
4.286915441809533052e-03
3.991327651534872303e-03
3.706238850044767802e-03
3.527545154078251879e-03
3.525659162784688938e-03
3.444635772546411536e-03
3.373280154286581109e-03
3.323055226378726634e-03
3.272933787702986177e-03
3.208858669622199900e-03
3.206352421002989835e-03
3.146859021699023335e-03
3.106003916202377830e-03
3.081035936082908867e-03
3.053463036003885821e-03
3.023053463674665008e-03
2.995714969955166115e-03
2.966561509556086065e-03
