nan
nan
nan
1.172493192522476189e-03
1.259047635054836743e-03
1.294635989324888214e-03
9.714742667306887000e-04
1.381098272554481896e-03
1.496594768645406835e-03
1.221528517237886139e-03
1.513838742938616866e-03
1.531038224837299360e-03
1.225388397362172678e-03
1.192146179713527094e-03
1.182065859619002438e-03
1.435570077967141152e-03
1.758145092669250332e-03
1.813628094686218790e-03
2.500303080881576337e-03
2.727767399147677449e-03
2.856754816097428328e-03
3.560751074439467631e-03
4.118154070370400217e-03
3.731671235594215350e-03
4.288852442007197452e-03
4.071510454718773458e-03
3.767744962295845827e-03
3.352841369846744444e-03
3.297198096416427242e-03
3.302089420745427887e-03
3.238750601193686723e-03
3.253101829892760845e-03
3.250580040307874102e-03
3.234859402033195448e-03
3.193609337157433080e-03
3.191690303427707504e-03
3.140391524479279640e-03
3.064956380701804907e-03
2.992948736678016381e-03
2.920290183845977803e-03
2.849582278790835279e-03
2.771240872500742997e-03
2.690751685774465767e-03
