0.000000000000000000e+00
0.000000000000000000e+00
0.000000000000000000e+00
6.383280972017749446e+05
2.537885384166259784e+06
5.206023014482802711e+06
6.259995762093250453e+07
9.560429822564923763e+07
9.594917159070762992e+07
2.770413927749541998e+08
7.341498090519412756e+08
7.571717744885927439e+08
1.334960799656923056e+09
1.299355437405544281e+09
1.307647132813396454e+09
2.043793327301687479e+09
1.463374531052885532e+09
1.650414234178663731e+09
1.425432769342563629e+09
1.876322744096943140e+09
1.822221490088403225e+09
1.041124525366592407e+09
8.662381107914395332e+08
6.889310469239103794e+08
5.425713672624654770e+08
6.332803247009278536e+08
1.427018104129054546e+09
1.530887478588306189e+09
1.244379606271927834e+09
1.235050579287678957e+09
9.582699094717526436e+08
6.762779512236332893e+08
4.329486147046545148e+08
4.225500220398253202e+08
4.124016349278306961e+08
4.111817283689730167e+08
4.270156183540503979e+08
4.209856588226264715e+08
4.065300850090842843e+08
4.001093528299961090e+08
3.738676219740507603e+08
3.414041936088407040e+08
3.243620551333756447e+08
