0.000000000000000000e+00
0.000000000000000000e+00
0.000000000000000000e+00
0.000000000000000000e+00
2.890076061703157611e+05
2.893202363747518044e+06
4.868239763414494693e+06
9.842980332881633192e+06
1.098634940698420629e+07
1.503390242978763580e+07
3.214020780569067597e+07
3.924223962720969319e+07
4.338057092552459240e+07
4.408246247834204137e+07
4.364857870161652565e+07
3.887622875485942513e+07
3.881106245463055372e+07
4.192755399931754172e+07
3.841922127843107283e+07
4.578638929411273450e+07
5.041772597653740644e+07
5.357800686772008240e+07
6.191761001519792527e+07
6.865632581103101373e+07
7.316058052592481673e+07
8.225111718983033299e+07
8.788724289362756908e+07
9.537937044408771396e+07
1.019956796745055467e+08
1.070354065483422875e+08
1.180814643038952053e+08
1.198140649035425186e+08
1.238214680939139724e+08
1.256610450144654810e+08
1.323634458719919920e+08
1.497801629978392720e+08
1.501259496263526082e+08
1.613490336134439707e+08
1.680516995393276811e+08
1.809920820740315318e+08
1.778085687506151199e+08
1.982518708986876607e+08
1.872537032603535950e+08
2.141455605496988297e+08
2.065675854055090249e+08
2.100975266099574566e+08
2.222665716786750257e+08
2.223218447347411215e+08
2.235108997090387046e+08
2.352890035946691632e+08
2.255574458520680070e+08
2.334502043465868235e+08
2.428446809642763734e+08
2.422035789717221856e+08
2.330381121717160344e+08
2.535344145136491656e+08
2.406429998745634556e+08
2.460788455134842694e+08
2.560833379214458466e+08
2.501966921418070793e+08
2.591159334071834385e+08
2.593721064969770908e+08
2.556436906850437820e+08
2.600693507633968890e+08
2.694269899601724744e+08
2.544209745024569035e+08
2.650850843328811526e+08
2.695690006485966444e+08
2.728694931745640039e+08
2.624696949947899282e+08
2.763170797176709771e+08
2.759875433040595651e+08
2.722912784373384118e+08
2.771066710475841165e+08
2.748331570064313412e+08
2.895740216594821215e+08
2.780614523131643534e+08
2.861478623537228703e+08
2.761496104815061688e+08
2.962449718465988636e+08
2.831468488394888639e+08
2.779782282475063801e+08
2.848821823836345673e+08
3.098380444362615347e+08
2.894421684960615635e+08
2.910030051387231946e+08
2.751996880679202080e+08
3.042337424231539369e+08
2.884116886924996376e+08
2.846451066085824966e+08
2.834179042696032524e+08
2.893699177118942738e+08
2.805906240422431231e+08
2.993026087726935744e+08
2.882051476233593225e+08
2.757827651526077390e+08
2.835440139859358072e+08
2.792275164500695467e+08
2.844566023596975803e+08
2.871867459384753704e+08
2.712975088569718599e+08
2.792932722477903962e+08
2.663195949969803691e+08
2.784272745062506199e+08
2.814113816109761000e+08
2.727005547090727091e+08
2.665772420066588521e+08
2.741657347021109462e+08
2.726146984526623487e+08
2.633006771932154894e+08
2.640501913080006242e+08
2.656473092330037653e+08
2.684286594093532562e+08
2.554851167024907470e+08
2.612654033115966320e+08
2.474673452878695130e+08
2.474645364585648179e+08
2.427791473843480349e+08
2.397198629117209613e+08
2.356009984736838341e+08
2.350473418627880216e+08
2.333722167401406169e+08
2.291986398472029567e+08
2.403659688250844777e+08
2.156865166372704506e+08
2.229336937250885367e+08
2.241351891446997225e+08
2.299874862003946304e+08
2.105690553780581355e+08
2.166623236587987542e+08
2.200294985301004648e+08
2.080686497449786663e+08
2.022135391348804832e+08
2.114301113020575643e+08
2.042009431122020483e+08
1.941305221226528883e+08
2.043650349460197687e+08
1.930850599918164611e+08
1.933366671511855423e+08
1.983737534824510217e+08
1.901225176151350737e+08
1.790902101519508064e+08
1.876566168760328889e+08
1.864688206638433337e+08
1.868168898120004535e+08
1.841894198268890977e+08
1.906448124966207147e+08
1.787689290934080482e+08
1.776157844052275717e+08
1.698467593791269064e+08
1.736751808310573697e+08
1.702418959039885104e+08
1.811326848281576037e+08
1.842976801518751383e+08
1.602160152269261777e+08
1.662418693316087723e+08
1.696205942987338901e+08
1.656096747784467936e+08
1.624576931912757456e+08
1.693946988252795935e+08
1.587813773037690520e+08
1.605188665566900373e+08
1.558728233573484421e+08
1.630837701994157732e+08
1.563397439730913639e+08
1.604011295353734791e+08
1.321981451590144932e+08
1.587973961270028539e+07
0.000000000000000000e+00
0.000000000000000000e+00
0.000000000000000000e+00
0.000000000000000000e+00
0.000000000000000000e+00
0.000000000000000000e+00
0.000000000000000000e+00
0.000000000000000000e+00
0.000000000000000000e+00
0.000000000000000000e+00
0.000000000000000000e+00
0.000000000000000000e+00
0.000000000000000000e+00
0.000000000000000000e+00
0.000000000000000000e+00
0.000000000000000000e+00
0.000000000000000000e+00
0.000000000000000000e+00
0.000000000000000000e+00
0.000000000000000000e+00
0.000000000000000000e+00
0.000000000000000000e+00
0.000000000000000000e+00
0.000000000000000000e+00
0.000000000000000000e+00
0.000000000000000000e+00
0.000000000000000000e+00
0.000000000000000000e+00
0.000000000000000000e+00
0.000000000000000000e+00
0.000000000000000000e+00
0.000000000000000000e+00
0.000000000000000000e+00
0.000000000000000000e+00
0.000000000000000000e+00
0.000000000000000000e+00
0.000000000000000000e+00
0.000000000000000000e+00
0.000000000000000000e+00
0.000000000000000000e+00
0.000000000000000000e+00
0.000000000000000000e+00
0.000000000000000000e+00
0.000000000000000000e+00
0.000000000000000000e+00
0.000000000000000000e+00
0.000000000000000000e+00
0.000000000000000000e+00
0.000000000000000000e+00
0.000000000000000000e+00
0.000000000000000000e+00
0.000000000000000000e+00
0.000000000000000000e+00
0.000000000000000000e+00
0.000000000000000000e+00
0.000000000000000000e+00
0.000000000000000000e+00
0.000000000000000000e+00
0.000000000000000000e+00
0.000000000000000000e+00
0.000000000000000000e+00
0.000000000000000000e+00
0.000000000000000000e+00
0.000000000000000000e+00
0.000000000000000000e+00
0.000000000000000000e+00
0.000000000000000000e+00
0.000000000000000000e+00
0.000000000000000000e+00
0.000000000000000000e+00
0.000000000000000000e+00
0.000000000000000000e+00
0.000000000000000000e+00
0.000000000000000000e+00
0.000000000000000000e+00
0.000000000000000000e+00
0.000000000000000000e+00
0.000000000000000000e+00
0.000000000000000000e+00
0.000000000000000000e+00
0.000000000000000000e+00
0.000000000000000000e+00
0.000000000000000000e+00
0.000000000000000000e+00
0.000000000000000000e+00
0.000000000000000000e+00
0.000000000000000000e+00
0.000000000000000000e+00
0.000000000000000000e+00
0.000000000000000000e+00
0.000000000000000000e+00
0.000000000000000000e+00
0.000000000000000000e+00
0.000000000000000000e+00
0.000000000000000000e+00
0.000000000000000000e+00
0.000000000000000000e+00
0.000000000000000000e+00
0.000000000000000000e+00
0.000000000000000000e+00
0.000000000000000000e+00
