0.000000000000000000e+00
0.000000000000000000e+00
0.000000000000000000e+00
0.000000000000000000e+00
9.317821385412954260e+05
3.702644917217876296e+06
4.754363907494940795e+06
7.140580957737885416e+06
1.058348570879337750e+07
1.499569892347460985e+07
3.322832296590268612e+07
3.743357758957786858e+07
4.715420552297657728e+07
4.480083163106685132e+07
4.808001809359531105e+07
4.964693229064222425e+07
5.227784777754728496e+07
6.037233977449226379e+07
6.734191835889127851e+07
7.922698204830513895e+07
7.728236414918667078e+07
8.345007045806707442e+07
8.914788245464558899e+07
9.472735470352128148e+07
9.342931482004672289e+07
1.038340899930948019e+08
1.080149710663291663e+08
1.082108251576473117e+08
1.153256685036007464e+08
1.152713945088316202e+08
1.197142788562830985e+08
1.282739400048107952e+08
1.370850301060304046e+08
1.336617291740301251e+08
1.437987362592089176e+08
1.473296810082715452e+08
1.474862594311129749e+08
1.615737750990148485e+08
1.652824491521739364e+08
1.776106526718841791e+08
1.820013726981711984e+08
1.898966409868106842e+08
1.963280143641477823e+08
1.983357496737239957e+08
1.964512649261128604e+08
1.981710559632087648e+08
2.019686320547221303e+08
1.962580264669779837e+08
1.975016776546069980e+08
2.050756211430019140e+08
1.877187762865763009e+08
1.989816552539619803e+08
2.088171082354450226e+08
1.999815132205185890e+08
2.048687807830801010e+08
2.141024018656983376e+08
2.071335133667443991e+08
2.218951615453623235e+08
2.226225354510221481e+08
2.108110009543460011e+08
2.170846121058627367e+08
2.151389768115122914e+08
2.243983467245700061e+08
2.123097960721465647e+08
2.204276988047150373e+08
2.100184826952966452e+08
2.145607745363886952e+08
2.225618537736009955e+08
2.242763979272546172e+08
2.254905691283375621e+08
2.315971970173118711e+08
2.124942854932191074e+08
2.147865161678186655e+08
2.162632103763267100e+08
2.214676304632998705e+08
2.136939468147098422e+08
2.120930800835609734e+08
2.148573326013474464e+08
2.166973209439664185e+08
2.056018527292889655e+08
2.047286039095467329e+08
2.097523708995367885e+08
2.066623946045632362e+08
2.025004548556460440e+08
2.107261884818759263e+08
1.951427017231636047e+08
2.053024064961997867e+08
2.052480849603075683e+08
1.951560045265941322e+08
1.926319872928466797e+08
1.874737767768586874e+08
1.836368328221825957e+08
1.841052864975306392e+08
1.715391321062277555e+08
1.772759067265962362e+08
1.557213615737855434e+08
1.527588483490279913e+08
1.502083334603419304e+08
1.267007183883872032e+08
1.387375810910945833e+08
1.194409697337708473e+08
1.095689704637614340e+08
1.012176906582811624e+08
9.414239715395683050e+07
8.983134159145702422e+07
8.035927839969834685e+07
6.698805174969057739e+07
6.028636800185696036e+07
5.712734987253679335e+07
4.680387807475976646e+07
4.854956808161069453e+07
3.911218674705950916e+07
3.888930592792631686e+07
3.733287447253412008e+07
2.811464798894667625e+07
2.875430788004280627e+07
3.142115325807915255e+07
2.445136026197151840e+07
2.472561511572111398e+07
2.523896213887939602e+07
2.290991641850353777e+07
2.096752617538460344e+07
2.153498948969398811e+07
1.668317041776311211e+07
1.771096903185341880e+07
1.284979293154837750e+07
1.598913065238699876e+07
8.782144306406736374e+06
0.000000000000000000e+00
0.000000000000000000e+00
0.000000000000000000e+00
0.000000000000000000e+00
0.000000000000000000e+00
0.000000000000000000e+00
0.000000000000000000e+00
0.000000000000000000e+00
0.000000000000000000e+00
0.000000000000000000e+00
0.000000000000000000e+00
0.000000000000000000e+00
0.000000000000000000e+00
0.000000000000000000e+00
0.000000000000000000e+00
0.000000000000000000e+00
0.000000000000000000e+00
0.000000000000000000e+00
0.000000000000000000e+00
0.000000000000000000e+00
0.000000000000000000e+00
0.000000000000000000e+00
0.000000000000000000e+00
0.000000000000000000e+00
0.000000000000000000e+00
0.000000000000000000e+00
0.000000000000000000e+00
0.000000000000000000e+00
0.000000000000000000e+00
0.000000000000000000e+00
0.000000000000000000e+00
0.000000000000000000e+00
0.000000000000000000e+00
0.000000000000000000e+00
0.000000000000000000e+00
0.000000000000000000e+00
0.000000000000000000e+00
0.000000000000000000e+00
0.000000000000000000e+00
0.000000000000000000e+00
0.000000000000000000e+00
0.000000000000000000e+00
0.000000000000000000e+00
0.000000000000000000e+00
0.000000000000000000e+00
0.000000000000000000e+00
0.000000000000000000e+00
0.000000000000000000e+00
0.000000000000000000e+00
0.000000000000000000e+00
0.000000000000000000e+00
0.000000000000000000e+00
0.000000000000000000e+00
0.000000000000000000e+00
0.000000000000000000e+00
0.000000000000000000e+00
0.000000000000000000e+00
0.000000000000000000e+00
0.000000000000000000e+00
0.000000000000000000e+00
0.000000000000000000e+00
0.000000000000000000e+00
0.000000000000000000e+00
0.000000000000000000e+00
0.000000000000000000e+00
0.000000000000000000e+00
0.000000000000000000e+00
0.000000000000000000e+00
0.000000000000000000e+00
0.000000000000000000e+00
0.000000000000000000e+00
0.000000000000000000e+00
0.000000000000000000e+00
0.000000000000000000e+00
0.000000000000000000e+00
0.000000000000000000e+00
0.000000000000000000e+00
0.000000000000000000e+00
0.000000000000000000e+00
0.000000000000000000e+00
0.000000000000000000e+00
0.000000000000000000e+00
0.000000000000000000e+00
0.000000000000000000e+00
0.000000000000000000e+00
0.000000000000000000e+00
0.000000000000000000e+00
0.000000000000000000e+00
0.000000000000000000e+00
0.000000000000000000e+00
0.000000000000000000e+00
0.000000000000000000e+00
0.000000000000000000e+00
0.000000000000000000e+00
0.000000000000000000e+00
0.000000000000000000e+00
0.000000000000000000e+00
0.000000000000000000e+00
0.000000000000000000e+00
0.000000000000000000e+00
0.000000000000000000e+00
0.000000000000000000e+00
0.000000000000000000e+00
0.000000000000000000e+00
0.000000000000000000e+00
0.000000000000000000e+00
0.000000000000000000e+00
0.000000000000000000e+00
0.000000000000000000e+00
0.000000000000000000e+00
0.000000000000000000e+00
0.000000000000000000e+00
0.000000000000000000e+00
0.000000000000000000e+00
0.000000000000000000e+00
0.000000000000000000e+00
0.000000000000000000e+00
0.000000000000000000e+00
0.000000000000000000e+00
0.000000000000000000e+00
0.000000000000000000e+00
0.000000000000000000e+00
0.000000000000000000e+00
0.000000000000000000e+00
0.000000000000000000e+00
0.000000000000000000e+00
0.000000000000000000e+00
0.000000000000000000e+00
0.000000000000000000e+00
0.000000000000000000e+00
0.000000000000000000e+00
0.000000000000000000e+00
0.000000000000000000e+00
0.000000000000000000e+00
0.000000000000000000e+00
0.000000000000000000e+00
0.000000000000000000e+00
0.000000000000000000e+00
0.000000000000000000e+00
0.000000000000000000e+00
0.000000000000000000e+00
