0.000000000000000000e+00
0.000000000000000000e+00
0.000000000000000000e+00
0.000000000000000000e+00
0.000000000000000000e+00
1.136977984559803503e+06
8.974002214709315449e+05
1.842713038919026032e+06
2.054128827818756923e+06
1.690134978456634562e+06
3.383832639769328292e+06
2.831433084695981350e+06
5.994096392671691254e+06
4.848806434757106006e+06
6.948307330567693338e+06
8.150615218439527787e+06
1.010489518420195393e+07
1.227527200557153672e+07
1.801766579740993306e+07
1.979924656135226786e+07
2.576466810630936548e+07
3.548167156444483995e+07
4.186448694846279919e+07
4.680323984105400741e+07
6.480314355091201514e+07
6.839651302065660059e+07
8.568039041152042150e+07
1.002893917463335395e+08
1.081168575442373455e+08
1.198902790506329834e+08
1.303286806361788213e+08
1.424266238864682615e+08
1.544595779517359138e+08
1.616247927064607143e+08
1.779827760947443247e+08
1.665943660145408809e+08
1.871969309111760855e+08
1.901720535380605161e+08
2.003042557299361825e+08
2.120906539941465855e+08
2.131407954508646429e+08
2.106221097309430242e+08
2.262106721780798435e+08
2.269176741460329294e+08
2.304364422746921778e+08
2.326030486263062954e+08
2.454317092246838212e+08
2.411296716440133452e+08
2.513089956203072071e+08
2.671419520046634376e+08
2.557062694480831623e+08
2.805982012075095177e+08
2.682734996766263247e+08
2.681268679523519874e+08
2.781757304587240219e+08
2.829267086811333895e+08
2.779495034546711445e+08
2.796294260652041435e+08
2.861206906468973160e+08
2.877928210103753805e+08
2.881154416758044362e+08
3.025206204965307713e+08
2.895012901448940039e+08
3.019088706434483528e+08
2.981293761362819076e+08
3.167588969271249771e+08
2.999020909228808880e+08
3.066749135093226433e+08
3.052637758914202452e+08
3.056852966757633686e+08
3.217756637596063614e+08
2.941502830975320935e+08
3.122711652601258159e+08
3.243673334345784187e+08
2.986021635974102616e+08
3.065379283500531912e+08
3.144612396357293129e+08
3.114166150645732880e+08
3.084117841059198380e+08
3.017562861861419678e+08
3.087381630069676638e+08
3.229103091136088371e+08
3.016569222131459117e+08
3.144664978967115879e+08
3.160423251079380512e+08
3.067609377346966863e+08
3.076563219141209126e+08
3.223358960497499704e+08
3.100010606055399179e+08
3.035094075848243833e+08
3.142189333700109720e+08
3.186904388275431395e+08
3.050005846279526949e+08
3.114901920885717869e+08
3.114003824582623243e+08
3.149726641724106073e+08
3.147447935939476490e+08
3.208702888774077296e+08
3.049589780904685855e+08
3.098446025000103712e+08
3.191108360746379495e+08
3.198131676073552966e+08
3.185452790750867128e+08
3.010605754145337343e+08
3.225496042782372236e+08
3.129798511592516899e+08
3.177094910922210217e+08
3.178128842479341626e+08
3.100029816620528698e+08
3.044188693525881767e+08
3.130793040387072563e+08
3.137395960104357004e+08
3.122549703026264906e+08
3.085462091874542236e+08
3.106942890010335445e+08
3.041835994286858439e+08
3.096062006923683882e+08
3.198629716934393644e+08
3.039306156146183610e+08
3.067459066712083220e+08
3.079529384003639221e+08
3.118823751712441444e+08
2.990727950458095670e+08
3.039332370633703470e+08
2.974623963402035832e+08
3.030404750511340499e+08
3.107219879155651331e+08
2.984536137594473958e+08
2.995724552131195664e+08
2.882018810812190771e+08
3.004473590608001947e+08
3.007165247485415339e+08
2.828052037805759311e+08
2.888154748971013427e+08
2.892201070808600187e+08
2.904960469599950910e+08
2.796688481357473731e+08
2.830358059288375378e+08
2.827134933066751361e+08
2.804384844764522910e+08
2.748072970187394023e+08
2.634594500858380497e+08
2.747207841186999083e+08
2.821427067559509277e+08
2.802465444453843236e+08
2.701204850335963368e+08
2.542528079135902226e+08
2.728416193553978205e+08
2.594105625819131732e+08
2.761251732113153934e+08
2.675800478613414764e+08
2.476405153968792856e+08
2.530193511398920119e+08
2.664822488948874176e+08
2.580495135093169510e+08
2.501012576478037834e+08
2.410196298256224394e+08
2.566065150769243538e+08
2.500601820069184005e+08
2.277243072553830743e+08
2.492187738440091014e+08
2.444134872938778102e+08
2.493206198339017928e+08
2.460610483538193107e+08
2.448293762581318617e+08
2.253307708893303871e+08
2.431411583778820038e+08
2.250828511443661451e+08
2.333106749911633730e+08
2.277244378933050632e+08
2.247718283852970600e+08
2.363136644531867504e+08
2.227992719801369309e+08
2.321866818951799572e+08
2.281210677289164662e+08
2.238667869195916951e+08
2.157283463113162220e+08
2.232557020550493002e+08
2.252102428890813589e+08
2.223081569877558947e+08
2.110870581706857085e+08
2.046784292071805000e+08
2.073825987327294052e+08
2.090956968818829656e+08
2.052451389235359430e+08
2.085530603682568669e+08
2.110772378615967333e+08
2.061199125477769077e+08
1.962056036124610305e+08
2.005370262494082451e+08
1.829366254492273033e+08
1.915949112378973365e+08
2.006329495838699341e+08
1.948709623695747256e+08
1.944609866036464572e+08
1.988731479113240838e+08
1.990009648389201164e+08
1.974166177154626325e+07
0.000000000000000000e+00
0.000000000000000000e+00
0.000000000000000000e+00
0.000000000000000000e+00
0.000000000000000000e+00
0.000000000000000000e+00
0.000000000000000000e+00
0.000000000000000000e+00
0.000000000000000000e+00
0.000000000000000000e+00
0.000000000000000000e+00
0.000000000000000000e+00
0.000000000000000000e+00
0.000000000000000000e+00
0.000000000000000000e+00
0.000000000000000000e+00
0.000000000000000000e+00
0.000000000000000000e+00
0.000000000000000000e+00
0.000000000000000000e+00
0.000000000000000000e+00
0.000000000000000000e+00
0.000000000000000000e+00
0.000000000000000000e+00
0.000000000000000000e+00
0.000000000000000000e+00
0.000000000000000000e+00
0.000000000000000000e+00
0.000000000000000000e+00
0.000000000000000000e+00
0.000000000000000000e+00
0.000000000000000000e+00
0.000000000000000000e+00
0.000000000000000000e+00
0.000000000000000000e+00
0.000000000000000000e+00
0.000000000000000000e+00
0.000000000000000000e+00
0.000000000000000000e+00
0.000000000000000000e+00
0.000000000000000000e+00
0.000000000000000000e+00
0.000000000000000000e+00
0.000000000000000000e+00
0.000000000000000000e+00
0.000000000000000000e+00
0.000000000000000000e+00
0.000000000000000000e+00
0.000000000000000000e+00
0.000000000000000000e+00
0.000000000000000000e+00
0.000000000000000000e+00
0.000000000000000000e+00
0.000000000000000000e+00
0.000000000000000000e+00
0.000000000000000000e+00
0.000000000000000000e+00
0.000000000000000000e+00
0.000000000000000000e+00
0.000000000000000000e+00
0.000000000000000000e+00
0.000000000000000000e+00
0.000000000000000000e+00
0.000000000000000000e+00
0.000000000000000000e+00
0.000000000000000000e+00
0.000000000000000000e+00
0.000000000000000000e+00
0.000000000000000000e+00
0.000000000000000000e+00
0.000000000000000000e+00
