0.000000000000000000e+00
0.000000000000000000e+00
0.000000000000000000e+00
0.000000000000000000e+00
9.649381274120828602e+05
2.895381041751885787e+06
2.786487684813281521e+06
5.919079305086594075e+06
8.172645838437158614e+06
1.222695316164796799e+07
2.098472754433427006e+07
2.369999794285070896e+07
2.302352968605180457e+07
2.087919427819751203e+07
2.716228935185337439e+07
2.689815037454134971e+07
2.994877358955528587e+07
3.015341900304132700e+07
3.681346353145919740e+07
3.840597487222938240e+07
4.067058635106526315e+07
4.240331555076307803e+07
4.253983336739093810e+07
4.356538480336400867e+07
4.683086628335040063e+07
5.190198648396684229e+07
5.630457240016345680e+07
5.563039148481942713e+07
5.380813761141320318e+07
5.670149483957478404e+07
6.207596620801132917e+07
6.031172137470666319e+07
6.120685674729710072e+07
6.246614889534500986e+07
5.741799656979992986e+07
5.956115040597185493e+07
6.239819138131040335e+07
6.200166314222578704e+07
6.711361206969642639e+07
6.647718999711516500e+07
6.628954680072791874e+07
6.392235530451938510e+07
6.577974159124045074e+07
6.581319392116015404e+07
6.819489201564246416e+07
6.911983089896060526e+07
7.644488802124454081e+07
6.573276313481152058e+07
6.353388932009457797e+07
6.558684006479056925e+07
7.171967960208055377e+07
7.338399535718223453e+07
6.310062473851983994e+07
6.967564888322354853e+07
6.130328422352320701e+07
6.692480519344731420e+07
6.914230544334831834e+07
7.627243254884979129e+07
7.498396016787590086e+07
8.134576615418171883e+07
7.739196587714907527e+07
8.480253797800195217e+07
7.879136019519865513e+07
9.413767318832838535e+07
9.149213857119731605e+07
9.309130889525537193e+07
1.043347663812702298e+08
9.611482287283870578e+07
1.060715302210356593e+08
1.014516585826605409e+08
1.045257849214090258e+08
1.106887590371867567e+08
1.120146504475862682e+08
1.163401043939318657e+08
1.199550694775621146e+08
1.272089992285823822e+08
1.242582375726000965e+08
1.280851624324623346e+08
1.261179971851350963e+08
1.308943815785347521e+08
1.299277788624585867e+08
1.314672949071677029e+08
1.370089636804418564e+08
1.382064013940438032e+08
1.394528144363136292e+08
1.350921510865606368e+08
1.346762069270764589e+08
1.300606704975376427e+08
1.362940693126872778e+08
1.457384068350800872e+08
1.359818443268997669e+08
1.483735713184971213e+08
1.507883423603156209e+08
1.480051865469656587e+08
1.474270977225634456e+08
1.531453644773260057e+08
1.590501246544960737e+08
1.609820751723179817e+08
1.732681495545000434e+08
1.688167153899175227e+08
1.799289069372588992e+08
1.859688964022095501e+08
2.018678087585272193e+08
2.038323524189416766e+08
2.102010166992711425e+08
2.080075930923028290e+08
2.187192242335698903e+08
2.288040438487461805e+08
2.276577151842998862e+08
2.233002521976753771e+08
2.271816173978812993e+08
2.250993851691344976e+08
2.193585920804172754e+08
2.262480053820312917e+08
2.162528148003057241e+08
2.124992609183683097e+08
2.168326208042714894e+08
2.097155375267335474e+08
2.156349394855888486e+08
2.099959575288004875e+08
1.943326410660125613e+08
2.202518454959943891e+08
2.076650007271196842e+08
2.194621016158601642e+08
2.167343598102001846e+08
2.176210029234389663e+08
2.133328645655458570e+08
1.418171831282549202e+08
1.482309034821568523e+06
0.000000000000000000e+00
0.000000000000000000e+00
0.000000000000000000e+00
0.000000000000000000e+00
0.000000000000000000e+00
0.000000000000000000e+00
0.000000000000000000e+00
0.000000000000000000e+00
0.000000000000000000e+00
0.000000000000000000e+00
0.000000000000000000e+00
0.000000000000000000e+00
0.000000000000000000e+00
0.000000000000000000e+00
0.000000000000000000e+00
0.000000000000000000e+00
0.000000000000000000e+00
0.000000000000000000e+00
0.000000000000000000e+00
0.000000000000000000e+00
0.000000000000000000e+00
0.000000000000000000e+00
0.000000000000000000e+00
0.000000000000000000e+00
0.000000000000000000e+00
0.000000000000000000e+00
0.000000000000000000e+00
0.000000000000000000e+00
0.000000000000000000e+00
0.000000000000000000e+00
0.000000000000000000e+00
0.000000000000000000e+00
0.000000000000000000e+00
0.000000000000000000e+00
0.000000000000000000e+00
0.000000000000000000e+00
0.000000000000000000e+00
0.000000000000000000e+00
0.000000000000000000e+00
0.000000000000000000e+00
0.000000000000000000e+00
0.000000000000000000e+00
0.000000000000000000e+00
0.000000000000000000e+00
0.000000000000000000e+00
0.000000000000000000e+00
0.000000000000000000e+00
0.000000000000000000e+00
0.000000000000000000e+00
0.000000000000000000e+00
0.000000000000000000e+00
0.000000000000000000e+00
0.000000000000000000e+00
0.000000000000000000e+00
0.000000000000000000e+00
0.000000000000000000e+00
0.000000000000000000e+00
0.000000000000000000e+00
0.000000000000000000e+00
0.000000000000000000e+00
0.000000000000000000e+00
0.000000000000000000e+00
0.000000000000000000e+00
0.000000000000000000e+00
0.000000000000000000e+00
0.000000000000000000e+00
0.000000000000000000e+00
0.000000000000000000e+00
0.000000000000000000e+00
0.000000000000000000e+00
0.000000000000000000e+00
0.000000000000000000e+00
0.000000000000000000e+00
0.000000000000000000e+00
0.000000000000000000e+00
0.000000000000000000e+00
0.000000000000000000e+00
0.000000000000000000e+00
0.000000000000000000e+00
0.000000000000000000e+00
0.000000000000000000e+00
0.000000000000000000e+00
0.000000000000000000e+00
0.000000000000000000e+00
0.000000000000000000e+00
0.000000000000000000e+00
0.000000000000000000e+00
0.000000000000000000e+00
0.000000000000000000e+00
0.000000000000000000e+00
0.000000000000000000e+00
0.000000000000000000e+00
0.000000000000000000e+00
0.000000000000000000e+00
0.000000000000000000e+00
0.000000000000000000e+00
0.000000000000000000e+00
0.000000000000000000e+00
0.000000000000000000e+00
0.000000000000000000e+00
0.000000000000000000e+00
0.000000000000000000e+00
0.000000000000000000e+00
0.000000000000000000e+00
0.000000000000000000e+00
0.000000000000000000e+00
0.000000000000000000e+00
0.000000000000000000e+00
0.000000000000000000e+00
0.000000000000000000e+00
0.000000000000000000e+00
0.000000000000000000e+00
0.000000000000000000e+00
0.000000000000000000e+00
0.000000000000000000e+00
0.000000000000000000e+00
0.000000000000000000e+00
0.000000000000000000e+00
0.000000000000000000e+00
0.000000000000000000e+00
0.000000000000000000e+00
0.000000000000000000e+00
0.000000000000000000e+00
0.000000000000000000e+00
0.000000000000000000e+00
0.000000000000000000e+00
0.000000000000000000e+00
0.000000000000000000e+00
0.000000000000000000e+00
0.000000000000000000e+00
0.000000000000000000e+00
0.000000000000000000e+00
0.000000000000000000e+00
0.000000000000000000e+00
0.000000000000000000e+00
0.000000000000000000e+00
0.000000000000000000e+00
0.000000000000000000e+00
0.000000000000000000e+00
0.000000000000000000e+00
