0.000000000000000000e+00
0.000000000000000000e+00
0.000000000000000000e+00
0.000000000000000000e+00
0.000000000000000000e+00
0.000000000000000000e+00
0.000000000000000000e+00
3.675173498220449546e+05
3.049502890003670473e+05
2.192255616490223911e+05
1.150175030060965195e+07
1.327141563018804789e+07
2.855025378915257454e+08
9.064959015289499760e+08
1.797659443895594358e+09
3.936994184592323780e+09
9.333658543218160629e+09
1.234265075854667664e+10
1.632926421763866806e+10
1.561990939665291023e+10
1.555806830679710579e+10
1.634271527688722038e+10
1.504255376012071609e+10
7.572266928527875900e+09
6.369230070461498260e+09
5.805967021313507080e+09
6.779717190188099861e+09
9.759062687823787689e+09
1.194312880235659218e+10
1.201186506395153999e+10
1.461904366705367088e+10
1.249725213540709305e+10
1.273349764263484192e+10
1.329444428811888313e+10
1.377050616660698891e+10
1.381406569476123428e+10
1.344683703263408470e+10
1.374728283822202301e+10
1.387371015377344513e+10
1.341209708121035767e+10
1.350544824223036385e+10
1.468004901025049591e+10
1.613880279205394173e+10
