0.000000000000000000e+00
0.000000000000000000e+00
0.000000000000000000e+00
0.000000000000000000e+00
1.775138009177303757e+05
0.000000000000000000e+00
0.000000000000000000e+00
2.134133312184319948e+05
9.054009462290402735e+05
6.614947303658184828e+05
2.664226685591858812e+06
5.086227784450698644e+06
8.889227660464284942e+06
1.470447675203830190e+07
2.185465857119627297e+07
2.772690650581629947e+07
3.457363495962800086e+07
4.868094280117131770e+07
6.854202021983309090e+07
8.530701646093451977e+07
9.665272946610692143e+07
1.141190787231361568e+08
1.381025144033602178e+08
1.498608519652304649e+08
1.715128124714493752e+08
1.863907916091642380e+08
2.102174073407859206e+08
2.139216823893702924e+08
2.320361853718801737e+08
2.459410200534657240e+08
2.534660579705687165e+08
2.713318965077144504e+08
2.622283492780522704e+08
2.880411220859900713e+08
2.867714138795861006e+08
3.061406645982602835e+08
2.970720608746835589e+08
3.046102348351601362e+08
3.157682282064958811e+08
3.181697216315933466e+08
3.244493330503571630e+08
3.273191512537065744e+08
3.240373036971913576e+08
3.435431004932801723e+08
3.312456454418346286e+08
3.441431401498317122e+08
3.400056971009632349e+08
3.388132670177874565e+08
3.518169991145012379e+08
3.474906792109504938e+08
3.520759649516852498e+08
3.545948854896621704e+08
3.564506232627254725e+08
3.493410814220772386e+08
3.632306304927603006e+08
3.452585338911377192e+08
3.598839256671324968e+08
3.602699912876794338e+08
3.517594531616894007e+08
3.632680590621875525e+08
3.597142919627991915e+08
3.544409560717394948e+08
3.599970305582885742e+08
3.579930422656761408e+08
3.582575384991233349e+08
3.670841088728710413e+08
3.575010966368923187e+08
3.537064404283155203e+08
3.739085712669063210e+08
3.530885835166141391e+08
3.623790730944940448e+08
3.495269831916846633e+08
3.603151821232730746e+08
3.642466885149489641e+08
3.388698933586566448e+08
3.610357972590243816e+08
3.577165574417339563e+08
3.485929673526098728e+08
3.514783980967065096e+08
3.454896903887897730e+08
3.559480078709521890e+08
3.346379603933796883e+08
3.381186744642375708e+08
3.540285861660764217e+08
3.348718353010165095e+08
3.287232878022391796e+08
3.274435513271458149e+08
3.365349043692619801e+08
3.338336947449185252e+08
3.201924046868017912e+08
3.251873441752355695e+08
3.319728146761205196e+08
3.206711090213326216e+08
3.103403780974879861e+08
3.271547796097767949e+08
3.134714441050220132e+08
3.084891265982537270e+08
3.184093096462118626e+08
3.205218824028074741e+08
3.049912826359237432e+08
3.002973481242725253e+08
3.101444697918812037e+08
3.163523731496388912e+08
3.001290661158933640e+08
2.904366668537985086e+08
3.056461022389150262e+08
2.950057618716616631e+08
2.927027898529745340e+08
2.895887220006124377e+08
2.919643449516150355e+08
2.788225011395704150e+08
2.839445004829028845e+08
2.911979823305027485e+08
2.777741125217122436e+08
2.767798959221542478e+08
2.709138738298805952e+08
2.708775822338371873e+08
2.747078409892181158e+08
2.634761997381298542e+08
2.596394831477351785e+08
2.657425143110381365e+08
2.613902232694509327e+08
2.777347296611973047e+08
2.488672886015794873e+08
2.519803908275524378e+08
2.578711412533242106e+08
2.545975273191875815e+08
2.571818067189752460e+08
2.545116546492770910e+08
2.463551764954020977e+08
2.476552039736194611e+08
2.492859408228062987e+08
2.421264029838477969e+08
2.477861749804839194e+08
2.451832999553653002e+08
2.474916457374436557e+08
2.368370465909008682e+08
2.368105337590010166e+08
2.424730341339218616e+08
2.396615710219702721e+08
2.344035587429345250e+08
2.533586505742266178e+08
2.253417144178978801e+08
2.342195673016557693e+08
2.297052856789562702e+08
2.386217970531874001e+08
2.299960150170876980e+08
2.338516147453886271e+08
2.331624801089587808e+08
2.365627737209860682e+08
2.411402204679673314e+08
2.245792556331382990e+08
2.351704204284027517e+08
2.244217932783747017e+08
2.316548423146297932e+08
2.284179873882586956e+08
2.240520962903308868e+08
2.395121770285727978e+08
2.273894071848412156e+08
2.182859534347602129e+08
2.280584114231413603e+08
2.231920557582322359e+08
2.228544462236158848e+08
2.140170839942007959e+08
2.251249333486786485e+08
2.175164570440135896e+08
2.230802880354247093e+08
2.089271894227491617e+08
2.269808459020319283e+08
2.023700549847064018e+08
2.171725030905646980e+08
2.218324592665889859e+08
2.097734758216096163e+08
2.092432976727497876e+08
2.159979170864534676e+08
2.162168273306709528e+08
2.073645352888923585e+08
2.070555274734917879e+08
1.988054934598601460e+08
2.054612357860511541e+08
2.095317520209997892e+08
2.094216117146995068e+08
2.119176735384343266e+08
2.042871652459799647e+08
2.067416368973746002e+08
1.996910308171424866e+08
2.104815139539361298e+08
1.995415575194594562e+08
1.957413180404904783e+08
2.067699621016128063e+08
2.043292642230107188e+08
2.044693194252564907e+08
2.015975629851016402e+08
1.913413296366913617e+08
2.089575925996019244e+08
2.018618042082960904e+08
2.087593333916752338e+08
2.083854815015161335e+08
1.957457873758083582e+08
2.001792120897852182e+08
1.981961714577420056e+08
1.997982217915366888e+08
1.960379639826108813e+08
2.001579268195431232e+08
1.998210824745697975e+08
2.068467186126464307e+08
1.980155388569100797e+08
1.926978547659229040e+08
2.003583085293025970e+08
1.977654107155584693e+08
1.912634655597951412e+08
1.938744769421058893e+08
1.942534023861054778e+08
2.013565572267699242e+08
1.877773627972742319e+08
1.902550417494574189e+08
1.935605448624914885e+08
1.825883352092880607e+08
1.890837427076491714e+08
2.044940747277380824e+08
1.920397969368425012e+08
1.877873651055537462e+08
1.831198089677349627e+08
1.829899471984784603e+08
1.969863290341112316e+08
1.823929553824664354e+08
1.793327647616643906e+08
1.815994421309549510e+08
1.851816942382433712e+08
1.810724668735657930e+08
1.766436765970343947e+08
6.754479449238505960e+07
0.000000000000000000e+00
0.000000000000000000e+00
0.000000000000000000e+00
0.000000000000000000e+00
0.000000000000000000e+00
0.000000000000000000e+00
0.000000000000000000e+00
0.000000000000000000e+00
0.000000000000000000e+00
0.000000000000000000e+00
0.000000000000000000e+00
0.000000000000000000e+00
0.000000000000000000e+00
0.000000000000000000e+00
0.000000000000000000e+00
0.000000000000000000e+00
0.000000000000000000e+00
0.000000000000000000e+00
0.000000000000000000e+00
0.000000000000000000e+00
0.000000000000000000e+00
0.000000000000000000e+00
0.000000000000000000e+00
0.000000000000000000e+00
0.000000000000000000e+00
0.000000000000000000e+00
0.000000000000000000e+00
0.000000000000000000e+00
0.000000000000000000e+00
0.000000000000000000e+00
0.000000000000000000e+00
0.000000000000000000e+00
0.000000000000000000e+00
0.000000000000000000e+00
0.000000000000000000e+00
0.000000000000000000e+00
0.000000000000000000e+00
