0.000000000000000000e+00
0.000000000000000000e+00
0.000000000000000000e+00
6.413847800309972372e+05
5.155708590123555041e+05
1.655280827853142284e+06
1.757919357696136087e+07
3.778529646188004315e+07
5.924544515023134649e+07
9.159799787604185939e+07
3.559044714070332050e+08
3.728604345161432028e+08
1.908363304188851833e+09
5.724001424227177620e+09
8.512652254644238472e+09
1.323815837785464668e+10
2.165352653475704575e+10
2.965645562134394836e+10
3.641856312042134094e+10
4.173861299881127930e+10
4.060148654780043793e+10
3.007464577930793762e+10
3.130422723082012177e+10
2.386610054151222229e+10
2.309530048618419647e+10
2.362146741384277725e+10
2.585777706221806335e+10
2.882521810958929062e+10
3.253270470813180542e+10
3.271136255248639297e+10
3.758684009245349884e+10
4.038049767277734375e+10
4.197200909451390839e+10
4.345307315331035614e+10
4.533108869074416351e+10
4.543576902976361084e+10
4.720669931774674225e+10
4.909814201541944122e+10
5.044412270381313324e+10
5.161081405272417450e+10
5.284065986446434021e+10
5.410042143240118408e+10
5.538370744584487915e+10
