0.000000000000000000e+00
0.000000000000000000e+00
0.000000000000000000e+00
0.000000000000000000e+00
0.000000000000000000e+00
0.000000000000000000e+00
0.000000000000000000e+00
0.000000000000000000e+00
0.000000000000000000e+00
0.000000000000000000e+00
0.000000000000000000e+00
0.000000000000000000e+00
6.129627029829319566e+06
3.212443796199168265e+07
8.447234954914729297e+07
4.324000787396998405e+08
8.745811242097131014e+08
3.269906992495207310e+09
2.139857766655962706e+09
2.509337729555723667e+09
4.817650682720098495e+09
2.352418414479618073e+09
1.132554072919889450e+09
1.153911975166246414e+09
7.420910729143395424e+08
6.510208200653595924e+08
1.106903896224113941e+09
1.820148187425497293e+09
2.016540020117352724e+09
2.049239491381467819e+09
1.248800763593871117e+09
1.479650554097590923e+09
1.623769215284427643e+09
1.665463733668283939e+09
1.532187303674802542e+09
1.521053951858181477e+09
1.743498272722288847e+09
1.589906288227609634e+09
1.398117621712561607e+09
1.373190280278774738e+09
1.448876044018685818e+09
1.494937603094840527e+09
1.634281069480192900e+09
