0.000000000000000000e+00
0.000000000000000000e+00
0.000000000000000000e+00
0.000000000000000000e+00
1.136752343143292330e+07
4.223607500522311032e+07
4.709156746824002266e+07
5.189390382986843586e+07
7.857044650228929520e+07
8.540607847664612532e+07
1.640515261158589125e+08
1.867561528080964983e+08
2.219244455922955573e+08
1.984298304131775200e+08
2.147849753643020391e+08
2.401511892633982301e+08
2.564253682554993629e+08
2.448617537939251065e+08
2.599843906523213685e+08
2.930264950045084953e+08
2.953755929861870408e+08
3.304491160784058571e+08
3.204289552712951899e+08
3.242242351376157999e+08
3.220335483643717766e+08
3.383389455990089178e+08
3.266270591891491413e+08
3.413520630818020701e+08
3.433225762410587668e+08
3.450876052542051077e+08
3.373288429832632542e+08
3.387542927865031958e+08
3.338895514266436100e+08
3.444041754834666252e+08
3.520850514681676030e+08
3.623273668522912264e+08
3.444385232264690399e+08
3.536252851130403280e+08
3.714117071297278404e+08
3.734349175584351420e+08
3.876452065533488393e+08
3.895985542101933360e+08
4.024065341022533178e+08
4.044388189721912146e+08
3.814451109097448587e+08
3.842964485411497355e+08
3.968319144950451255e+08
3.762201126524743438e+08
3.826239758152680397e+08
3.996750404163703918e+08
3.737614860298839808e+08
3.817351368368244171e+08
3.757130760191494226e+08
3.685644572681171894e+08
3.490135425576924682e+08
3.530572950745877028e+08
3.663478622545300722e+08
3.842250784006780386e+08
3.685119741409616470e+08
3.715676550904071927e+08
3.716607154019997120e+08
3.748886450938706398e+08
3.738691570508031845e+08
3.674504453487225771e+08
3.779841469011238813e+08
3.638147197432944775e+08
3.773396363855077028e+08
3.794549776077373028e+08
3.868199895761497617e+08
3.769785479950971603e+08
3.873316905725442171e+08
3.754042566619557142e+08
3.869744512239226103e+08
3.801433149390516877e+08
3.881684205908465385e+08
3.785113510494710207e+08
3.705660554967376590e+08
3.856746905825203657e+08
3.915603477181847095e+08
3.804254899352866411e+08
3.812156488780248165e+08
3.826702353866381645e+08
3.781392485786926746e+08
3.653240159021445513e+08
3.844347934373305440e+08
3.639718117719134688e+08
3.789906992961155176e+08
3.693619262698931098e+08
3.642277382516295910e+08
3.706376981731564403e+08
3.606097414300982356e+08
3.687641277469247580e+08
3.698401207566194534e+08
3.476829419648675919e+08
3.532778940648809671e+08
3.420651931848006248e+08
3.624009692564242482e+08
3.536156899507522583e+08
3.392417369230484366e+08
3.413116601733683348e+08
3.373124028732824922e+08
3.326086995105234385e+08
3.418453400416416526e+08
3.406908229472066760e+08
3.450278361287109852e+08
3.414823706406191587e+08
3.317199884067861438e+08
3.389522342384606600e+08
3.312948960834812522e+08
3.084127586920354366e+08
3.200394378626391888e+08
3.069871899530912638e+08
3.051389790547719002e+08
3.016712523179360628e+08
2.775446111901593804e+08
2.771220152248396873e+08
2.792903636664052606e+08
2.612344002268374264e+08
2.655905938060660958e+08
2.587313789408505559e+08
2.378212979714397490e+08
2.617821984685114026e+08
2.537290062230469584e+08
2.592453508306595087e+08
2.603739326950437427e+08
2.524709777349066138e+08
2.497904786112520397e+08
1.626186381578175426e+08
1.482309034821568523e+06
0.000000000000000000e+00
0.000000000000000000e+00
0.000000000000000000e+00
0.000000000000000000e+00
0.000000000000000000e+00
0.000000000000000000e+00
0.000000000000000000e+00
0.000000000000000000e+00
0.000000000000000000e+00
0.000000000000000000e+00
0.000000000000000000e+00
0.000000000000000000e+00
0.000000000000000000e+00
0.000000000000000000e+00
0.000000000000000000e+00
0.000000000000000000e+00
0.000000000000000000e+00
0.000000000000000000e+00
0.000000000000000000e+00
0.000000000000000000e+00
0.000000000000000000e+00
0.000000000000000000e+00
0.000000000000000000e+00
0.000000000000000000e+00
0.000000000000000000e+00
0.000000000000000000e+00
0.000000000000000000e+00
0.000000000000000000e+00
0.000000000000000000e+00
0.000000000000000000e+00
0.000000000000000000e+00
0.000000000000000000e+00
0.000000000000000000e+00
0.000000000000000000e+00
0.000000000000000000e+00
0.000000000000000000e+00
0.000000000000000000e+00
0.000000000000000000e+00
0.000000000000000000e+00
0.000000000000000000e+00
0.000000000000000000e+00
0.000000000000000000e+00
0.000000000000000000e+00
0.000000000000000000e+00
0.000000000000000000e+00
0.000000000000000000e+00
0.000000000000000000e+00
0.000000000000000000e+00
0.000000000000000000e+00
0.000000000000000000e+00
0.000000000000000000e+00
0.000000000000000000e+00
0.000000000000000000e+00
0.000000000000000000e+00
0.000000000000000000e+00
0.000000000000000000e+00
0.000000000000000000e+00
0.000000000000000000e+00
0.000000000000000000e+00
0.000000000000000000e+00
0.000000000000000000e+00
0.000000000000000000e+00
0.000000000000000000e+00
0.000000000000000000e+00
0.000000000000000000e+00
0.000000000000000000e+00
0.000000000000000000e+00
0.000000000000000000e+00
0.000000000000000000e+00
0.000000000000000000e+00
0.000000000000000000e+00
0.000000000000000000e+00
0.000000000000000000e+00
0.000000000000000000e+00
0.000000000000000000e+00
0.000000000000000000e+00
0.000000000000000000e+00
0.000000000000000000e+00
0.000000000000000000e+00
0.000000000000000000e+00
0.000000000000000000e+00
0.000000000000000000e+00
0.000000000000000000e+00
0.000000000000000000e+00
0.000000000000000000e+00
0.000000000000000000e+00
0.000000000000000000e+00
0.000000000000000000e+00
0.000000000000000000e+00
0.000000000000000000e+00
0.000000000000000000e+00
0.000000000000000000e+00
0.000000000000000000e+00
0.000000000000000000e+00
0.000000000000000000e+00
0.000000000000000000e+00
0.000000000000000000e+00
0.000000000000000000e+00
0.000000000000000000e+00
0.000000000000000000e+00
0.000000000000000000e+00
0.000000000000000000e+00
0.000000000000000000e+00
0.000000000000000000e+00
0.000000000000000000e+00
0.000000000000000000e+00
0.000000000000000000e+00
0.000000000000000000e+00
0.000000000000000000e+00
0.000000000000000000e+00
0.000000000000000000e+00
0.000000000000000000e+00
0.000000000000000000e+00
0.000000000000000000e+00
0.000000000000000000e+00
0.000000000000000000e+00
0.000000000000000000e+00
0.000000000000000000e+00
0.000000000000000000e+00
0.000000000000000000e+00
0.000000000000000000e+00
0.000000000000000000e+00
0.000000000000000000e+00
0.000000000000000000e+00
0.000000000000000000e+00
0.000000000000000000e+00
0.000000000000000000e+00
0.000000000000000000e+00
0.000000000000000000e+00
0.000000000000000000e+00
0.000000000000000000e+00
0.000000000000000000e+00
0.000000000000000000e+00
0.000000000000000000e+00
0.000000000000000000e+00
0.000000000000000000e+00
0.000000000000000000e+00
0.000000000000000000e+00
0.000000000000000000e+00
0.000000000000000000e+00
