0.000000000000000000e+00
0.000000000000000000e+00
0.000000000000000000e+00
0.000000000000000000e+00
7.206274735086252622e+04
1.152917289358875947e+06
3.838400991314064711e+06
6.518368347957022488e+06
7.260927172945562750e+06
1.034559868129548617e+07
2.469628432899728417e+07
2.379975266215411574e+07
2.880748651545392722e+07
3.254621166345172003e+07
3.567148067968878150e+07
3.112556023232626915e+07
3.433862291972252727e+07
3.671783794728632271e+07
3.459141136063635349e+07
4.027702807819868624e+07
4.549767778720998764e+07
4.774172518814763427e+07
5.739638217295674980e+07
6.227585627264861017e+07
6.796734987988480926e+07
7.722248653294298053e+07
8.138931439630684257e+07
9.006387143485689163e+07
9.500276565901413560e+07
9.619501859244267642e+07
1.093177746504714042e+08
1.106309849118530154e+08
1.157577462150273323e+08
1.189526442903581858e+08
1.236482915466120243e+08
1.386056566574375033e+08
1.329921493648442924e+08
1.429331132994987369e+08
1.514474531817520559e+08
1.650849490340919793e+08
1.589861852357761860e+08
1.782104502776638567e+08
1.695148064506428242e+08
1.897874654433946908e+08
1.821294281810715199e+08
1.821372977912529707e+08
1.936458731374955177e+08
1.905266251264379621e+08
1.886892890838723183e+08
1.996763305105524361e+08
1.900860489729649723e+08
1.894052451826519370e+08
1.915990047828119397e+08
1.914758524946070015e+08
1.821344653019153476e+08
1.966610979244360626e+08
1.697253624512160420e+08
1.854365534812274873e+08
1.809106328355209529e+08
1.741527348251492977e+08
1.739359167426581383e+08
1.765310167700948119e+08
1.659892608796461821e+08
1.696872349885942638e+08
1.686757127017925382e+08
1.579712694301727712e+08
1.583472033065170050e+08
1.596508811513270736e+08
1.571910232744391859e+08
1.497373130893575847e+08
1.517672585381359458e+08
1.462496889832653701e+08
1.417163030203487873e+08
1.424162624223429263e+08
1.360308803772287965e+08
1.441107985883145332e+08
1.275392153863048255e+08
1.373363720934216678e+08
1.243100303932533413e+08
1.190315934129104465e+08
1.197920656391330510e+08
1.122936885862935930e+08
1.149386370010672212e+08
1.124178264513037205e+08
1.016425620832290202e+08
1.034742442828779668e+08
9.810078887280133367e+07
1.070892134906073958e+08
9.654519952806434035e+07
9.440778113947162032e+07
9.268617886986373365e+07
9.325659332598538697e+07
8.643348412694866955e+07
9.744219270025637746e+07
8.853426125529746711e+07
8.133563895546853542e+07
8.574992427093136311e+07
7.500182039793522656e+07
7.448199611435803771e+07
7.611715220176526904e+07
6.720626585702097416e+07
6.583694478098253906e+07
6.037484787614341825e+07
6.072498833065764606e+07
5.726833575340336561e+07
4.973098693743862957e+07
5.146056389540635049e+07
4.466205505844873190e+07
4.591419619123642147e+07
3.468245185839304328e+07
3.612585477718214691e+07
3.509921898635688424e+07
2.858087580438525230e+07
2.862573508174809068e+07
2.941496239255607128e+07
2.476615555629963428e+07
2.082368643170829490e+07
2.090293702107428759e+07
1.293251033400780521e+07
1.720159309480570629e+07
1.633935381684990972e+07
1.135187495506780036e+07
1.444976659143977053e+07
8.861499628549139947e+06
8.682201301597489044e+06
9.449013939990129322e+06
7.842182393649386242e+06
8.507118170123878866e+06
6.271791615542157553e+06
5.101679678755374625e+06
4.689690433662899770e+06
5.507720114581923932e+06
3.865928835172500461e+06
5.560322578107957728e+06
4.384443596372448839e+06
1.457114270542968065e+06
4.796209007191365585e+06
2.733249004728821106e+06
2.976657731269021519e+06
2.977660288033640943e+06
2.550097829658888280e+06
1.501066550042064860e+06
1.822942072956705466e+06
2.701451716563561000e+06
1.985790411432133755e+06
2.506946855029725935e+06
1.627873847041746136e+06
1.395011568090173882e+06
1.124642548344181851e+06
8.716404348818917060e+05
4.323794545618639095e+05
4.241825138693641056e+05
7.216671747979319189e+05
1.074550549018576043e+06
8.492424868285167031e+05
1.393860778628745349e+06
1.267692710092412774e+06
3.195364886053502560e+05
7.405570756742045050e+05
2.122014263376418094e+05
4.586561282469070284e+05
1.527379124804809398e+05
2.121552944544611382e+05
5.492604593411078677e+05
8.472883546257045818e+05
9.598753086638780951e+04
4.083411926927883178e+05
0.000000000000000000e+00
0.000000000000000000e+00
0.000000000000000000e+00
0.000000000000000000e+00
0.000000000000000000e+00
0.000000000000000000e+00
0.000000000000000000e+00
0.000000000000000000e+00
0.000000000000000000e+00
0.000000000000000000e+00
0.000000000000000000e+00
0.000000000000000000e+00
0.000000000000000000e+00
0.000000000000000000e+00
0.000000000000000000e+00
0.000000000000000000e+00
0.000000000000000000e+00
0.000000000000000000e+00
0.000000000000000000e+00
0.000000000000000000e+00
0.000000000000000000e+00
0.000000000000000000e+00
0.000000000000000000e+00
0.000000000000000000e+00
0.000000000000000000e+00
0.000000000000000000e+00
0.000000000000000000e+00
0.000000000000000000e+00
0.000000000000000000e+00
0.000000000000000000e+00
0.000000000000000000e+00
0.000000000000000000e+00
0.000000000000000000e+00
0.000000000000000000e+00
0.000000000000000000e+00
0.000000000000000000e+00
0.000000000000000000e+00
0.000000000000000000e+00
0.000000000000000000e+00
0.000000000000000000e+00
0.000000000000000000e+00
0.000000000000000000e+00
0.000000000000000000e+00
0.000000000000000000e+00
0.000000000000000000e+00
0.000000000000000000e+00
0.000000000000000000e+00
0.000000000000000000e+00
0.000000000000000000e+00
0.000000000000000000e+00
0.000000000000000000e+00
0.000000000000000000e+00
0.000000000000000000e+00
0.000000000000000000e+00
0.000000000000000000e+00
0.000000000000000000e+00
0.000000000000000000e+00
0.000000000000000000e+00
0.000000000000000000e+00
0.000000000000000000e+00
0.000000000000000000e+00
0.000000000000000000e+00
0.000000000000000000e+00
0.000000000000000000e+00
0.000000000000000000e+00
0.000000000000000000e+00
0.000000000000000000e+00
0.000000000000000000e+00
0.000000000000000000e+00
0.000000000000000000e+00
0.000000000000000000e+00
0.000000000000000000e+00
0.000000000000000000e+00
0.000000000000000000e+00
0.000000000000000000e+00
0.000000000000000000e+00
0.000000000000000000e+00
0.000000000000000000e+00
0.000000000000000000e+00
0.000000000000000000e+00
0.000000000000000000e+00
0.000000000000000000e+00
0.000000000000000000e+00
0.000000000000000000e+00
0.000000000000000000e+00
0.000000000000000000e+00
0.000000000000000000e+00
0.000000000000000000e+00
0.000000000000000000e+00
0.000000000000000000e+00
0.000000000000000000e+00
0.000000000000000000e+00
0.000000000000000000e+00
0.000000000000000000e+00
0.000000000000000000e+00
0.000000000000000000e+00
0.000000000000000000e+00
0.000000000000000000e+00
0.000000000000000000e+00
0.000000000000000000e+00
0.000000000000000000e+00
0.000000000000000000e+00
