0.000000000000000000e+00
0.000000000000000000e+00
0.000000000000000000e+00
0.000000000000000000e+00
0.000000000000000000e+00
0.000000000000000000e+00
0.000000000000000000e+00
0.000000000000000000e+00
4.796584590353487874e+05
0.000000000000000000e+00
2.123335909361761878e+05
0.000000000000000000e+00
0.000000000000000000e+00
0.000000000000000000e+00
2.216180641787107743e+05
3.145810967686971999e+05
0.000000000000000000e+00
0.000000000000000000e+00
5.017543461836686474e+05
2.744955090976594365e+05
7.848715850964013953e+05
4.246397845904274145e+05
4.572829897402653005e+05
2.122321394781960407e+05
6.441968353898403002e+05
1.038777974655145081e+06
1.265043615369123872e+06
6.407399422401343472e+05
1.500110539642954944e+06
2.293960115931997076e+06
9.173299548892481253e+05
2.460912976195673458e+06
2.509504107377020177e+06
2.840682782871140633e+06
3.960369296931060962e+06
4.147776307471361943e+06
5.659124126216212288e+06
6.175747542378100567e+06
9.834272888120992109e+06
6.555861397018518299e+06
1.094363936556431651e+07
1.051289657046562247e+07
1.264819975902260467e+07
1.351585667332406528e+07
1.893251331401220709e+07
1.779284750135550275e+07
2.090702392045552656e+07
2.771675810633201152e+07
3.151672656221430749e+07
3.289862651375607401e+07
3.591635861483137310e+07
4.515562681193651259e+07
4.657396791165393591e+07
5.165551556889048219e+07
6.062016603296728432e+07
6.095266380538043380e+07
6.577266176332017779e+07
8.206542183933058381e+07
9.105428776338000596e+07
9.399388535856375098e+07
1.015106911454245001e+08
1.060820222816347480e+08
1.175936020030365884e+08
1.288994680449225903e+08
1.354269097633641362e+08
1.542722747759270072e+08
1.613556051547765434e+08
1.657316838069525957e+08
1.726167902641376853e+08
1.776289555621624887e+08
1.926181705935009420e+08
1.972532780841749609e+08
2.022209492154121995e+08
2.133700716287086010e+08
2.125145491612335443e+08
2.361864839424822927e+08
2.411622534712383747e+08
2.437454729844473004e+08
2.547524223358672559e+08
2.568150245986319184e+08
2.685162719241026044e+08
2.517834992869656384e+08
2.605548098749898076e+08
2.837486893319540024e+08
2.669500993741025031e+08
2.616216214241167009e+08
2.666634591528327465e+08
2.828200836409107447e+08
2.762686285364479423e+08
2.618046650064821243e+08
2.732053549062807560e+08
2.833397998136805296e+08
2.744592321052100658e+08
2.693167914398291111e+08
2.823451472616093159e+08
2.760161446018849015e+08
2.755536816537822485e+08
2.807898875201280713e+08
2.876286348334716558e+08
2.778577861349039078e+08
2.692758168428273797e+08
2.841263394207363129e+08
2.942255284612597227e+08
2.813966485119258165e+08
2.701168622922508717e+08
2.829052541915726066e+08
2.782620318346152306e+08
2.738324719127557874e+08
2.742481855233526230e+08
2.775140691479103565e+08
2.647712001536078751e+08
2.700447863367298245e+08
2.763867336802446842e+08
2.668039031187787056e+08
2.678772925439097881e+08
2.622515616700654030e+08
2.610708415623632073e+08
2.653516605837223828e+08
2.544182677877818942e+08
2.496593898914062381e+08
2.595675192336956263e+08
2.521401062046341300e+08
2.724953837319939137e+08
2.410571182048496604e+08
2.442252211581826806e+08
2.499848560678260624e+08
2.494974290770331621e+08
2.496859811295465827e+08
2.466800850480210781e+08
2.414814381679672599e+08
2.417167788370950818e+08
2.440294863272466063e+08
2.366691872646924257e+08
2.417159071945739388e+08
2.402626871651178002e+08
2.428020378341204226e+08
2.331116052837670743e+08
2.313548014306517243e+08
2.370244216448536217e+08
2.335778964044733047e+08
2.301044668329095840e+08
2.498433756542770863e+08
2.212283435355529785e+08
2.302502635479926765e+08
2.265556966633952260e+08
2.326926717188436389e+08
2.252843628365741074e+08
2.288233071222121716e+08
2.295261026955286264e+08
2.333037172421049774e+08
2.368712034233426452e+08
2.234849890094338059e+08
2.326262478170572519e+08
2.215422494889645278e+08
2.281640487796069384e+08
2.257108065035232306e+08
2.222041105802606642e+08
2.370213049795234203e+08
2.259972378326073587e+08
2.149023968402217925e+08
2.266895376909722090e+08
2.210147109086425006e+08
2.210784128635282516e+08
2.125007905032299161e+08
2.230765498676587343e+08
2.140481092883048058e+08
2.204913970499839783e+08
2.077203272721303403e+08
2.244752606698081493e+08
2.003204148554382920e+08
2.152214746419581175e+08
2.208727426355766058e+08
2.074187212061666548e+08
2.080091319684766531e+08
2.152062537386552095e+08
2.146880251498710513e+08
2.058186518492136002e+08
2.052581339185731411e+08
1.974251572050756216e+08
2.039887775454938710e+08
2.081442407731522918e+08
2.087826872188749909e+08
2.113474820668974519e+08
2.037770488086199164e+08
2.056123867009595037e+08
1.986556650129937828e+08
2.094463362971324921e+08
1.989043835897500813e+08
1.949481493343227506e+08
2.056090886512542367e+08
2.036927407542358041e+08
2.039438769442428350e+08
1.994849130933446586e+08
1.911287963619853258e+08
2.075722819489659965e+08
2.012255518109641373e+08
2.068067819139358997e+08
2.070646137758249640e+08
1.951092703867738247e+08
1.997996964851219058e+08
1.975597954341474771e+08
1.984545082420038581e+08
1.947653837521631718e+08
1.999406455116013885e+08
1.994743923505684435e+08
2.066187580707940459e+08
1.978031771640720367e+08
1.926978547659229040e+08
1.997217315646751225e+08
1.969157544510212541e+08
1.910456982575069964e+08
1.938744769421058893e+08
1.942534023861054778e+08
2.013565572267699242e+08
1.877773627972742319e+08
1.902550417494574189e+08
1.935605448624914885e+08
1.825883352092880607e+08
1.886594616575142145e+08
2.044940747277380824e+08
1.918276947790225744e+08
1.877873651055537462e+08
1.831198089677349627e+08
1.829899471984784603e+08
1.969863290341112316e+08
1.823929553824664354e+08
1.793327647616643906e+08
1.815994421309549510e+08
1.851816942382433712e+08
1.810724668735657930e+08
1.766436765970343947e+08
6.754479449238505960e+07
0.000000000000000000e+00
0.000000000000000000e+00
0.000000000000000000e+00
0.000000000000000000e+00
0.000000000000000000e+00
0.000000000000000000e+00
0.000000000000000000e+00
0.000000000000000000e+00
0.000000000000000000e+00
0.000000000000000000e+00
0.000000000000000000e+00
0.000000000000000000e+00
0.000000000000000000e+00
0.000000000000000000e+00
0.000000000000000000e+00
0.000000000000000000e+00
0.000000000000000000e+00
0.000000000000000000e+00
0.000000000000000000e+00
0.000000000000000000e+00
0.000000000000000000e+00
0.000000000000000000e+00
0.000000000000000000e+00
0.000000000000000000e+00
0.000000000000000000e+00
0.000000000000000000e+00
0.000000000000000000e+00
0.000000000000000000e+00
0.000000000000000000e+00
0.000000000000000000e+00
0.000000000000000000e+00
0.000000000000000000e+00
0.000000000000000000e+00
0.000000000000000000e+00
0.000000000000000000e+00
0.000000000000000000e+00
0.000000000000000000e+00
