nan
nan
nan
nan
nan
nan
nan
1.433327852282673120e-03
1.891957537736743689e-03
1.461166655644774437e-03
2.680548926411360864e-03
2.873385419370606386e-03
2.470974770323743509e-03
2.320081305772887792e-03
1.820335047825538200e-03
1.784732987934933108e-03
2.458102439634991809e-03
2.439721926624389362e-03
2.747244546469199133e-03
3.650126931807276369e-03
4.265900569123765029e-03
4.287503276518825866e-03
4.473764903215052963e-03
5.434361213323126924e-03
5.072411455621342498e-03
4.938113604556561113e-03
4.618330575204662898e-03
4.393116216608593770e-03
3.921073860546229507e-03
3.907488546647733783e-03
3.764471606230229347e-03
3.638618937798610616e-03
3.488441981638477213e-03
3.358697892653745524e-03
3.243603829724664260e-03
3.239709625612546915e-03
3.163008396368199252e-03
3.211444007027909435e-03
3.313424407461722492e-03
3.433979852777940475e-03
3.530208687040496066e-03
3.600225150004475721e-03
3.638068567614478801e-03
