nan
nan
2.374946460395221850e-04
3.675083560708003461e-04
4.459597482775384055e-04
3.822562864368776151e-04
4.404735058986245151e-04
7.584600595481307212e-04
9.819366087991038879e-04
7.854342781035590637e-04
9.347388001068623366e-04
9.635937659483635471e-04
1.456539867842009811e-03
2.041132589680382404e-03
2.369866319167836678e-03
2.537760449410446373e-03
3.730562411749727397e-03
4.970058292817849249e-03
5.997594985122066576e-03
5.695304330061384465e-03
5.572019150398400435e-03
5.790557526905668398e-03
5.661343294764711008e-03
4.616692998316030035e-03
3.892820222668215858e-03
2.962815564359714930e-03
5.109099797383121963e-03
5.081174599101585115e-03
4.320738568091130744e-03
4.293752199078309031e-03
2.669463661868549942e-03
2.253340031870672278e-03
2.263519931632750407e-03
2.330667255528814496e-03
2.330218959511779712e-03
2.345648887435232595e-03
2.380277834799440165e-03
2.392822081859850673e-03
2.564993342366506026e-03
2.730772740440849493e-03
2.843966310896541873e-03
2.928767650341780951e-03
3.056191358970658523e-03
