nan
nan
nan
nan
nan
nan
nan
nan
nan
nan
nan
nan
3.499604959153767604e-03
3.910196212927985471e-03
3.719683178690116627e-03
2.723106728337873397e-03
3.634129062918667070e-03
4.331031269442157765e-03
5.911739976909339070e-03
5.762898266697174567e-03
5.548072250476570287e-03
6.132370943772765502e-03
6.762867608182958519e-03
6.445444585121772041e-03
6.629302706849419385e-03
6.580894821655618870e-03
5.972133943852883133e-03
5.085045748969688195e-03
4.805590671555884028e-03
4.774129041121225568e-03
5.027533632419518492e-03
4.476241035979796126e-03
4.275278086045422934e-03
4.102602961048243922e-03
4.194176621599165350e-03
4.206676585898808107e-03
4.297893133511232998e-03
4.273597957878743844e-03
4.218835312388037953e-03
4.269592932900864203e-03
4.345053160528467018e-03
4.370958604398698932e-03
4.240715619149711471e-03
