0.000000000000000000e+00
0.000000000000000000e+00
0.000000000000000000e+00
0.000000000000000000e+00
0.000000000000000000e+00
9.203806000925495755e+05
8.974002214709315449e+05
1.626687405192013364e+06
1.405514923332697712e+06
1.690134978456634562e+06
3.147757183277306613e+06
2.551876470043742098e+06
5.769755898029673845e+06
4.209400034145147540e+06
6.702699830538223498e+06
7.751742128476950340e+06
9.449209782890425995e+06
1.227527200557153672e+07
1.764167340306892991e+07
1.909766794960099831e+07
2.511458874428598955e+07
3.437760358730983734e+07
4.142881592393606156e+07
4.658731797988601774e+07
6.437763791273699701e+07
6.709688378396864235e+07
8.419259387935671210e+07
9.964884420679037273e+07
1.068565658582377732e+08
1.186040093392822593e+08
1.282301775927584171e+08
1.401132110095657110e+08
1.511481748278220296e+08
1.574869540134854317e+08
1.750524582477045655e+08
1.639121767010304332e+08
1.831465373511698246e+08
1.864953469526028037e+08
1.950672106750356555e+08
2.085442123656305373e+08
2.076618393736864030e+08
2.043991381997125149e+08
2.212309097476266026e+08
2.197870155429333448e+08
2.211393869513242245e+08
2.227310863695688248e+08
2.335874258022318780e+08
2.278183475620854795e+08
2.351677249461988211e+08
2.471094137399429679e+08
2.333311358284215629e+08
2.550837194220546484e+08
2.442206421991969347e+08
2.391782802470476627e+08
2.488787039699219465e+08
2.490944471822982430e+08
2.418495066756658554e+08
2.436607010414409339e+08
2.421284427273756266e+08
2.399844663786545992e+08
2.379020299759126902e+08
2.446413060136933327e+08
2.297705835566003323e+08
2.369125054959242046e+08
2.263719136100152433e+08
2.316931173813168705e+08
2.168600387343243957e+08
2.155743837762554884e+08
2.096918261463529766e+08
1.951116535150948763e+08
1.964139319224945307e+08
1.702257353139822185e+08
1.819767531662844121e+08
1.783400365336084366e+08
1.568539896561105251e+08
1.512200822341041565e+08
1.502280229045382738e+08
1.473994615744725466e+08
1.333857471724169850e+08
1.258461100824121535e+08
1.188355767408988774e+08
1.307050289741275907e+08
1.052643592448756099e+08
1.084914435171407014e+08
1.047529591833758652e+08
1.003941797732433379e+08
8.736262917693813145e+07
9.027573610121054947e+07
8.386290541981099546e+07
8.242898510372558236e+07
7.318094789050987363e+07
7.442752989650095999e+07
7.038594514981682599e+07
6.349788498102903366e+07
6.577045493505765498e+07
5.999825706603236496e+07
5.507403428667903692e+07
5.272984561331021041e+07
4.810856059710235894e+07
4.449221172276963294e+07
4.666114869470177591e+07
4.399204970025604963e+07
4.017590728040429950e+07
4.172730233338870108e+07
4.061168642955450714e+07
3.400000068734060973e+07
3.718576824888989329e+07
3.520824442499756068e+07
3.178119606845932826e+07
3.063946218240766227e+07
3.076718755085729808e+07
3.007898379338136688e+07
2.259701937725229189e+07
2.668350153367350623e+07
2.789411961262611300e+07
2.211658451682691649e+07
2.512668507255424932e+07
1.522664587958541140e+07
1.761582279649364203e+07
2.040706677655699477e+07
1.699283870384638757e+07
1.939219130699221045e+07
1.661433321334216930e+07
1.745979973852437362e+07
1.368951126381976902e+07
1.480858459272265621e+07
1.420602549152021110e+07
1.388619872021597624e+07
1.676221167973704822e+07
1.398358859677710012e+07
1.154104167105857655e+07
1.532322040723369643e+07
1.343032558520863578e+07
1.490199019572711736e+07
1.322959508856959641e+07
1.134252103531109914e+07
1.180389703804695234e+07
1.382674391048771888e+07
1.247143355297305435e+07
1.156244198777900077e+07
1.126248010413276777e+07
1.130508024556320719e+07
9.827647913108196110e+06
1.032874657588006742e+07
1.152360573965106905e+07
7.107210135768110864e+06
8.837475016964755952e+06
9.609516128876293078e+06
7.651870000145903789e+06
8.389655011097943410e+06
8.700756169499460608e+06
8.662909788068853319e+06
5.871140831596044824e+06
7.437327149317544885e+06
6.319670044359361753e+06
7.067613409279620275e+06
5.586879911593820900e+06
6.310855331572061405e+06
5.545470197951505892e+06
6.698890199110744521e+06
6.800569159533032216e+06
8.744919627745013684e+06
5.325624771071922034e+06
4.921887737890473567e+06
4.958240200663864613e+06
5.770885707777232863e+06
7.578177494462643750e+06
4.322455152881589718e+06
4.555624659951248206e+06
3.745556701003202703e+06
7.003270505828805268e+06
5.537589092793450691e+06
4.908075052115289494e+06
2.916625437128308229e+06
4.461678765415292233e+06
2.609398749006551225e+06
3.497794003393284976e+06
2.818377630503116176e+06
3.912694703615056351e+06
3.017542012571323663e+06
4.214628839249907061e+06
2.610140409869391005e+06
3.223350014449078590e+06
3.385507493779084180e+06
2.884586022202717606e+06
2.277443782651031390e+06
1.934079830980926752e+06
1.999556764991013333e+06
3.013317422160498798e+06
1.681285380073337816e+06
1.564487126691012178e+06
1.344190743037839187e+06
4.490858279905234231e+05
2.107135466879551299e+06
1.324086035904475488e+06
2.013629220657652244e+06
1.742988756434616400e+06
0.000000000000000000e+00
0.000000000000000000e+00
0.000000000000000000e+00
0.000000000000000000e+00
0.000000000000000000e+00
0.000000000000000000e+00
0.000000000000000000e+00
0.000000000000000000e+00
0.000000000000000000e+00
0.000000000000000000e+00
0.000000000000000000e+00
0.000000000000000000e+00
0.000000000000000000e+00
0.000000000000000000e+00
0.000000000000000000e+00
0.000000000000000000e+00
0.000000000000000000e+00
0.000000000000000000e+00
0.000000000000000000e+00
0.000000000000000000e+00
0.000000000000000000e+00
0.000000000000000000e+00
0.000000000000000000e+00
0.000000000000000000e+00
0.000000000000000000e+00
0.000000000000000000e+00
0.000000000000000000e+00
0.000000000000000000e+00
0.000000000000000000e+00
0.000000000000000000e+00
0.000000000000000000e+00
0.000000000000000000e+00
0.000000000000000000e+00
0.000000000000000000e+00
0.000000000000000000e+00
0.000000000000000000e+00
0.000000000000000000e+00
0.000000000000000000e+00
0.000000000000000000e+00
0.000000000000000000e+00
0.000000000000000000e+00
0.000000000000000000e+00
0.000000000000000000e+00
0.000000000000000000e+00
0.000000000000000000e+00
0.000000000000000000e+00
0.000000000000000000e+00
0.000000000000000000e+00
0.000000000000000000e+00
0.000000000000000000e+00
0.000000000000000000e+00
0.000000000000000000e+00
0.000000000000000000e+00
0.000000000000000000e+00
0.000000000000000000e+00
0.000000000000000000e+00
0.000000000000000000e+00
0.000000000000000000e+00
0.000000000000000000e+00
0.000000000000000000e+00
0.000000000000000000e+00
0.000000000000000000e+00
0.000000000000000000e+00
0.000000000000000000e+00
0.000000000000000000e+00
0.000000000000000000e+00
0.000000000000000000e+00
0.000000000000000000e+00
0.000000000000000000e+00
0.000000000000000000e+00
0.000000000000000000e+00
0.000000000000000000e+00
