0.000000000000000000e+00
0.000000000000000000e+00
0.000000000000000000e+00
0.000000000000000000e+00
1.368160788023654837e+06
7.156916258953765966e+06
1.716139261263316497e+07
2.175977046161471307e+07
3.126898189458568767e+07
4.664569419606646895e+07
1.246876329132804573e+08
1.580182357215453386e+08
1.659298592825408578e+08
1.425539589921733141e+08
1.253720447446323782e+08
1.210904210887285471e+08
1.210029440958845019e+08
1.267372955903872252e+08
1.174815504979947060e+08
1.244097844493850321e+08
1.316471634927232116e+08
1.427865714695334435e+08
1.504925282773208022e+08
1.473735331142998338e+08
1.466113502987827063e+08
1.542849564154156446e+08
1.573714645985844731e+08
1.617351423608772159e+08
1.688411759401991367e+08
1.793666933179636300e+08
1.761554353764309287e+08
1.836009019708339274e+08
1.915167995630740821e+08
1.938355051168082356e+08
1.982847441553459764e+08
2.130710265868813992e+08
2.068511765566083193e+08
2.099497756797751188e+08
2.153251924893113971e+08
2.266278375130329132e+08
2.183476545383767188e+08
2.399791361497240067e+08
2.234773011704775691e+08
2.494430376386961937e+08
2.446869577260043025e+08
2.451997071347250044e+08
2.469153333704860210e+08
2.509666883567938507e+08
2.446411281316939592e+08
2.584666314827558994e+08
2.477312614532977343e+08
2.586585502646964788e+08
2.657795090970762968e+08
2.690223538526477814e+08
2.533869502463533878e+08
2.787050336492041945e+08
2.646516893068095446e+08
2.714755234976114035e+08
2.909941597749677300e+08
2.750068113965939879e+08
2.833915758270753622e+08
2.844421246301180124e+08
2.887577119696984887e+08
2.876119890297273397e+08
2.995609046337335110e+08
2.819911369168450236e+08
2.905845222404357195e+08
2.966762451721701622e+08
3.008274011409173012e+08
2.931668744631879926e+08
2.944578479686938524e+08
2.874120090224246979e+08
2.854610597399429083e+08
2.937529326014958620e+08
2.858060003892992735e+08
3.038020730251773596e+08
2.874594648243354559e+08
2.912008592937942743e+08
2.853962699001970887e+08
3.028295999337079525e+08
2.901158842655202150e+08
2.854137850529937148e+08
2.896831274662463665e+08
3.150597901332623959e+08
2.929511851058822870e+08
2.941723297856280208e+08
2.769436029713021517e+08
3.064992064645077586e+08
2.913584235075900555e+08
2.878674916390900016e+08
2.875691585259265900e+08
2.930598623379186392e+08
2.856976010745723248e+08
3.036185723378838301e+08
2.936702029718077183e+08
2.811242867509480715e+08
2.885512991690227985e+08
2.849727799310346842e+08
2.900274718827729225e+08
2.949081335088766813e+08
2.759186279006392956e+08
2.852104946720445156e+08
2.740308701104233265e+08
2.858175400194438696e+08
2.898606138284339309e+08
2.842162548476601243e+08
2.725256787773151398e+08
2.829744140290381908e+08
2.824583060907323956e+08
2.727313353273500204e+08
2.736111943872582912e+08
2.781661781815409660e+08
2.794042965412771702e+08
2.668873855450882316e+08
2.740098083014207482e+08
2.574686696416001916e+08
2.589798221079155207e+08
2.535154328532933593e+08
2.496015654341017306e+08
2.466317994317641854e+08
2.470471811732685566e+08
2.444541552223125398e+08
2.414445668147666156e+08
2.502658477239207625e+08
2.284368625681042671e+08
2.328710610722324252e+08
2.349777239394527972e+08
2.404071446808889508e+08
2.218244362910378575e+08
2.259435380892885029e+08
2.331403530527393818e+08
2.192641850466584861e+08
2.170614056340388954e+08
2.255591029178778529e+08
2.182867290140936375e+08
2.079865707282018661e+08
2.211013425993173718e+08
2.083934398730883002e+08
2.103550069286594391e+08
2.159683977240861654e+08
2.063953248986936212e+08
1.949031000858925879e+08
2.056227858898847699e+08
2.052266939210832417e+08
2.069313978152317703e+08
1.996438120300433040e+08
2.125068006144322753e+08
1.981538920427374840e+08
1.958419195540993810e+08
1.882585937124600410e+08
1.944194261842294633e+08
1.918787220162745714e+08
2.041633374482918382e+08
2.079016226094816923e+08
1.829485022607462406e+08
1.879347760013416708e+08
1.911591818611667752e+08
1.917080726851671934e+08
1.839930849913340211e+08
1.931479095085290372e+08
1.796933569476470947e+08
1.830200245507726669e+08
1.825112351545763016e+08
1.928504220843849182e+08
1.819734264896662831e+08
1.825047600840057135e+08
1.570292631109613776e+08
1.960183675206170231e+07
0.000000000000000000e+00
0.000000000000000000e+00
0.000000000000000000e+00
0.000000000000000000e+00
0.000000000000000000e+00
0.000000000000000000e+00
0.000000000000000000e+00
0.000000000000000000e+00
0.000000000000000000e+00
0.000000000000000000e+00
0.000000000000000000e+00
0.000000000000000000e+00
0.000000000000000000e+00
0.000000000000000000e+00
0.000000000000000000e+00
0.000000000000000000e+00
0.000000000000000000e+00
0.000000000000000000e+00
0.000000000000000000e+00
0.000000000000000000e+00
0.000000000000000000e+00
0.000000000000000000e+00
0.000000000000000000e+00
0.000000000000000000e+00
0.000000000000000000e+00
0.000000000000000000e+00
0.000000000000000000e+00
0.000000000000000000e+00
0.000000000000000000e+00
0.000000000000000000e+00
0.000000000000000000e+00
0.000000000000000000e+00
0.000000000000000000e+00
0.000000000000000000e+00
0.000000000000000000e+00
0.000000000000000000e+00
0.000000000000000000e+00
0.000000000000000000e+00
0.000000000000000000e+00
0.000000000000000000e+00
0.000000000000000000e+00
0.000000000000000000e+00
0.000000000000000000e+00
0.000000000000000000e+00
0.000000000000000000e+00
0.000000000000000000e+00
0.000000000000000000e+00
0.000000000000000000e+00
0.000000000000000000e+00
0.000000000000000000e+00
0.000000000000000000e+00
0.000000000000000000e+00
0.000000000000000000e+00
0.000000000000000000e+00
0.000000000000000000e+00
0.000000000000000000e+00
0.000000000000000000e+00
0.000000000000000000e+00
0.000000000000000000e+00
0.000000000000000000e+00
0.000000000000000000e+00
0.000000000000000000e+00
0.000000000000000000e+00
0.000000000000000000e+00
0.000000000000000000e+00
0.000000000000000000e+00
0.000000000000000000e+00
0.000000000000000000e+00
0.000000000000000000e+00
0.000000000000000000e+00
0.000000000000000000e+00
0.000000000000000000e+00
0.000000000000000000e+00
0.000000000000000000e+00
0.000000000000000000e+00
0.000000000000000000e+00
0.000000000000000000e+00
0.000000000000000000e+00
0.000000000000000000e+00
0.000000000000000000e+00
0.000000000000000000e+00
0.000000000000000000e+00
0.000000000000000000e+00
0.000000000000000000e+00
0.000000000000000000e+00
0.000000000000000000e+00
0.000000000000000000e+00
0.000000000000000000e+00
0.000000000000000000e+00
0.000000000000000000e+00
0.000000000000000000e+00
0.000000000000000000e+00
0.000000000000000000e+00
0.000000000000000000e+00
0.000000000000000000e+00
0.000000000000000000e+00
0.000000000000000000e+00
0.000000000000000000e+00
0.000000000000000000e+00
0.000000000000000000e+00
0.000000000000000000e+00
