0.000000000000000000e+00
0.000000000000000000e+00
0.000000000000000000e+00
0.000000000000000000e+00
1.896720265953378286e+06
6.598025958969761617e+06
7.540851592308223248e+06
1.305966026282447949e+07
1.875613154723053426e+07
2.722265208512257785e+07
5.421305051023696363e+07
6.113357553242857754e+07
7.017773520902836323e+07
6.568002590926435590e+07
7.524230744544868171e+07
7.654508266518357396e+07
8.222662136710257828e+07
9.052575877753359079e+07
1.041553818903504759e+08
1.176329569205345213e+08
1.179529505002519339e+08
1.258533860088301450e+08
1.316877158220365345e+08
1.382927395068852901e+08
1.402601811033971012e+08
1.557360764770616293e+08
1.643195434664926231e+08
1.638412166424667239e+08
1.691338061150139570e+08
1.719728893484064043e+08
1.817902450642944276e+08
1.885856613795174658e+08
1.982918868533274531e+08
1.961278780693751574e+08
2.012167328290088773e+08
2.068908314142434001e+08
2.098844508124234080e+08
2.235754382412405908e+08
2.323960612218703330e+08
2.440878426689993739e+08
2.482909194988991618e+08
2.538189962913300693e+08
2.621077559553882480e+08
2.641489435948840976e+08
2.646461569417552948e+08
2.672908868621693552e+08
2.784135200759667158e+08
2.619907896017895043e+08
2.610355669747015834e+08
2.706624612077924609e+08
2.594384558886568546e+08
2.723656506111441851e+08
2.719177329739648700e+08
2.696571621037421823e+08
2.661720650066033304e+08
2.810272070591456890e+08
2.762758188100926876e+08
2.981675940942121148e+08
2.976064956188980341e+08
2.921567671085277200e+08
2.944765779830118418e+08
2.999415147895142436e+08
3.031897069197686911e+08
3.064474692604749203e+08
3.119198373759123683e+08
3.031097915905519724e+08
3.188955409176589251e+08
3.186766766464397907e+08
3.303479281482902765e+08
3.269422277109981179e+08
3.361229819387208223e+08
3.231830445304058194e+08
3.268011666154049635e+08
3.326033147702585459e+08
3.414226999408619404e+08
3.409029460432922244e+08
3.363513176561610699e+08
3.429424950338097811e+08
3.428153181291015148e+08
3.364962343078237176e+08
3.346563827720053196e+08
3.412196658067045212e+08
3.436713582850050926e+08
3.407068562496898174e+08
3.501790029181895256e+08
3.302348528097242713e+08
3.399786134232761860e+08
3.353087554578452110e+08
3.314500738392813802e+08
3.383703941279267669e+08
3.234556211037584543e+08
3.320104041406797171e+08
3.348936288578462601e+08
3.195443186531934738e+08
3.247030044491596818e+08
3.088667260511115789e+08
3.118089730035240650e+08
3.111904086326599121e+08
2.999688679428871870e+08
3.075542964810121059e+08
2.993698766710296869e+08
2.955378668659709692e+08
3.030854994168083668e+08
2.979747495728985071e+08
3.000323582907282114e+08
2.883668714920011759e+08
2.857072759832604527e+08
2.890904118506031632e+08
2.847850650568366647e+08
2.701041302724351287e+08
2.757311854794920087e+08
2.642115719161939919e+08
2.582478980083435774e+08
2.635808798545654416e+08
2.443674627892524004e+08
2.412535687984111309e+08
2.482537740623506308e+08
2.341668977887050509e+08
2.403605546013100147e+08
2.352349196676799059e+08
2.172425574845161438e+08
2.412193716713789701e+08
2.291999902168137133e+08
2.361452720336232781e+08
2.344453288420536220e+08
2.304707958549873233e+08
2.293219952179328799e+08
1.505993274346616566e+08
1.482309034821568523e+06
0.000000000000000000e+00
0.000000000000000000e+00
0.000000000000000000e+00
0.000000000000000000e+00
0.000000000000000000e+00
0.000000000000000000e+00
0.000000000000000000e+00
0.000000000000000000e+00
0.000000000000000000e+00
0.000000000000000000e+00
0.000000000000000000e+00
0.000000000000000000e+00
0.000000000000000000e+00
0.000000000000000000e+00
0.000000000000000000e+00
0.000000000000000000e+00
0.000000000000000000e+00
0.000000000000000000e+00
0.000000000000000000e+00
0.000000000000000000e+00
0.000000000000000000e+00
0.000000000000000000e+00
0.000000000000000000e+00
0.000000000000000000e+00
0.000000000000000000e+00
0.000000000000000000e+00
0.000000000000000000e+00
0.000000000000000000e+00
0.000000000000000000e+00
0.000000000000000000e+00
0.000000000000000000e+00
0.000000000000000000e+00
0.000000000000000000e+00
0.000000000000000000e+00
0.000000000000000000e+00
0.000000000000000000e+00
0.000000000000000000e+00
0.000000000000000000e+00
0.000000000000000000e+00
0.000000000000000000e+00
0.000000000000000000e+00
0.000000000000000000e+00
0.000000000000000000e+00
0.000000000000000000e+00
0.000000000000000000e+00
0.000000000000000000e+00
0.000000000000000000e+00
0.000000000000000000e+00
0.000000000000000000e+00
0.000000000000000000e+00
0.000000000000000000e+00
0.000000000000000000e+00
0.000000000000000000e+00
0.000000000000000000e+00
0.000000000000000000e+00
0.000000000000000000e+00
0.000000000000000000e+00
0.000000000000000000e+00
0.000000000000000000e+00
0.000000000000000000e+00
0.000000000000000000e+00
0.000000000000000000e+00
0.000000000000000000e+00
0.000000000000000000e+00
0.000000000000000000e+00
0.000000000000000000e+00
0.000000000000000000e+00
0.000000000000000000e+00
0.000000000000000000e+00
0.000000000000000000e+00
0.000000000000000000e+00
0.000000000000000000e+00
0.000000000000000000e+00
0.000000000000000000e+00
0.000000000000000000e+00
0.000000000000000000e+00
0.000000000000000000e+00
0.000000000000000000e+00
0.000000000000000000e+00
0.000000000000000000e+00
0.000000000000000000e+00
0.000000000000000000e+00
0.000000000000000000e+00
0.000000000000000000e+00
0.000000000000000000e+00
0.000000000000000000e+00
0.000000000000000000e+00
0.000000000000000000e+00
0.000000000000000000e+00
0.000000000000000000e+00
0.000000000000000000e+00
0.000000000000000000e+00
0.000000000000000000e+00
0.000000000000000000e+00
0.000000000000000000e+00
0.000000000000000000e+00
0.000000000000000000e+00
0.000000000000000000e+00
0.000000000000000000e+00
0.000000000000000000e+00
0.000000000000000000e+00
0.000000000000000000e+00
0.000000000000000000e+00
0.000000000000000000e+00
0.000000000000000000e+00
0.000000000000000000e+00
0.000000000000000000e+00
0.000000000000000000e+00
0.000000000000000000e+00
0.000000000000000000e+00
0.000000000000000000e+00
0.000000000000000000e+00
0.000000000000000000e+00
0.000000000000000000e+00
0.000000000000000000e+00
0.000000000000000000e+00
0.000000000000000000e+00
0.000000000000000000e+00
0.000000000000000000e+00
0.000000000000000000e+00
0.000000000000000000e+00
0.000000000000000000e+00
0.000000000000000000e+00
0.000000000000000000e+00
0.000000000000000000e+00
0.000000000000000000e+00
0.000000000000000000e+00
0.000000000000000000e+00
0.000000000000000000e+00
0.000000000000000000e+00
0.000000000000000000e+00
0.000000000000000000e+00
0.000000000000000000e+00
0.000000000000000000e+00
0.000000000000000000e+00
0.000000000000000000e+00
0.000000000000000000e+00
0.000000000000000000e+00
0.000000000000000000e+00
0.000000000000000000e+00
