3.533694476641284768e+06
5.106072638796144165e+06
1.347282229602797702e+07
2.643765255278533697e+07
3.849040579644581676e+07
4.707355937851799279e+07
9.274377765881039202e+07
1.221489766230690479e+08
1.610701528502228260e+08
1.214502472077472806e+08
2.801043745646597147e+08
2.906435680942664146e+08
6.571097898051339388e+08
1.101794608217929125e+09
1.374161485081950665e+09
1.706691202984869003e+09
2.363757364801477909e+09
5.713839668243268967e+09
7.369339855722370148e+09
8.369154300922963142e+09
1.165524627790973282e+10
1.112504472704949570e+10
1.105894409588863373e+10
1.095486379708181381e+10
1.090490771776151848e+10
1.076905055796727943e+10
1.158215268580016136e+10
1.158052658559554100e+10
1.152544135451432228e+10
1.152463913633602715e+10
1.149708520863490295e+10
1.144218412785567284e+10
1.143853909331909561e+10
1.138590347301321983e+10
1.135618792713787270e+10
1.135513223679552460e+10
1.135528132358497620e+10
1.131529505635593033e+10
1.130106129753057480e+10
1.127805606691811371e+10
1.129115409974077606e+10
1.126962566297837067e+10
1.125495080394190025e+10
