0.000000000000000000e+00
0.000000000000000000e+00
0.000000000000000000e+00
0.000000000000000000e+00
1.203501873299947940e+06
6.416309625009131618e+06
9.595606999971264973e+06
1.717807108449305966e+07
2.536799376911194623e+07
4.176164408021338284e+07
1.158648478961118460e+08
1.450490367105152011e+08
1.613863205611675382e+08
1.844388940325627029e+08
2.002205173746047914e+08
2.216220787992819548e+08
2.393234650687769353e+08
2.507822965739418864e+08
2.615012454698019028e+08
2.596964235556808710e+08
2.615039265625609756e+08
2.594954621233043969e+08
2.586659218052796721e+08
2.645283021452850699e+08
2.603922688682530522e+08
2.545230886140599847e+08
2.698972832117156982e+08
2.672592396096990705e+08
2.679065171333529949e+08
2.862970061379546523e+08
2.855359482412935495e+08
2.900007948467905521e+08
2.937012086885297298e+08
3.079947750584368706e+08
3.069646538926179409e+08
3.050506004454262853e+08
3.099554823740378618e+08
3.071609337056438923e+08
3.085046297847465873e+08
3.169701862850984335e+08
3.139820517039414644e+08
2.982276993234266043e+08
3.130056633502231240e+08
2.958951133367806673e+08
3.018293610164430141e+08
2.923933764113509655e+08
3.075454602634999752e+08
2.889525313680554628e+08
3.101484538581967354e+08
2.959775519998739958e+08
3.050953571798610687e+08
2.916084482563247681e+08
2.999288975951195955e+08
3.045379951383951902e+08
3.004887005782833099e+08
2.988124557523491383e+08
2.999453270736286640e+08
3.148114262912070751e+08
2.885747099530025721e+08
3.082813198451504707e+08
2.993117417526450157e+08
3.052586357440855503e+08
2.894575923713607788e+08
3.080666894625623226e+08
3.059425994716839194e+08
2.971208444154699445e+08
3.074458798616478443e+08
3.077951618196388483e+08
2.923522585968886614e+08
3.020800251041697264e+08
3.065096334790133834e+08
2.979014652355964780e+08
3.066566246838113666e+08
3.115385687389640808e+08
2.942288223799577951e+08
3.127302676407718658e+08
2.974012716018972397e+08
3.052450457113093138e+08
3.092898424266270399e+08
3.002685259833544493e+08
3.067677910549323559e+08
3.075238401398925781e+08
3.076976259900337458e+08
2.985864656180390120e+08
3.218248025186564326e+08
3.106901854532787800e+08
3.061459398392019272e+08
3.082783973233430386e+08
3.184624801370452046e+08
3.176941771514514685e+08
3.116213128064532876e+08
3.049223689180649519e+08
3.257921406520482302e+08
3.202629961945868731e+08
3.150850825564856529e+08
3.157873150072023869e+08
3.153091420321089029e+08
3.226161046174730659e+08
3.240679361863924861e+08
3.145275430889509916e+08
3.173623263030568361e+08
3.232337037971545458e+08
3.168531375876770020e+08
3.250074205395188332e+08
3.145480995058342218e+08
3.281960757165554762e+08
3.166758780025874972e+08
3.277170849954596758e+08
3.220016465783033371e+08
3.234610269135416746e+08
3.169813297115850449e+08
3.244376871676676869e+08
3.149153105808475018e+08
3.292495478151059151e+08
3.197871706954259872e+08
3.130415854421786070e+08
3.200906668422566652e+08
3.246601250917085409e+08
3.275741434557136297e+08
3.114598565828671455e+08
3.178037856078436375e+08
3.258173741358843446e+08
3.255865533136541843e+08
3.078548957624913454e+08
3.289786496879432201e+08
3.206229419332056046e+08
3.205756764270399809e+08
3.222691659698674679e+08
3.219632548486568928e+08
3.125911489198994637e+08
3.194254808497084379e+08
3.287756629429320693e+08
3.159952527505375147e+08
3.048837847649973035e+08
3.283749625454511642e+08
3.149023669954351187e+08
3.163463173003115654e+08
3.141158422682949305e+08
3.105717218237159252e+08
3.169272947142345905e+08
3.088186018895378113e+08
3.199254354790807962e+08
3.155291805801214576e+08
2.976468291084498167e+08
3.151466149105300903e+08
3.152655487841109037e+08
3.097706487253912687e+08
3.283927725333442092e+08
3.124542322883750200e+08
3.059164357513414621e+08
3.060438201113632321e+08
3.130574524612595439e+08
3.156532568945057988e+08
3.155107518184679747e+08
3.032690956215546131e+08
2.970410658239734769e+08
3.108741784626823068e+08
2.993913074660173655e+08
3.030297399519134760e+08
3.089405585965576172e+08
3.035467843439605832e+08
2.852854195027713776e+08
2.978487378401885629e+08
2.988175840109490156e+08
3.096124864412273169e+08
2.869680917821646333e+08
3.012109362501351833e+08
3.026782102424380779e+08
2.968249401894766092e+08
2.827486353359799981e+08
2.997417234338436127e+08
3.015431451836296320e+08
2.951359250731917024e+08
2.934261380852010250e+08
3.037657380328341126e+08
2.932268634232013226e+08
2.926260091914371848e+08
2.961484507457227111e+08
2.981724440486524105e+08
2.969544342369191647e+08
2.978276348592746258e+08
2.859317430193574429e+08
2.993083955055528879e+08
2.956782273275438547e+08
2.994402920169171095e+08
2.927952035721343160e+08
2.924114054600627422e+08
2.938795379696130753e+08
2.929168559109641314e+08
2.979170059672802091e+08
2.990871239555090070e+08
2.972809707379643917e+08
2.851113981644951701e+08
2.901817870663070083e+08
2.881492303512258530e+08
2.995301875970453024e+08
2.957422922169726491e+08
2.873180833822585344e+08
3.016029505279712081e+08
2.873289305989489555e+08
2.947086658500885367e+08
2.810011966696326733e+08
2.959364060904178619e+08
2.916135928593444824e+08
2.934290586313093901e+08
2.924333627650445104e+08
2.999513617429089546e+08
2.927360489097843766e+08
2.902379029929125309e+08
2.872729809419295788e+08
2.884136615316715240e+08
2.864523461774024963e+08
2.849552363309342265e+08
2.981331981054667234e+08
2.776047354717448950e+08
2.915118962903312445e+08
2.883130195784034729e+08
2.781603688110384345e+08
2.836276012002860308e+08
2.851693885667079687e+08
2.842342300551173687e+08
2.790319950360845327e+08
2.749377251573739052e+08
2.873877318391253352e+08
2.858811570538085699e+08
2.809096198317426443e+08
2.805802691752948165e+08
2.816495151172987223e+08
2.796219850850148201e+08
2.761864051209357977e+08
2.762793488800975680e+08
2.738570270893529654e+08
2.870314810584896803e+08
2.792154537777664661e+08
2.790238949668202400e+08
2.737618247883502245e+08
2.798102018144163489e+08
2.778006068193439245e+08
2.714647392684189081e+08
2.627171161313288808e+08
2.711105093240088820e+08
2.797670121616778374e+08
2.683964512517636120e+08
2.800373928836416006e+08
2.744817477178885341e+08
2.757742384428664446e+08
2.722899548847343922e+08
2.659345743900045753e+08
2.656151643530496657e+08
2.723679076677569151e+08
1.957387692504907250e+08
0.000000000000000000e+00
0.000000000000000000e+00
0.000000000000000000e+00
0.000000000000000000e+00
0.000000000000000000e+00
0.000000000000000000e+00
0.000000000000000000e+00
0.000000000000000000e+00
0.000000000000000000e+00
0.000000000000000000e+00
0.000000000000000000e+00
0.000000000000000000e+00
0.000000000000000000e+00
0.000000000000000000e+00
0.000000000000000000e+00
0.000000000000000000e+00
0.000000000000000000e+00
0.000000000000000000e+00
