nan
nan
1.038678339682519436e-03
1.174908247776329517e-03
1.048399135470390320e-03
1.125222924747504207e-03
1.219822652217903347e-03
1.432893245985100315e-03
1.782427859751739259e-03
1.680593507687027375e-03
1.964928198089375532e-03
1.931100593681974505e-03
1.748510816596969726e-03
1.483842985427115966e-03
2.120783406672420348e-03
1.909189544415179109e-03
2.339615166192161779e-03
2.389070331178958905e-03
2.862032382108923093e-03
2.960800381118388128e-03
3.418533872260774101e-03
4.330496113831673773e-03
4.615282678701992242e-03
4.921555433153070036e-03
4.888277965497077153e-03
4.698055557073398288e-03
4.452661393520642406e-03
4.240373006435106326e-03
4.257633965725325480e-03
4.262745485259756932e-03
4.229514075587686474e-03
4.240242532638180059e-03
4.181105206706157464e-03
4.050793441494397913e-03
3.892288427515807302e-03
3.888568281016364057e-03
3.763803370179269209e-03
3.569164299320212817e-03
3.560972915863778402e-03
3.563936426428547175e-03
3.493428254380985271e-03
3.465482989348268438e-03
3.427638577037900314e-03
