0.000000000000000000e+00
0.000000000000000000e+00
0.000000000000000000e+00
0.000000000000000000e+00
5.879186734927977668e+05
3.395307493233976886e+06
5.253284002791067585e+06
6.846505938973555341e+06
8.947815324804697186e+06
1.511273425384089537e+07
2.697968532108943909e+07
3.186728428299683332e+07
3.693148605511178821e+07
4.209371348513984680e+07
3.903844542917400599e+07
4.778921703620493412e+07
5.579316614906093478e+07
6.786354470801292360e+07
7.276194367707350850e+07
8.773044311649848521e+07
9.676893628774642944e+07
1.149649024630052745e+08
1.210507236982984841e+08
1.302756256270302832e+08
1.362732285471105576e+08
1.362755115986732841e+08
1.442037743109718263e+08
1.520838710680617690e+08
1.574756352264336050e+08
1.710100703655202091e+08
1.808041718266799152e+08
1.887599551363041699e+08
1.885886330312969685e+08
2.069620866878456771e+08
2.020513581060461700e+08
2.034418171383990645e+08
2.114623133529408872e+08
2.055908059117251039e+08
2.060970025758868754e+08
2.058881049950990677e+08
2.167525394265258908e+08
2.175392035647973418e+08
2.169094436186615825e+08
2.129713007500882745e+08
2.189608649857371449e+08
2.164799353660869002e+08
2.179555883120888472e+08
2.126452381266894341e+08
1.996768974809297919e+08
1.959813258911677003e+08
1.900017165262958109e+08
1.730005966589477360e+08
1.644577095411807895e+08
1.604335090952221155e+08
1.448320740082315207e+08
1.507244793928612173e+08
1.330166911536622941e+08
1.318104018936101198e+08
1.269714111119238436e+08
1.158528896526314020e+08
1.190414635496833920e+08
1.138166292547140121e+08
1.023243262705458105e+08
1.045438727644391209e+08
1.110965174124611169e+08
1.043000454729193151e+08
9.507027511765146255e+07
1.024464443493522704e+08
9.808348762742654979e+07
8.906680406729057431e+07
9.970874306525340676e+07
9.162255620270478725e+07
8.844238721285369992e+07
9.287749199640959501e+07
9.051674066445153952e+07
9.450250603972822428e+07
8.908137295535027981e+07
9.233265098943808675e+07
9.257691354957535863e+07
9.783389646174784005e+07
9.240429441192507744e+07
9.588496251669269800e+07
9.884090889067605138e+07
1.007692557609717250e+08
9.809481379226382077e+07
1.105963328766490519e+08
1.049503410910976827e+08
9.969676559670093656e+07
1.127104079382610023e+08
1.059074762847189009e+08
1.086304118776403368e+08
1.046074657657367885e+08
1.037737002908420712e+08
1.109316625028602779e+08
1.057761567051240504e+08
1.026338882626358867e+08
9.631453844041562080e+07
9.185322831558345258e+07
9.624245081030896306e+07
9.824321329057797790e+07
9.794854831839114428e+07
9.171181692025022209e+07
9.157695440788228810e+07
9.282390479885907471e+07
9.229790383053970337e+07
8.623886836375977099e+07
8.970670950462624431e+07
8.687327528543137014e+07
8.628909229971861839e+07
8.390783656840963662e+07
8.492047800585505366e+07
8.276092157035315037e+07
8.613594128651723266e+07
7.944485806930810213e+07
7.921225280394050479e+07
9.200349502915610373e+07
8.015058272016087174e+07
8.548863110856384039e+07
8.379819683932571113e+07
8.664449732916256785e+07
7.592448476802657545e+07
7.630568143011847138e+07
7.427709567680321634e+07
7.557191099828937650e+07
7.366192637904947996e+07
5.988979823855106533e+07
6.756414640980505943e+07
6.393262933359749615e+07
6.492253933050789684e+07
6.120752272368672490e+07
6.053670769498910010e+07
5.667941307245779783e+07
5.444313818921612948e+07
5.473320467339149117e+07
4.436847801257014275e+07
5.289198379848781973e+07
3.906739335857084394e+07
4.225441626274897158e+07
3.409706174816236645e+07
4.225251136413876712e+07
3.775382444563024491e+07
2.718179941500587389e+07
3.688543139689700305e+07
2.515038279574208707e+07
2.529991643514414877e+07
2.123773939122324437e+07
2.120073232269211113e+07
1.634594858300898597e+07
1.619752594276480190e+07
1.466900693629184552e+07
1.313575854828802310e+07
1.194688314155128784e+07
8.978577104860212654e+06
8.487717585570454597e+06
8.616144499901559204e+06
6.083655502953576855e+06
5.826860834735747427e+06
8.003235899296987802e+06
5.922237363385369070e+06
4.880730098584377207e+06
4.359597694961848669e+06
4.093141809788843151e+06
6.079322787919280119e+06
3.122630463180995546e+06
2.623758226777753327e+06
2.530164407347846311e+06
2.741333413469088264e+06
2.272811155111750122e+06
2.801127193753770553e+06
1.392622091281484580e+06
4.244363842956727603e+05
0.000000000000000000e+00
0.000000000000000000e+00
0.000000000000000000e+00
0.000000000000000000e+00
0.000000000000000000e+00
0.000000000000000000e+00
0.000000000000000000e+00
0.000000000000000000e+00
0.000000000000000000e+00
0.000000000000000000e+00
0.000000000000000000e+00
0.000000000000000000e+00
0.000000000000000000e+00
0.000000000000000000e+00
0.000000000000000000e+00
0.000000000000000000e+00
0.000000000000000000e+00
0.000000000000000000e+00
0.000000000000000000e+00
0.000000000000000000e+00
0.000000000000000000e+00
0.000000000000000000e+00
0.000000000000000000e+00
0.000000000000000000e+00
0.000000000000000000e+00
0.000000000000000000e+00
0.000000000000000000e+00
0.000000000000000000e+00
0.000000000000000000e+00
0.000000000000000000e+00
0.000000000000000000e+00
0.000000000000000000e+00
0.000000000000000000e+00
0.000000000000000000e+00
0.000000000000000000e+00
0.000000000000000000e+00
0.000000000000000000e+00
0.000000000000000000e+00
0.000000000000000000e+00
0.000000000000000000e+00
0.000000000000000000e+00
0.000000000000000000e+00
0.000000000000000000e+00
0.000000000000000000e+00
0.000000000000000000e+00
0.000000000000000000e+00
0.000000000000000000e+00
0.000000000000000000e+00
0.000000000000000000e+00
0.000000000000000000e+00
0.000000000000000000e+00
0.000000000000000000e+00
0.000000000000000000e+00
0.000000000000000000e+00
0.000000000000000000e+00
0.000000000000000000e+00
0.000000000000000000e+00
0.000000000000000000e+00
0.000000000000000000e+00
0.000000000000000000e+00
0.000000000000000000e+00
0.000000000000000000e+00
0.000000000000000000e+00
0.000000000000000000e+00
0.000000000000000000e+00
0.000000000000000000e+00
0.000000000000000000e+00
0.000000000000000000e+00
0.000000000000000000e+00
0.000000000000000000e+00
0.000000000000000000e+00
0.000000000000000000e+00
0.000000000000000000e+00
0.000000000000000000e+00
0.000000000000000000e+00
0.000000000000000000e+00
0.000000000000000000e+00
0.000000000000000000e+00
0.000000000000000000e+00
0.000000000000000000e+00
0.000000000000000000e+00
0.000000000000000000e+00
0.000000000000000000e+00
0.000000000000000000e+00
0.000000000000000000e+00
0.000000000000000000e+00
0.000000000000000000e+00
0.000000000000000000e+00
0.000000000000000000e+00
0.000000000000000000e+00
0.000000000000000000e+00
0.000000000000000000e+00
0.000000000000000000e+00
0.000000000000000000e+00
0.000000000000000000e+00
0.000000000000000000e+00
0.000000000000000000e+00
0.000000000000000000e+00
