0.000000000000000000e+00
0.000000000000000000e+00
0.000000000000000000e+00
0.000000000000000000e+00
1.399889914569966262e+06
5.052165785565716214e+06
9.368078017119506374e+06
1.207848155031665415e+07
2.015128636041349918e+07
2.244025212316993997e+07
3.307618047801145911e+07
4.412963695037224144e+07
5.051158083693790436e+07
5.807313899926090240e+07
6.657500319138660282e+07
7.402979632898852229e+07
8.014406103414438665e+07
8.417299776967278123e+07
8.411939435895515978e+07
9.313235818888075650e+07
9.355811976989370584e+07
1.061167691020392179e+08
1.054332954652543068e+08
1.030692703308072090e+08
1.170722711176429391e+08
1.189471408354463577e+08
1.271260357134242207e+08
1.254843367185052782e+08
1.246842425998087972e+08
1.307472100808317959e+08
1.331484018871387541e+08
1.341647869635168910e+08
1.472736563713988662e+08
1.427949144876146317e+08
1.487579357170501351e+08
1.574672624139810205e+08
1.477898124103789032e+08
1.597309074927273989e+08
1.663773856138617694e+08
1.723606687566698492e+08
1.696654378464923501e+08
1.688627897774911523e+08
1.722095355885132551e+08
1.785546206530606449e+08
1.774024489966869354e+08
1.864635006104539633e+08
1.863532894829397500e+08
1.948361072932940125e+08
2.050586575694722533e+08
1.979252673758499026e+08
2.125288845921216309e+08
2.038238277194397449e+08
2.144264814053037167e+08
2.155659978868854344e+08
2.242184560056581497e+08
2.264801790538581014e+08
2.357093211920764446e+08
2.445521103905976415e+08
2.406779671788426638e+08
2.472686981797475219e+08
2.361361007900449038e+08
2.606054113283616304e+08
2.422571984712621570e+08
2.538566115643222630e+08
2.493944794035956562e+08
2.502402734388979077e+08
2.602737228810514808e+08
2.543553344627424777e+08
2.577224628636671305e+08
2.712344795723652840e+08
2.660647898093999624e+08
2.755441567117087841e+08
2.936924162196273804e+08
2.822711183827921748e+08
2.948997506175954342e+08
2.899163242738853693e+08
2.971287128858250380e+08
2.882820568504068851e+08
2.852792448420845270e+08
2.770726624478391409e+08
2.785243425510995388e+08
2.870636805533986688e+08
2.643069283631747961e+08
2.636796551175859571e+08
2.656361840437396467e+08
2.528991672912285328e+08
2.422051126599588394e+08
2.310954359496064186e+08
2.220896650045642853e+08
2.186564327029350698e+08
2.061038328992613554e+08
2.181148896904045343e+08
1.996153010479173660e+08
1.856470486496109366e+08
1.727918112578021884e+08
1.713997660430257320e+08
1.569532058868805766e+08
1.508103489127060473e+08
1.439976852002707422e+08
1.389701172760740519e+08
1.317280754170670062e+08
1.215303611845280230e+08
1.152213501818818450e+08
1.040167885189216435e+08
9.202026847273355722e+07
9.600719289948612452e+07
7.973591649259243906e+07
7.015368731044515967e+07
7.041130832517360151e+07
5.498803700956442952e+07
4.493536242631912231e+07
4.839597273644493520e+07
4.608248505239009112e+07
3.552268571687680483e+07
3.215771397112877294e+07
3.404863487632786483e+07
2.830086685135165974e+07
2.881368562369009107e+07
2.647894624246180058e+07
2.199420249567356706e+07
2.535779565247232839e+07
2.082222522261485830e+07
2.321244573694627360e+07
1.824523473635817319e+07
2.251985195534607396e+07
2.548630582248719037e+07
2.136568452511158586e+07
1.364710233690362051e+07
8.852775887724943459e+06
0.000000000000000000e+00
0.000000000000000000e+00
0.000000000000000000e+00
0.000000000000000000e+00
0.000000000000000000e+00
0.000000000000000000e+00
0.000000000000000000e+00
0.000000000000000000e+00
0.000000000000000000e+00
0.000000000000000000e+00
0.000000000000000000e+00
0.000000000000000000e+00
0.000000000000000000e+00
0.000000000000000000e+00
0.000000000000000000e+00
0.000000000000000000e+00
0.000000000000000000e+00
0.000000000000000000e+00
0.000000000000000000e+00
0.000000000000000000e+00
0.000000000000000000e+00
0.000000000000000000e+00
0.000000000000000000e+00
0.000000000000000000e+00
0.000000000000000000e+00
0.000000000000000000e+00
0.000000000000000000e+00
0.000000000000000000e+00
0.000000000000000000e+00
0.000000000000000000e+00
0.000000000000000000e+00
0.000000000000000000e+00
0.000000000000000000e+00
0.000000000000000000e+00
0.000000000000000000e+00
0.000000000000000000e+00
0.000000000000000000e+00
0.000000000000000000e+00
0.000000000000000000e+00
0.000000000000000000e+00
0.000000000000000000e+00
0.000000000000000000e+00
0.000000000000000000e+00
0.000000000000000000e+00
0.000000000000000000e+00
0.000000000000000000e+00
0.000000000000000000e+00
0.000000000000000000e+00
0.000000000000000000e+00
0.000000000000000000e+00
0.000000000000000000e+00
0.000000000000000000e+00
0.000000000000000000e+00
0.000000000000000000e+00
0.000000000000000000e+00
0.000000000000000000e+00
0.000000000000000000e+00
0.000000000000000000e+00
0.000000000000000000e+00
0.000000000000000000e+00
0.000000000000000000e+00
0.000000000000000000e+00
0.000000000000000000e+00
0.000000000000000000e+00
0.000000000000000000e+00
0.000000000000000000e+00
0.000000000000000000e+00
0.000000000000000000e+00
0.000000000000000000e+00
0.000000000000000000e+00
0.000000000000000000e+00
0.000000000000000000e+00
0.000000000000000000e+00
0.000000000000000000e+00
0.000000000000000000e+00
0.000000000000000000e+00
0.000000000000000000e+00
0.000000000000000000e+00
0.000000000000000000e+00
0.000000000000000000e+00
0.000000000000000000e+00
0.000000000000000000e+00
0.000000000000000000e+00
0.000000000000000000e+00
0.000000000000000000e+00
0.000000000000000000e+00
0.000000000000000000e+00
0.000000000000000000e+00
0.000000000000000000e+00
0.000000000000000000e+00
0.000000000000000000e+00
0.000000000000000000e+00
0.000000000000000000e+00
0.000000000000000000e+00
0.000000000000000000e+00
0.000000000000000000e+00
0.000000000000000000e+00
0.000000000000000000e+00
0.000000000000000000e+00
0.000000000000000000e+00
0.000000000000000000e+00
0.000000000000000000e+00
0.000000000000000000e+00
0.000000000000000000e+00
0.000000000000000000e+00
0.000000000000000000e+00
0.000000000000000000e+00
0.000000000000000000e+00
0.000000000000000000e+00
0.000000000000000000e+00
0.000000000000000000e+00
0.000000000000000000e+00
0.000000000000000000e+00
0.000000000000000000e+00
0.000000000000000000e+00
0.000000000000000000e+00
0.000000000000000000e+00
0.000000000000000000e+00
0.000000000000000000e+00
0.000000000000000000e+00
0.000000000000000000e+00
0.000000000000000000e+00
0.000000000000000000e+00
0.000000000000000000e+00
0.000000000000000000e+00
0.000000000000000000e+00
0.000000000000000000e+00
0.000000000000000000e+00
0.000000000000000000e+00
0.000000000000000000e+00
0.000000000000000000e+00
0.000000000000000000e+00
0.000000000000000000e+00
0.000000000000000000e+00
0.000000000000000000e+00
0.000000000000000000e+00
0.000000000000000000e+00
0.000000000000000000e+00
0.000000000000000000e+00
0.000000000000000000e+00
