nan
nan
nan
nan
nan
nan
nan
nan
nan
2.284471003804355860e-03
2.991717349632281968e-03
2.993455641192183016e-03
2.896932725051913540e-03
2.277200784095944480e-03
3.290725547049276958e-03
2.382062587206455230e-03
2.536952388174454689e-03
2.923603109703249835e-03
3.060271789435666835e-03
3.440962510814080371e-03
3.970631578053330536e-03
4.354250855980046873e-03
4.784422321092957758e-03
5.675852298416031796e-03
5.459827065624426462e-03
5.053482500605797033e-03
5.181088481191609488e-03
4.863948490204731724e-03
4.793232247346036583e-03
4.826837112635416240e-03
5.047538933486988080e-03
4.931995361550688475e-03
4.890820039875766467e-03
4.548379053244394968e-03
4.504561974555347688e-03
4.504069044298747264e-03
4.402221848327416559e-03
4.204789388371033693e-03
4.190872956005027745e-03
3.945943319399459505e-03
3.934738087494041650e-03
4.109727921799393412e-03
4.150889534533795319e-03
