1.545536514515648130e+06
2.839704884351057932e+06
3.257428536672093719e+07
4.136919002281056345e+07
5.301639718717190623e+07
6.187732241574793309e+07
1.101998039225824177e+08
1.191588289599601477e+08
1.598619773156330287e+08
2.018099372954725921e+08
4.367449848563786745e+08
4.446975546188824177e+08
8.988436115511304140e+08
1.134160088177824020e+09
1.633357946336882114e+09
3.563834231823332787e+09
5.215068920155847549e+09
7.307717326353324890e+09
7.776848375467325211e+09
9.085030959155998230e+09
1.268603227353587914e+10
1.167874391184999847e+10
1.162187940017797089e+10
1.163919171792663193e+10
1.263336512935856438e+10
1.258865425303452492e+10
1.264912080073237801e+10
1.269336291392164612e+10
1.271494719112497520e+10
1.271270274790378189e+10
1.269845158345949364e+10
1.269834215206995010e+10
1.271308569675192070e+10
1.260759312885607147e+10
1.257211975900999641e+10
1.257070352492774200e+10
1.254455097542633820e+10
1.356675244937823105e+10
1.250012567841461182e+10
1.392691258207979584e+10
1.248078167141057587e+10
1.247539110313733673e+10
1.382543813311721230e+10
