0.000000000000000000e+00
0.000000000000000000e+00
0.000000000000000000e+00
0.000000000000000000e+00
1.279170029726916691e+06
2.017555501228495967e+06
1.642848167899293127e+06
2.130720644299082924e+06
4.711244392074526288e+06
2.346684768848521169e+06
6.145456123777199537e+06
1.417310213776442595e+07
1.967072128345653415e+07
2.569729267744105309e+07
2.775509945565147325e+07
3.812975734794100374e+07
4.737184008729895949e+07
5.534408300138946623e+07
5.720813157344094664e+07
6.797295428196775913e+07
8.161515883317038417e+07
9.235710262834963202e+07
1.098290149290334582e+08
1.197166443345649540e+08
1.398622323297516108e+08
1.487641240971020162e+08
1.597225214790126681e+08
1.614396944730197489e+08
1.767052598978650570e+08
1.794511350221746564e+08
1.843071368425252438e+08
1.923025560679422021e+08
2.067168713779036403e+08
2.114087717415384650e+08
2.209392725066783428e+08
2.129560682965444624e+08
2.324062390772321224e+08
2.325659871984177232e+08
2.367892105774419308e+08
2.444648981552491188e+08
2.479117552163656652e+08
2.494025997341377437e+08
2.527796883388453722e+08
2.662010359881256819e+08
2.547864265420995355e+08
2.755899682345895767e+08
2.696645560332791209e+08
2.664704473395432532e+08
2.772918761829257011e+08
2.815350627302761078e+08
2.886181900404167771e+08
2.783147289313648939e+08
2.913233305253607631e+08
2.926462924713737965e+08
3.002381564762828350e+08
2.880743385547406673e+08
3.039901540461564064e+08
2.973871628444866538e+08
2.861459252498357296e+08
3.063089725670492649e+08
2.998827614842191935e+08
2.937917381917475462e+08
2.849248103506453037e+08
3.125005877156916261e+08
2.898212114941575527e+08
2.911085129901851416e+08
2.895242536264526844e+08
2.938062634624502063e+08
2.854610336068320274e+08
2.882992811885856390e+08
2.826014312737821341e+08
2.849787824433943033e+08
2.754795800678567290e+08
2.864368455054357648e+08
2.799613189075666070e+08
2.782476687922959328e+08
2.761190753265719414e+08
2.792060267502349615e+08
2.834357268370350003e+08
2.728714334216088057e+08
2.778522104633544087e+08
2.787160152963298559e+08
2.776394010812450647e+08
2.674657257599308491e+08
2.675201171222793162e+08
2.729203440703092813e+08
2.690549057818807960e+08
2.666949486187886000e+08
2.743784378040431142e+08
2.700414041471117735e+08
2.645262108885118365e+08
2.597485057471718788e+08
2.618850935753503442e+08
2.721480478928807378e+08
2.617450935614266098e+08
2.671800960603944361e+08
2.657899737534853518e+08
2.623939799189633727e+08
2.600402704414362311e+08
2.859119858211164474e+08
2.643926582922793329e+08
2.540850014269706607e+08
2.874901203794782162e+08
2.677681601964604855e+08
2.765430615277943015e+08
2.733838572268282175e+08
2.791272210040282607e+08
2.866233966928638220e+08
2.825355828185366988e+08
2.759756020750786662e+08
2.872376289980493784e+08
2.760847497652821541e+08
2.962066305456356406e+08
2.956238654348888993e+08
2.743918464179041386e+08
2.922545281540141106e+08
2.802006590133962631e+08
2.986408661680791378e+08
2.920492711373119950e+08
3.034121184551013112e+08
2.982395876575542688e+08
2.982570604640729427e+08
2.919146621499684453e+08
3.122046841045137644e+08
3.047549167862042189e+08
3.176408633395368457e+08
2.988110591748667955e+08
3.174120544628863335e+08
3.217827291290014386e+08
3.128687485355128646e+08
3.212358529654399157e+08
3.139161188255538344e+08
3.262525406663366556e+08
3.202669031257410049e+08
3.298891057642732859e+08
3.180034374418544769e+08
3.216436892633920312e+08
3.291116948956331015e+08
3.204819462291078568e+08
3.313031777098215818e+08
3.301928389604557753e+08
3.352411458464611769e+08
3.248174758747373223e+08
3.290808193056381941e+08
3.189233883481169343e+08
3.328169495870173573e+08
3.290633947379545569e+08
3.297274869945338964e+08
3.206815817877792716e+08
3.253440381350261569e+08
3.131592265039280057e+08
3.143508060210091472e+08
3.243215047797613740e+08
3.123024261667096019e+08
3.228017996709271669e+08
3.104703828286076784e+08
3.172428649730806947e+08
3.148083109729444385e+08
3.135149960774880648e+08
3.114760136152334213e+08
3.106039338221751451e+08
3.092066613358786106e+08
3.124424126546933055e+08
3.024702588971744776e+08
3.024406984803325534e+08
3.159784656981236339e+08
3.089771315639297962e+08
2.935642268243947029e+08
3.030669575981917381e+08
3.036581943961505890e+08
2.850267095117127299e+08
2.918807048216875196e+08
3.073626715255942941e+08
2.918725145334363580e+08
2.957732978507982492e+08
2.920705250036095381e+08
2.875716300633283854e+08
2.806882577173099518e+08
2.889614368455647230e+08
2.839884465797072649e+08
2.990465581486120224e+08
2.943584409517079592e+08
2.754976181591913104e+08
2.858464966391535401e+08
2.881520069752536416e+08
2.936024021044611931e+08
2.972396542621219158e+08
2.699726823967435360e+08
2.868446224978747368e+08
2.980706277287863493e+08
2.863460667670857310e+08
2.890681002254027128e+08
2.893424883697612286e+08
2.825001934330861568e+08
2.959150316443027258e+08
2.845608755581069589e+08
2.779626873293055296e+08
2.837716374914826155e+08
2.982274828738465309e+08
2.811105939403703809e+08
2.792755020156607628e+08
2.815887959913992286e+08
2.772241365967915058e+08
2.886769323964703083e+08
2.709438625658529997e+08
2.736312106645868421e+08
1.773455185777653456e+08
0.000000000000000000e+00
0.000000000000000000e+00
0.000000000000000000e+00
0.000000000000000000e+00
0.000000000000000000e+00
0.000000000000000000e+00
0.000000000000000000e+00
0.000000000000000000e+00
0.000000000000000000e+00
0.000000000000000000e+00
0.000000000000000000e+00
0.000000000000000000e+00
0.000000000000000000e+00
0.000000000000000000e+00
0.000000000000000000e+00
0.000000000000000000e+00
0.000000000000000000e+00
0.000000000000000000e+00
0.000000000000000000e+00
0.000000000000000000e+00
0.000000000000000000e+00
0.000000000000000000e+00
0.000000000000000000e+00
0.000000000000000000e+00
0.000000000000000000e+00
0.000000000000000000e+00
0.000000000000000000e+00
0.000000000000000000e+00
0.000000000000000000e+00
0.000000000000000000e+00
0.000000000000000000e+00
0.000000000000000000e+00
0.000000000000000000e+00
0.000000000000000000e+00
0.000000000000000000e+00
0.000000000000000000e+00
0.000000000000000000e+00
0.000000000000000000e+00
0.000000000000000000e+00
0.000000000000000000e+00
0.000000000000000000e+00
0.000000000000000000e+00
0.000000000000000000e+00
0.000000000000000000e+00
0.000000000000000000e+00
0.000000000000000000e+00
0.000000000000000000e+00
0.000000000000000000e+00
0.000000000000000000e+00
0.000000000000000000e+00
0.000000000000000000e+00
0.000000000000000000e+00
0.000000000000000000e+00
0.000000000000000000e+00
0.000000000000000000e+00
0.000000000000000000e+00
0.000000000000000000e+00
0.000000000000000000e+00
0.000000000000000000e+00
0.000000000000000000e+00
0.000000000000000000e+00
0.000000000000000000e+00
