0.000000000000000000e+00
0.000000000000000000e+00
0.000000000000000000e+00
0.000000000000000000e+00
9.591742670692480169e+05
5.951128771208655089e+06
9.150267484324477613e+06
1.634148824195765145e+07
2.272774542506051064e+07
3.725980027777268738e+07
1.008015268715190589e+08
1.263199257153130174e+08
1.422168935623258948e+08
1.626688598832039833e+08
1.738446676912097037e+08
1.908267863346360624e+08
2.051678302598682046e+08
2.148947954415551722e+08
2.287532946324241757e+08
2.295384865087400675e+08
2.363679609612543583e+08
2.370577794589863122e+08
2.369025953823306561e+08
2.424301807368805707e+08
2.350600520601091683e+08
2.329881698005111217e+08
2.484970099221276045e+08
2.426922501970175207e+08
2.469671698499445617e+08
2.592259545429061949e+08
2.570873855306449831e+08
2.593422886175286472e+08
2.590581795293114781e+08
2.737834058608142138e+08
2.734909667830770016e+08
2.656197499782928824e+08
2.740613303062284589e+08
2.653363137814121842e+08
2.685689892199578285e+08
2.708521422134566307e+08
2.672966696988948286e+08
2.565664480166133642e+08
2.677679211990417242e+08
2.519665736584600806e+08
2.592854140777330101e+08
2.501327383198262453e+08
2.603821239366042018e+08
2.476825056897354722e+08
2.621818426959384680e+08
2.512379236584228575e+08
2.568038085341172218e+08
2.464062718113765717e+08
2.500889235793798566e+08
2.516225428876196146e+08
2.438485206138751507e+08
2.417115779197430015e+08
2.396268787405322194e+08
2.578115122297651470e+08
2.315379618970338702e+08
2.506219767572803199e+08
2.411328920266383290e+08
2.423818647114368379e+08
2.272738380857125819e+08
2.447982300595325828e+08
2.416227281407023072e+08
2.296070774553934336e+08
2.382349901586277485e+08
2.429315154542466402e+08
2.291401950894614458e+08
2.319564088389793336e+08
2.307296420794793367e+08
2.295147547220128179e+08
2.290437918880836964e+08
2.331974482214785218e+08
2.197545152720145285e+08
2.281224795386243463e+08
2.210517170238642693e+08
2.204201947679474354e+08
2.165262752088679075e+08
2.130670458502406478e+08
2.171982183686596751e+08
2.019760141715127528e+08
2.057159990625601411e+08
2.024641984560603797e+08
2.061110293417848051e+08
2.009398944999966621e+08
1.927964031344087422e+08
1.887933420332802534e+08
1.909310137189320624e+08
1.895244578163228631e+08
1.769291932050673962e+08
1.779417862517009377e+08
1.830490908494145572e+08
1.716239252292811275e+08
1.654176070868216157e+08
1.649301572580523491e+08
1.648992275573894382e+08
1.565433021579810381e+08
1.689550261603866220e+08
1.438862789267779291e+08
1.444733559386380613e+08
1.474800833542782068e+08
1.482199425660556257e+08
1.381469554887775481e+08
1.297727799281511009e+08
1.320725305280075222e+08
1.325855378759894073e+08
1.243089095639562458e+08
1.222027580366767198e+08
1.140910436979762316e+08
1.147563594027692676e+08
1.133490243839108050e+08
1.084950885921756625e+08
1.062789728790453374e+08
9.793968977409759164e+07
9.489744668024130166e+07
9.685504427309100330e+07
9.428111064236451685e+07
8.913570553028851748e+07
8.622526278789618611e+07
8.213621012950924039e+07
7.822089476465862989e+07
7.547876142101931572e+07
7.026395419274058938e+07
7.406787359780031443e+07
6.731133553848920763e+07
6.457812595102983713e+07
6.425379506934036314e+07
5.597298081046548486e+07
5.885818724363382906e+07
5.416593217983818799e+07
5.731233533224419504e+07
5.121970796552841365e+07
4.728847862765705585e+07
4.464991167952813208e+07
4.487320512963560224e+07
4.210194578808302432e+07
3.666313039018534124e+07
3.568231041213297844e+07
3.540805810744969547e+07
3.498515923153614253e+07
3.308954025203806907e+07
3.339925802040334791e+07
2.936368010360311344e+07
2.954415100797060505e+07
2.777170044004002959e+07
2.425337953781340271e+07
2.612772921154709160e+07
2.271583851521646604e+07
2.054531670792831481e+07
1.778478237295155972e+07
1.974343558321198821e+07
1.902849550496459380e+07
1.932787668505229056e+07
1.935723624375776947e+07
1.720894460898438469e+07
2.048731579858843610e+07
1.469460166220153496e+07
1.415560095993035287e+07
1.333275475947889313e+07
1.635750496514768340e+07
1.595448255476516671e+07
1.258555530053409003e+07
1.395449073530590534e+07
1.471798064847863279e+07
1.257456388544152118e+07
1.124390168672648817e+07
1.157422656316374801e+07
1.280524739658422023e+07
1.209615452416792139e+07
1.298862335923706740e+07
1.255306342288244702e+07
1.091882684379725531e+07
1.160162070883902907e+07
8.401990032831236720e+06
9.531305565477434546e+06
9.652348580743912607e+06
1.067075299430320598e+07
1.177639324797965772e+07
8.878531391329919919e+06
7.099780070280110464e+06
9.162943956600127742e+06
9.129756328911583871e+06
9.217798675651904196e+06
7.481306390892119147e+06
8.707754931584287435e+06
6.265749575384438038e+06
7.783439864894903265e+06
5.946983485083382577e+06
1.002251397526734695e+07
9.808265033858245239e+06
8.322767890769071877e+06
7.438850081737766974e+06
1.050206835088192672e+07
8.862332648225259036e+06
7.503862774815628305e+06
8.508467690045824274e+06
1.011780679230265692e+07
1.020835480906446837e+07
6.257979855444173329e+06
9.252695704452300444e+06
7.912146306108460762e+06
1.040677222489602864e+07
7.808785003362346441e+06
1.022064990924146958e+07
7.014110835204537027e+06
8.512945750216707587e+06
6.096752654068705626e+06
6.719744939649987034e+06
5.999417337198114023e+06
5.590611696331936866e+06
7.081917912877962925e+06
7.391702606323244981e+06
7.171653343942462467e+06
6.582981984356883913e+06
6.686228088647783734e+06
6.738675846644642763e+06
5.466852730342555791e+06
4.664000936368763447e+06
5.765898193560106680e+06
5.978347293813245371e+06
4.557808187398861162e+06
7.305784481517344713e+06
4.536692233188053593e+06
6.340503135104969144e+06
5.514094334693916142e+06
4.228347375364135019e+06
5.141130162062234245e+06
3.661525258309162222e+06
3.521046538019944914e+06
5.718892802687854506e+06
4.003369883555304725e+06
4.698872149828119203e+06
2.818663699298323132e+06
2.887723066247429699e+06
3.291574026804950554e+06
3.101016784773847088e+06
3.157742028034706600e+06
2.682627117378169205e+06
4.023241002264308743e+06
2.060728498685388127e+06
2.868234977566385642e+06
3.463396177109538577e+06
3.997763643934023101e+06
3.413770808897584677e+06
2.722853104030004237e+06
2.788185100477794651e+06
3.224634108335445635e+06
2.092429025951021584e+06
3.097065165516643785e+06
1.474302382966159843e+06
0.000000000000000000e+00
0.000000000000000000e+00
0.000000000000000000e+00
0.000000000000000000e+00
0.000000000000000000e+00
0.000000000000000000e+00
0.000000000000000000e+00
0.000000000000000000e+00
0.000000000000000000e+00
0.000000000000000000e+00
0.000000000000000000e+00
0.000000000000000000e+00
0.000000000000000000e+00
0.000000000000000000e+00
0.000000000000000000e+00
0.000000000000000000e+00
0.000000000000000000e+00
0.000000000000000000e+00
