nan
nan
1.038678339682519436e-03
1.174908247776329517e-03
1.048399135470390320e-03
1.125222924747504207e-03
1.219822652217903347e-03
1.432893245985100315e-03
1.782427859751739259e-03
1.676977474776145116e-03
1.903320848996801259e-03
1.858855358276097561e-03
1.573936087928236478e-03
1.283959565584068610e-03
1.876020040464988726e-03
1.661378936116616979e-03
2.165034956010796277e-03
2.007181105204183282e-03
2.687882450977300587e-03
2.604999243819553726e-03
2.983278783904903027e-03
4.296340829357064850e-03
4.464277420621436121e-03
4.623522303141607871e-03
4.624583970790654280e-03
4.513721466015841420e-03
3.999671221135752720e-03
3.762688935121507715e-03
3.976140768267859456e-03
3.971475500646688521e-03
3.842111573253284736e-03
3.943636194032176974e-03
3.884316457875755177e-03
3.846790507056328887e-03
3.604153091334076717e-03
3.595986765058369755e-03
3.399543233623735904e-03
3.162552802464664494e-03
3.066763767208600163e-03
3.252319363316261668e-03
3.207447339652576019e-03
3.116306830165199281e-03
3.032372937862023478e-03
