0.000000000000000000e+00
0.000000000000000000e+00
0.000000000000000000e+00
0.000000000000000000e+00
4.909075923318437999e+05
0.000000000000000000e+00
0.000000000000000000e+00
0.000000000000000000e+00
5.062566190305837663e+05
2.168098619250062911e+05
4.651870848514840472e+05
0.000000000000000000e+00
0.000000000000000000e+00
2.275646421480998688e+05
3.091659335009311908e+05
3.361238088931388920e+05
2.265427635989259870e+05
6.815160091144600883e+05
4.310720944007816724e+05
4.259035826587667689e+05
1.525371703990608221e+06
1.128789057192324428e+06
1.460215468774289358e+06
1.283528532470094971e+06
2.052451818500891561e+06
1.120124262663302477e+06
1.132499461550320964e+06
1.752984218847668963e+06
1.152404367477150401e+06
1.327707623607477406e+06
3.683260310958222486e+06
1.650476100342959864e+06
1.548342245564959245e+06
5.927964659478776157e+06
5.499539449228865094e+06
5.065274846139756031e+06
7.000616768903436139e+06
7.487060386555532925e+06
1.018970716620126180e+07
1.360409203066876903e+07
8.021028948678869754e+06
1.379602725374172069e+07
1.530751468395094387e+07
1.643438702978669666e+07
1.751334711123114824e+07
1.868350671348572895e+07
1.806982269243264943e+07
2.189731674706076831e+07
2.446370892708146572e+07
2.926310189080910757e+07
3.168161827784594893e+07
2.906334812177757174e+07
3.612452173984080553e+07
4.241274992844781280e+07
5.090738353852225840e+07
5.000795713400371373e+07
6.263075126086300611e+07
6.808854923788565397e+07
6.935821627237832546e+07
8.609848404182089865e+07
8.337485553806650639e+07
8.769772576046006382e+07
9.821537090989640355e+07
1.101139754675743282e+08
1.149255813465412259e+08
1.088906337413490117e+08
1.105802691235308051e+08
1.228105683043055534e+08
1.210720841418188959e+08
1.326447123575027287e+08
1.325088853585720509e+08
1.366843313526627421e+08
1.384637643797065616e+08
1.458135972177267671e+08
1.454770787525763810e+08
1.524063569507455826e+08
1.628590284996956885e+08
1.582048450470280647e+08
1.684210866949227750e+08
1.631095813472733796e+08
1.698122619112913609e+08
1.729197733992820978e+08
1.752954108917064071e+08
1.729310503512508869e+08
1.766365547820542455e+08
1.737420075198627114e+08
1.836957065138700008e+08
1.810667347211211026e+08
1.859355613431567252e+08
1.902711425572958589e+08
1.844510009992107153e+08
1.813522785122868121e+08
1.905841114628748596e+08
1.986647060331325531e+08
1.919274342384682298e+08
2.015330541091103554e+08
1.999834397412902713e+08
1.962911039736198187e+08
1.971519295697892010e+08
2.215626069128817320e+08
2.037705311638061404e+08
2.003492377631487250e+08
2.261890709824988246e+08
2.155511152495189905e+08
2.176804231031686366e+08
2.179047451464390159e+08
2.247219875277224183e+08
2.295774754659739435e+08
2.302013030163439512e+08
2.216955134900487065e+08
2.404775601027646959e+08
2.234335325550063252e+08
2.422291048313929439e+08
2.389765133787940145e+08
2.258689629849345684e+08
2.402175047089752853e+08
2.298977288017666936e+08
2.447975073059719801e+08
2.404884546326129436e+08
2.546762671074397862e+08
2.530696486050159633e+08
2.489175732384753823e+08
2.440728060376317501e+08
2.575773061576558053e+08
2.543236189864808619e+08
2.660593694305629134e+08
2.558156514727792442e+08
2.635288986516937613e+08
2.755260414575806856e+08
2.651767258023822606e+08
2.736725030520979762e+08
2.711917676243267059e+08
2.789606523343430758e+08
2.733241559451832175e+08
2.836879335865406990e+08
2.723455398249366879e+08
2.778269499345463514e+08
2.863060334041880965e+08
2.817457786450397372e+08
2.824176093695918322e+08
2.869137489211566448e+08
2.920252597408058643e+08
2.826891348779312372e+08
2.896640370111873150e+08
2.814778897424796820e+08
2.901785302783175111e+08
2.885400834844502807e+08
2.925430638444210887e+08
2.798367714234871864e+08
2.878288958045287728e+08
2.837640336473702192e+08
2.831707732914185524e+08
2.900920316088379622e+08
2.800434819744516611e+08
2.909661420682610869e+08
2.774727373914860487e+08
2.872307960427120328e+08
2.882114971334165335e+08
2.859156387367754579e+08
2.803662265770050287e+08
2.825149247774945498e+08
2.818495937230392694e+08
2.867306248532309532e+08
2.767512095103827119e+08
2.784331397075228095e+08
2.917852636199785471e+08
2.845017226227667332e+08
2.731431546346877813e+08
2.818699650390225649e+08
2.840565447966763973e+08
2.669123816410786808e+08
2.712137614935578704e+08
2.884259752075648904e+08
2.768431383335742354e+08
2.800059821347879767e+08
2.780711708392095566e+08
2.682443229322599769e+08
2.654629279987270832e+08
2.761164111377838254e+08
2.691040962061531544e+08
2.870140266826186180e+08
2.795797805255188942e+08
2.630558668670487404e+08
2.713167383224959373e+08
2.785954642301393151e+08
2.834104927798316479e+08
2.862002799581303000e+08
2.615309270950928926e+08
2.757512736142402887e+08
2.895838535809844136e+08
2.778088729371371269e+08
2.824582511649158001e+08
2.832992517328110933e+08
2.760297100765832067e+08
2.874617465011985302e+08
2.800835174097609520e+08
2.729190578349308968e+08
2.774075334769858718e+08
2.927081000140523314e+08
2.761038165050439835e+08
2.740307868340154886e+08
2.780314645235933661e+08
2.734890067721331120e+08
2.847908081516147852e+08
2.671394922523759305e+08
2.686519495090618730e+08
1.753456613061780334e+08
0.000000000000000000e+00
0.000000000000000000e+00
0.000000000000000000e+00
0.000000000000000000e+00
0.000000000000000000e+00
0.000000000000000000e+00
0.000000000000000000e+00
0.000000000000000000e+00
0.000000000000000000e+00
0.000000000000000000e+00
0.000000000000000000e+00
0.000000000000000000e+00
0.000000000000000000e+00
0.000000000000000000e+00
0.000000000000000000e+00
0.000000000000000000e+00
0.000000000000000000e+00
0.000000000000000000e+00
0.000000000000000000e+00
0.000000000000000000e+00
0.000000000000000000e+00
0.000000000000000000e+00
0.000000000000000000e+00
0.000000000000000000e+00
0.000000000000000000e+00
0.000000000000000000e+00
0.000000000000000000e+00
0.000000000000000000e+00
0.000000000000000000e+00
0.000000000000000000e+00
0.000000000000000000e+00
0.000000000000000000e+00
0.000000000000000000e+00
0.000000000000000000e+00
0.000000000000000000e+00
0.000000000000000000e+00
0.000000000000000000e+00
0.000000000000000000e+00
0.000000000000000000e+00
0.000000000000000000e+00
0.000000000000000000e+00
0.000000000000000000e+00
0.000000000000000000e+00
0.000000000000000000e+00
0.000000000000000000e+00
0.000000000000000000e+00
0.000000000000000000e+00
0.000000000000000000e+00
0.000000000000000000e+00
0.000000000000000000e+00
0.000000000000000000e+00
0.000000000000000000e+00
0.000000000000000000e+00
0.000000000000000000e+00
0.000000000000000000e+00
0.000000000000000000e+00
0.000000000000000000e+00
0.000000000000000000e+00
0.000000000000000000e+00
0.000000000000000000e+00
0.000000000000000000e+00
0.000000000000000000e+00
