4.480492348605717434e-01
4.749700982940150418e-01
6.432254947530637867e-01
7.677344881327012871e-01
8.787830497956158338e-01
9.359898845916624355e-01
1.178277655492571130e+00
1.309516864730561947e+00
1.545074419773131869e+00
1.740250679665545253e+00
2.154158954954733307e+00
2.170984494600633585e+00
2.601718309536559914e+00
3.032452124470372379e+00
3.288200327087789976e+00
3.463185939404850977e+00
3.893919754340934958e+00
4.324653569277431941e+00
4.755387384214945889e+00
5.186121199153320482e+00
5.616855014087776432e+00
5.869238108775560292e+00
6.047588829022921608e+00
6.478322643959253391e+00
6.909056458894330177e+00
7.339790273828589839e+00
7.770524088765034421e+00
8.201257903703142560e+00
8.611801071063936774e+00
8.631991718639111966e+00
9.062725533574605308e+00
9.493459348509469820e+00
9.924193163443922217e+00
1.035492697837829290e+01
1.076883525366750760e+01
1.078566079331335104e+01
1.121639460825007895e+01
1.164712842318753161e+01
1.207786223812601989e+01
1.250859605306448685e+01
1.293932986800294493e+01
1.337006368294006009e+01
1.380079749787685017e+01
