0.000000000000000000e+00
0.000000000000000000e+00
0.000000000000000000e+00
0.000000000000000000e+00
0.000000000000000000e+00
0.000000000000000000e+00
0.000000000000000000e+00
0.000000000000000000e+00
0.000000000000000000e+00
8.047587788117191521e+05
3.223767454109161347e+07
4.073795114155381918e+07
3.648070484863740206e+08
1.066955725568392038e+09
8.134204421339890957e+08
5.574416713072464943e+09
1.164848794183644104e+10
1.329371129941454315e+10
1.827000484376169205e+10
1.922720144953707886e+10
1.887676783143691254e+10
1.862198318713428497e+10
1.492968637466839218e+10
8.676228403129817963e+09
9.462372709214864731e+09
1.135885496481152916e+10
1.405628485920800781e+10
1.714013437990926743e+10
1.480490410230038834e+10
1.469618853666553116e+10
1.374747868588886642e+10
1.316575471860884857e+10
1.359411171992665482e+10
1.388966528822601700e+10
1.664357859776444817e+10
1.680995989006077766e+10
2.045636737714722824e+10
2.295159440619230270e+10
2.740852365638690948e+10
3.011736396944350052e+10
2.760356780193205261e+10
2.489654622299602890e+10
2.488216124151232910e+10
