0.000000000000000000e+00
0.000000000000000000e+00
0.000000000000000000e+00
0.000000000000000000e+00
0.000000000000000000e+00
2.669089343915510923e+06
1.950664021927134134e+06
5.171506812045988627e+06
8.039815249697091058e+06
6.972857699169915169e+06
1.466612111689457670e+07
2.228521758483043313e+07
1.445037433997025341e+07
1.356834007680118829e+07
1.570185379316846468e+07
1.323614475905131362e+07
1.433939876197320223e+07
1.739011165023894981e+07
1.568015107014103793e+07
1.692544735194861144e+07
1.908629601900659874e+07
1.352163370038887486e+07
1.251422290558653139e+07
1.302331747130542248e+07
1.119574942325081117e+07
1.179600165397267416e+07
1.093051957680600509e+07
1.166213118433429301e+07
1.273774329167696834e+07
1.311844127626317739e+07
1.690830958531227708e+07
1.911459702438485250e+07
2.552313625246591866e+07
3.122994707488212734e+07
3.577273963135135174e+07
3.590986014673332870e+07
3.839600727684489638e+07
4.578028051539206505e+07
4.783698286398950219e+07
5.646817036447048187e+07
5.729831784384238720e+07
5.979513146944104135e+07
6.484119930809094012e+07
7.216626422955070436e+07
7.367038740024964511e+07
7.407375727116827667e+07
7.537275458118990064e+07
8.360093793614298105e+07
8.872882071106201410e+07
8.930884629394941032e+07
1.016859322913778722e+08
1.077492557091006339e+08
1.197822357900424451e+08
1.207938230400411785e+08
1.301065568275707066e+08
1.316811830969740152e+08
1.453360000276681781e+08
1.452000519722653925e+08
1.539437898279949129e+08
1.639964158891756237e+08
1.579288903114440739e+08
1.612463872443585098e+08
1.724401267115448713e+08
1.647736319580293894e+08
1.755092714908056855e+08
1.693023246062857211e+08
1.771092457586044967e+08
1.761502181837393641e+08
1.798254651075043678e+08
1.856927903598515391e+08
1.763165188629669547e+08
1.847063804037012458e+08
1.969515408552784026e+08
1.891278415342836380e+08
1.900944002185204029e+08
1.913407198641055226e+08
2.029844302655711174e+08
1.932842569176555276e+08
2.005981846851279140e+08
1.921624053758758903e+08
2.148718044452779293e+08
2.104970496427515745e+08
2.079494848527639806e+08
2.153742880938429832e+08
2.063110376651384830e+08
2.086254546254822612e+08
2.116467988433393240e+08
2.067430825633807182e+08
2.032465298240331709e+08
2.216951922386118472e+08
2.178962762638906837e+08
2.218666081893262863e+08
2.223782798196477890e+08
2.287580662427962720e+08
2.294986913833768964e+08
2.399531007185703516e+08
2.476166399713010788e+08
2.419792855139164031e+08
2.471454948756759763e+08
2.464668710206303596e+08
2.466736411879698038e+08
2.513980054586071372e+08
2.574079526779168248e+08
2.513440860741943121e+08
2.525794805596870780e+08
2.567876186333022118e+08
2.698334640895836353e+08
2.641319126956081986e+08
2.658207311469362378e+08
2.701292389901822805e+08
2.767180027750588059e+08
2.698034575308711529e+08
2.632744066884090900e+08
2.622198407157289982e+08
2.877527319894090891e+08
2.696407051726869345e+08
2.642362502907553613e+08
2.687614478582234979e+08
2.709726043870038390e+08
2.685686228106712103e+08
2.764556560262439251e+08
2.716793642627367973e+08
2.778219123854041100e+08
2.761525095919700861e+08
2.784905682582150102e+08
2.722024046666789651e+08
2.851535110750402212e+08
2.759308682269765139e+08
2.859508358369657397e+08
2.756993004454177618e+08
2.722887090061186552e+08
2.889247244739692807e+08
2.804745964496705532e+08
2.787338545673994422e+08
2.752511635539946556e+08
2.868985861973565817e+08
2.914135979859423637e+08
2.752752720084460378e+08
2.836732623835181594e+08
2.814550415215486288e+08
2.732282400299551487e+08
2.706256756248016953e+08
2.744249290503107905e+08
2.696994014037653208e+08
2.798152318821525574e+08
2.655847284251848459e+08
2.643766049772077203e+08
2.612637713357837796e+08
2.657582122075129747e+08
2.491395997818970680e+08
2.668592899018877745e+08
2.676846137878955007e+08
2.408747845132765770e+08
2.520319467508307695e+08
2.431544194153098464e+08
2.388791666567513347e+08
2.330773153126932979e+08
2.497445720682973862e+08
2.395496104059950411e+08
2.239781872798032761e+08
2.297491823072946668e+08
2.363236163051508069e+08
2.214970182689760327e+08
2.235757631124898195e+08
2.190346106004227996e+08
2.203973925407387018e+08
2.134886062660023570e+08
2.074631524683527946e+08
2.049028174570948184e+08
1.820079469474550188e+08
7.212732052687907219e+07
0.000000000000000000e+00
0.000000000000000000e+00
0.000000000000000000e+00
0.000000000000000000e+00
0.000000000000000000e+00
0.000000000000000000e+00
0.000000000000000000e+00
0.000000000000000000e+00
0.000000000000000000e+00
0.000000000000000000e+00
0.000000000000000000e+00
0.000000000000000000e+00
0.000000000000000000e+00
0.000000000000000000e+00
0.000000000000000000e+00
0.000000000000000000e+00
0.000000000000000000e+00
0.000000000000000000e+00
0.000000000000000000e+00
0.000000000000000000e+00
0.000000000000000000e+00
0.000000000000000000e+00
0.000000000000000000e+00
0.000000000000000000e+00
0.000000000000000000e+00
0.000000000000000000e+00
0.000000000000000000e+00
0.000000000000000000e+00
0.000000000000000000e+00
0.000000000000000000e+00
0.000000000000000000e+00
0.000000000000000000e+00
0.000000000000000000e+00
0.000000000000000000e+00
0.000000000000000000e+00
0.000000000000000000e+00
0.000000000000000000e+00
0.000000000000000000e+00
0.000000000000000000e+00
0.000000000000000000e+00
0.000000000000000000e+00
0.000000000000000000e+00
0.000000000000000000e+00
0.000000000000000000e+00
0.000000000000000000e+00
0.000000000000000000e+00
0.000000000000000000e+00
0.000000000000000000e+00
0.000000000000000000e+00
0.000000000000000000e+00
0.000000000000000000e+00
0.000000000000000000e+00
0.000000000000000000e+00
0.000000000000000000e+00
0.000000000000000000e+00
0.000000000000000000e+00
0.000000000000000000e+00
0.000000000000000000e+00
0.000000000000000000e+00
0.000000000000000000e+00
0.000000000000000000e+00
0.000000000000000000e+00
0.000000000000000000e+00
0.000000000000000000e+00
0.000000000000000000e+00
0.000000000000000000e+00
0.000000000000000000e+00
0.000000000000000000e+00
0.000000000000000000e+00
0.000000000000000000e+00
0.000000000000000000e+00
0.000000000000000000e+00
0.000000000000000000e+00
0.000000000000000000e+00
0.000000000000000000e+00
0.000000000000000000e+00
0.000000000000000000e+00
0.000000000000000000e+00
0.000000000000000000e+00
0.000000000000000000e+00
0.000000000000000000e+00
0.000000000000000000e+00
0.000000000000000000e+00
0.000000000000000000e+00
0.000000000000000000e+00
0.000000000000000000e+00
0.000000000000000000e+00
0.000000000000000000e+00
0.000000000000000000e+00
0.000000000000000000e+00
0.000000000000000000e+00
0.000000000000000000e+00
0.000000000000000000e+00
0.000000000000000000e+00
0.000000000000000000e+00
0.000000000000000000e+00
0.000000000000000000e+00
0.000000000000000000e+00
