nan
nan
2.159677833795115021e-04
5.302609499383524345e-04
5.697745965584761173e-04
5.895000744504410011e-04
8.054842259743053229e-04
9.300350834420876124e-04
9.725159530322855439e-04
9.013116912758850760e-04
1.573264495726373361e-03
1.602489473143256906e-03
2.098620456754801775e-03
1.919156196548137995e-03
3.145064613383665841e-03
3.484393913329835932e-03
5.437715130646004515e-03
4.924993670639192522e-03
6.128949887769128031e-03
5.952470031029758260e-03
6.937252362242433620e-03
6.974901951170358987e-03
6.720692758144340175e-03
5.945266875522830716e-03
6.873844951367646602e-03
6.088109630647552811e-03
5.437137768579914862e-03
5.206600600901984885e-03
5.506443171008412914e-03
5.476316073670729409e-03
5.070503276717176593e-03
4.918891583715022386e-03
4.265912590267256256e-03
4.106178710681365578e-03
3.818173765077233564e-03
3.792151276894689151e-03
3.358675774697720672e-03
4.999579030214191915e-03
3.833370977410644614e-03
5.724154879564049593e-03
4.042846361427331753e-03
4.207546637836225185e-03
6.343500611407694618e-03
