0.000000000000000000e+00
0.000000000000000000e+00
0.000000000000000000e+00
0.000000000000000000e+00
1.743511916029860266e+06
6.428354115354144014e+06
1.133819869615109824e+07
1.555314513939338177e+07
2.636411177181250602e+07
2.827133844636156037e+07
5.897277069687683880e+07
6.739876477606092393e+07
7.413298245768645406e+07
8.099447091045159101e+07
9.429567051543359458e+07
1.021618179733728170e+08
1.107325373722685874e+08
1.288511533872705400e+08
1.286385797074454874e+08
1.434800489619985521e+08
1.528951552632309496e+08
1.611733176779831052e+08
1.699647765421413779e+08
1.760097311116312444e+08
1.825843778701747358e+08
1.886633767539702058e+08
2.000497256895416379e+08
1.966056689193938076e+08
2.071643345352095664e+08
2.086087783987349570e+08
2.143464022035903335e+08
2.187261318164504468e+08
2.324362622497779727e+08
2.324817903910906315e+08
2.411020814689207375e+08
2.317298295663952827e+08
2.491014714005060792e+08
2.502345330106226802e+08
2.505694841246633530e+08
2.618551556618194878e+08
2.599762061737309098e+08
2.565516585410583615e+08
2.618005252467879355e+08
2.740112936748338938e+08
2.600239316862009466e+08
2.821828328316375017e+08
2.748944826512304544e+08
2.741912030109103918e+08
2.827236183915284276e+08
2.875869963048598766e+08
2.928717761151863337e+08
2.811419128675720692e+08
2.976271883935593367e+08
2.981039709738652110e+08
3.062965330405048132e+08
2.915512570589380264e+08
3.062609126156961918e+08
3.002360967547067404e+08
2.884322421596502066e+08
3.093257986166621447e+08
3.031660842109742761e+08
2.975913274101151228e+08
2.871784476223132610e+08
3.168175492921569347e+08
2.930530785263694525e+08
2.939327658662489057e+08
2.925649350890553594e+08
2.961701694332277775e+08
2.885136874329465628e+08
2.929703185496668816e+08
2.853923895235441923e+08
2.873227698372362256e+08
2.781902580919760466e+08
2.902831465299342275e+08
2.818457419802072048e+08
2.814571754354614615e+08
2.781530726233426332e+08
2.813633698086535931e+08
2.865752970824599862e+08
2.755011380122067332e+08
2.793636575368008614e+08
2.802872397711009979e+08
2.810921530551087856e+08
2.689236498184154034e+08
2.705359671834448576e+08
2.755934033674169779e+08
2.715923035690355897e+08
2.688995901692581177e+08
2.764660915790855289e+08
2.722666075441830158e+08
2.668633653684647679e+08
2.608251624328792989e+08
2.627362983734996021e+08
2.730138673655709624e+08
2.625936388889782727e+08
2.680053662156762779e+08
2.661881040082185268e+08
2.631792645495163798e+08
2.608380240267789960e+08
2.866722773468598127e+08
2.659266446660693288e+08
2.542987034174988270e+08
2.881021756438645124e+08
2.683614285519211292e+08
2.775485318683106899e+08
2.742474937730702162e+08
2.797660092318791151e+08
2.870499116645895243e+08
2.827476730807138085e+08
2.768453504395784140e+08
2.876712237562470436e+08
2.775702619333557487e+08
2.998181861598026752e+08
2.960967195033273697e+08
2.748277701799388528e+08
2.922545281540141106e+08
2.806839371189757586e+08
2.998883317674984932e+08
2.927041637859055996e+08
3.038493480851607323e+08
2.992772920953460336e+08
2.989286890939496160e+08
2.925645484875713587e+08
3.137253009501264095e+08
3.062696882427998781e+08
3.183815623546844721e+08
3.001138928158859015e+08
3.189013359747050405e+08
3.231153726292358637e+08
3.140459581920404434e+08
3.225458580073417425e+08
3.147260258548297286e+08
3.275552818363482952e+08
3.226393730336809754e+08
3.305259060796115994e+08
3.188130363380591869e+08
3.239265725877797604e+08
3.304146573439438939e+08
3.232283506404431462e+08
3.323658335416846275e+08
3.365806357727086544e+08
3.378026075657572746e+08
3.285122115710791945e+08
3.303838713650283813e+08
3.209445748803374767e+08
3.355465207311590314e+08
3.323994986599237919e+08
3.325706327833788395e+08
3.225994549245028496e+08
3.268646528944110274e+08
3.157509021474456787e+08
3.160762866570307016e+08
3.249019473111473322e+08
3.137163850760186911e+08
3.254195674191489220e+08
3.131087293066779375e+08
3.197177585073027611e+08
3.161025912322844863e+08
3.159940114312275648e+08
3.141304831795673370e+08
3.129937839827297926e+08
3.118030067721842527e+08
3.154361296358295679e+08
3.048168580892382860e+08
3.043830417971438169e+08
3.183052392470978498e+08
3.119145522150269747e+08
2.983512524298593998e+08
3.062459364434843063e+08
3.059931385247412324e+08
2.878552365502737761e+08
2.950166039556792378e+08
3.128558574442874193e+08
2.984478577328206301e+08
3.006940816840866804e+08
2.973868285852127075e+08
2.921269299970991611e+08
2.860600004933125973e+08
2.936180125727968216e+08
2.885744028837693930e+08
3.044759530401668549e+08
3.015581034778370857e+08
2.785804471139813662e+08
2.900151613638533354e+08
2.912127129426590204e+08
2.982804849743258357e+08
3.029201579256778359e+08
2.747567935973463058e+08
2.934713183514952660e+08
3.025201678818278909e+08
2.934379824565697908e+08
2.935836915086402893e+08
2.951278813182598352e+08
2.864036018328284025e+08
3.017248690542605519e+08
2.883003630496358275e+08
2.839740133793458939e+08
2.875464168131378889e+08
3.026807880462008715e+08
2.858806572433844805e+08
2.867437843217642307e+08
2.871590306518918276e+08
2.821774001081351042e+08
2.946894022381286621e+08
2.786443709481656551e+08
2.800402395206427574e+08
1.826635479532563984e+08
0.000000000000000000e+00
0.000000000000000000e+00
0.000000000000000000e+00
0.000000000000000000e+00
0.000000000000000000e+00
0.000000000000000000e+00
0.000000000000000000e+00
0.000000000000000000e+00
0.000000000000000000e+00
0.000000000000000000e+00
0.000000000000000000e+00
0.000000000000000000e+00
0.000000000000000000e+00
0.000000000000000000e+00
0.000000000000000000e+00
0.000000000000000000e+00
0.000000000000000000e+00
0.000000000000000000e+00
0.000000000000000000e+00
0.000000000000000000e+00
0.000000000000000000e+00
0.000000000000000000e+00
0.000000000000000000e+00
0.000000000000000000e+00
0.000000000000000000e+00
0.000000000000000000e+00
0.000000000000000000e+00
0.000000000000000000e+00
0.000000000000000000e+00
0.000000000000000000e+00
0.000000000000000000e+00
0.000000000000000000e+00
0.000000000000000000e+00
0.000000000000000000e+00
0.000000000000000000e+00
0.000000000000000000e+00
0.000000000000000000e+00
0.000000000000000000e+00
0.000000000000000000e+00
0.000000000000000000e+00
0.000000000000000000e+00
0.000000000000000000e+00
0.000000000000000000e+00
0.000000000000000000e+00
0.000000000000000000e+00
0.000000000000000000e+00
0.000000000000000000e+00
0.000000000000000000e+00
0.000000000000000000e+00
0.000000000000000000e+00
0.000000000000000000e+00
0.000000000000000000e+00
0.000000000000000000e+00
0.000000000000000000e+00
0.000000000000000000e+00
0.000000000000000000e+00
0.000000000000000000e+00
0.000000000000000000e+00
0.000000000000000000e+00
0.000000000000000000e+00
0.000000000000000000e+00
0.000000000000000000e+00
