0.000000000000000000e+00
0.000000000000000000e+00
0.000000000000000000e+00
0.000000000000000000e+00
1.823373634029725939e+07
5.511015608312848210e+07
7.132767763436970115e+07
1.048742003419195563e+08
1.347443590958286822e+08
1.253809408893811703e+08
1.852965634563279152e+08
2.318834994907480478e+08
2.598911652800494730e+08
2.573730596143307090e+08
2.545527322105972767e+08
2.238010270599440634e+08
2.612757410189765096e+08
2.610638970905553699e+08
2.741202233473325968e+08
2.954027294481985569e+08
2.931500539206019640e+08
2.762193589944070578e+08
2.711419899269509315e+08
2.690761924268225431e+08
2.882241496417055130e+08
2.951618301358369589e+08
3.002856325049312115e+08
2.870736743578823805e+08
2.850208809092301726e+08
2.867066699575742483e+08
3.032309719583541751e+08
2.939250958707568645e+08
2.837077125381959081e+08
2.912225846682808995e+08
3.120176168382302523e+08
3.079874883623863459e+08
3.201103779362465739e+08
3.178298766141694784e+08
3.214762980397095084e+08
3.215719104986085892e+08
3.368514955878880024e+08
3.222413125501398444e+08
3.305931018925628066e+08
3.228050996479752660e+08
3.092519470533852577e+08
3.369532004465478659e+08
3.468309868155425787e+08
3.526829580674030781e+08
3.412575961346227527e+08
3.344316230630280972e+08
3.377312519805234671e+08
3.339127144469033480e+08
3.472441780041239262e+08
3.577371362544790506e+08
3.681134628180835247e+08
3.608039896510822177e+08
3.689434902150167823e+08
3.590541695005271435e+08
3.874884658054114580e+08
3.827621789239523411e+08
3.730499421300332546e+08
4.123241458192811608e+08
3.887457498280251026e+08
3.937028004851298332e+08
3.889398626790806055e+08
4.038060924378684759e+08
4.093505676502659321e+08
4.018185027241073847e+08
4.099628971085286736e+08
4.297654190128626823e+08
4.246708795521028042e+08
4.299567192697322369e+08
4.485949988113402128e+08
4.228957897126802206e+08
4.646397642247054577e+08
4.398534480337902308e+08
4.428211574093530774e+08
4.267571107685290575e+08
4.347296775522030592e+08
4.142100425493011475e+08
4.156958906898422837e+08
4.296081639130795002e+08
4.081241231507763863e+08
4.035051930919073224e+08
4.208483059070028663e+08
4.006568478985707760e+08
4.037910936072891951e+08
3.955164809159123302e+08
3.699364366334785819e+08
3.757820395508761406e+08
3.670598477162216306e+08
3.705360246424526572e+08
3.566209478054801226e+08
3.621456614261238575e+08
3.480336828384830952e+08
3.631007115663906932e+08
3.575715745281630754e+08
3.408506958690214157e+08
3.444313099214228392e+08
3.463819169934780598e+08
3.488743175359188914e+08
3.376640183184276223e+08
3.228654160144879818e+08
3.223864790931984186e+08
3.033893120830693245e+08
3.111757048236942291e+08
2.973268630020028353e+08
3.000704748248325586e+08
2.953129659497723579e+08
2.833649573712620735e+08
2.768707175110690594e+08
2.729115302348428965e+08
2.751138809898382425e+08
2.522958522364309728e+08
2.426629723673192263e+08
2.460263479208954275e+08
2.583578915050030351e+08
2.606294702245426476e+08
2.808105977444953918e+08
2.925392789921288490e+08
2.621617757826853991e+08
2.412915883229265213e+08
2.448089775241426229e+08
2.438144736814227998e+08
2.506933532807798386e+08
2.531599815745296180e+08
2.344849864767203331e+08
1.507268404361821413e+08
6.621872856420104206e+07
0.000000000000000000e+00
0.000000000000000000e+00
0.000000000000000000e+00
0.000000000000000000e+00
0.000000000000000000e+00
0.000000000000000000e+00
0.000000000000000000e+00
0.000000000000000000e+00
0.000000000000000000e+00
0.000000000000000000e+00
0.000000000000000000e+00
0.000000000000000000e+00
0.000000000000000000e+00
0.000000000000000000e+00
0.000000000000000000e+00
0.000000000000000000e+00
0.000000000000000000e+00
0.000000000000000000e+00
0.000000000000000000e+00
0.000000000000000000e+00
0.000000000000000000e+00
0.000000000000000000e+00
0.000000000000000000e+00
0.000000000000000000e+00
0.000000000000000000e+00
0.000000000000000000e+00
0.000000000000000000e+00
0.000000000000000000e+00
0.000000000000000000e+00
0.000000000000000000e+00
0.000000000000000000e+00
0.000000000000000000e+00
0.000000000000000000e+00
0.000000000000000000e+00
0.000000000000000000e+00
0.000000000000000000e+00
0.000000000000000000e+00
0.000000000000000000e+00
0.000000000000000000e+00
0.000000000000000000e+00
0.000000000000000000e+00
0.000000000000000000e+00
0.000000000000000000e+00
0.000000000000000000e+00
0.000000000000000000e+00
0.000000000000000000e+00
0.000000000000000000e+00
0.000000000000000000e+00
0.000000000000000000e+00
0.000000000000000000e+00
0.000000000000000000e+00
0.000000000000000000e+00
0.000000000000000000e+00
0.000000000000000000e+00
0.000000000000000000e+00
0.000000000000000000e+00
0.000000000000000000e+00
0.000000000000000000e+00
0.000000000000000000e+00
0.000000000000000000e+00
0.000000000000000000e+00
0.000000000000000000e+00
0.000000000000000000e+00
0.000000000000000000e+00
0.000000000000000000e+00
0.000000000000000000e+00
0.000000000000000000e+00
0.000000000000000000e+00
0.000000000000000000e+00
0.000000000000000000e+00
0.000000000000000000e+00
0.000000000000000000e+00
0.000000000000000000e+00
0.000000000000000000e+00
0.000000000000000000e+00
0.000000000000000000e+00
0.000000000000000000e+00
0.000000000000000000e+00
0.000000000000000000e+00
0.000000000000000000e+00
0.000000000000000000e+00
0.000000000000000000e+00
0.000000000000000000e+00
0.000000000000000000e+00
0.000000000000000000e+00
0.000000000000000000e+00
0.000000000000000000e+00
0.000000000000000000e+00
0.000000000000000000e+00
0.000000000000000000e+00
0.000000000000000000e+00
0.000000000000000000e+00
0.000000000000000000e+00
0.000000000000000000e+00
0.000000000000000000e+00
0.000000000000000000e+00
0.000000000000000000e+00
0.000000000000000000e+00
0.000000000000000000e+00
0.000000000000000000e+00
0.000000000000000000e+00
0.000000000000000000e+00
0.000000000000000000e+00
0.000000000000000000e+00
0.000000000000000000e+00
0.000000000000000000e+00
0.000000000000000000e+00
0.000000000000000000e+00
0.000000000000000000e+00
0.000000000000000000e+00
0.000000000000000000e+00
0.000000000000000000e+00
0.000000000000000000e+00
0.000000000000000000e+00
0.000000000000000000e+00
0.000000000000000000e+00
0.000000000000000000e+00
0.000000000000000000e+00
0.000000000000000000e+00
0.000000000000000000e+00
0.000000000000000000e+00
0.000000000000000000e+00
0.000000000000000000e+00
0.000000000000000000e+00
0.000000000000000000e+00
0.000000000000000000e+00
0.000000000000000000e+00
0.000000000000000000e+00
0.000000000000000000e+00
0.000000000000000000e+00
0.000000000000000000e+00
0.000000000000000000e+00
0.000000000000000000e+00
0.000000000000000000e+00
0.000000000000000000e+00
0.000000000000000000e+00
0.000000000000000000e+00
0.000000000000000000e+00
0.000000000000000000e+00
0.000000000000000000e+00
