0.000000000000000000e+00
0.000000000000000000e+00
1.497684643653653911e+05
1.014892781110046315e+06
7.277077435433850624e+05
1.954326981874575606e+06
1.797879343405510113e+07
2.306131096612465382e+07
3.284780111558204889e+07
1.244933694807950258e+08
5.676513310510596037e+08
6.237031872062230110e+08
2.598226156413957596e+09
4.584418913821313858e+09
4.253216413938205719e+09
1.116025200450103378e+10
1.376368019103468513e+10
1.949868577299190521e+10
2.140532896504419708e+10
2.673832151108936310e+10
2.468432024673535156e+10
1.339617013173574448e+10
1.728032993773264313e+10
2.269692675751263046e+10
2.099628868287183762e+10
2.230920253187902451e+10
2.323992917115087128e+10
2.300666222374833679e+10
2.905106757816468811e+10
2.932019592034362030e+10
2.978384833165106583e+10
3.119827028531650925e+10
3.275510346106429672e+10
3.429201577060074997e+10
3.573813663116842651e+10
3.574883092220660400e+10
3.631620382523003387e+10
3.649780451042111206e+10
3.552967300298905945e+10
3.760876186722940826e+10
4.342458823738741302e+10
4.681813348380358887e+10
4.638545580321697998e+10
