nan
nan
1.010445586871355772e-03
1.032394851790741086e-03
8.256717788754031279e-04
1.045069713235044625e-03
9.727186768863348718e-04
1.033538151465459177e-03
1.173168862786135112e-03
9.173896798196155399e-04
9.842860421838660074e-04
1.025190152126443863e-03
1.063322356218306380e-03
1.102176520321060827e-03
1.888760884168963049e-03
1.624412896087617511e-03
1.899566304194151740e-03
2.538096592915772571e-03
2.736405574277634475e-03
3.268398479137696582e-03
4.322362314381682745e-03
6.744363787867702249e-03
7.679221754785366984e-03
6.496937693171229988e-03
5.126486155919584078e-03
3.439572568653456036e-03
2.428150669147091482e-03
1.887478100665914132e-03
1.950633728529196182e-03
1.960048026867233957e-03
2.093260209553239343e-03
2.255329117874662215e-03
2.543949533601688653e-03
3.302381963475875537e-03
3.423384092717897398e-03
3.414938099796484619e-03
2.216080803490443497e-03
2.248317566773973784e-03
2.128398466558567050e-03
3.606616417712007333e-03
3.178430674456710851e-03
2.989208178581482210e-03
4.290073239990949139e-03
