0.000000000000000000e+00
0.000000000000000000e+00
5.757312074685106054e+05
1.220689308735336410e+06
2.144647126197603997e+06
2.709525196786428336e+06
3.235703680288318917e+07
4.320239308246811479e+07
1.115827828579762131e+08
2.978528385003830791e+08
9.099844355342822075e+08
9.252095222902320623e+08
1.110520989391272545e+09
1.242890030650356770e+09
1.036386237328915834e+09
2.295332638103415489e+09
1.547236666475058556e+09
1.650213115167014122e+09
1.646264246663233280e+09
1.607994108205591440e+09
1.351436203629989386e+09
6.330970148067581654e+08
7.004463490558418036e+08
8.729736951870955229e+08
1.136820641161468267e+09
1.513728146906156063e+09
1.623649174003869057e+09
1.177410544106113434e+09
7.168372542781126499e+08
6.989817669950108528e+08
5.158087524574214816e+08
3.675273392675561905e+08
2.539622913637782633e+08
2.149542997266574204e+08
3.097398147079739571e+08
3.156552961544708014e+08
7.647690705676484108e+08
7.304142483867182732e+08
3.393488368978473544e+08
3.875947520546866059e+08
2.525577155675978363e+08
3.381237817500316501e+08
6.951949778959054947e+08
