0.000000000000000000e+00
0.000000000000000000e+00
0.000000000000000000e+00
0.000000000000000000e+00
4.865035338359219022e+06
1.225358007290073670e+07
2.098650592221364751e+07
3.596655100177697837e+07
4.770353818513933569e+07
6.925622557979664207e+07
1.878901286211613417e+08
2.194820624561772346e+08
2.333352978596329093e+08
2.417285459558657408e+08
2.483570984001810551e+08
2.669178665271821618e+08
2.634659598416715264e+08
2.726390756712718010e+08
2.774684606661063433e+08
2.752747826637007594e+08
2.763096725799638033e+08
2.757420952691979408e+08
2.780793129646140337e+08
2.803732878982893229e+08
2.803661808872363567e+08
2.730505775335020423e+08
2.867151937728472352e+08
2.842675811891765594e+08
2.826643369804823995e+08
2.995587459130532742e+08
2.967972771138504744e+08
3.004256099157519341e+08
3.026016776140342951e+08
3.152976775130702257e+08
3.136529492395120859e+08
3.105384739095727205e+08
3.238807972906545401e+08
3.182386278680461645e+08
3.176411106680504084e+08
3.247366806271690130e+08
3.208508399434906840e+08
3.041661051657986045e+08
3.235311702484927773e+08
3.044102346771083474e+08
3.189047988709404469e+08
3.015376453485301137e+08
3.190674311259618998e+08
2.978889122790547609e+08
3.164256325212886930e+08
3.024049597139111161e+08
3.144914284975860119e+08
3.006265982065833211e+08
3.115077001675365567e+08
3.090706327120190859e+08
3.032921094212679863e+08
3.019416280177556276e+08
3.030411234672889709e+08
3.178193097256940603e+08
2.939485721567606330e+08
3.152634393868277669e+08
3.027639837888997197e+08
3.086891676311711073e+08
2.955363233890433311e+08
3.120270195770972371e+08
3.114263794323639870e+08
3.008667492747211456e+08
3.088738450821521282e+08
3.093313310093485117e+08
2.956982406136915684e+08
3.055035306522794962e+08
3.078900065398286581e+08
3.002521496276638508e+08
3.073613776361088753e+08
3.127048465760499239e+08
2.972806296535480618e+08
3.147665427389959097e+08
2.994132877195040584e+08
3.083703328818723559e+08
3.108984071308251619e+08
3.016557668022065163e+08
3.092857228038660288e+08
3.087364257940915227e+08
3.100396878716776967e+08
2.997681413492901325e+08
3.242834474613656998e+08
3.127348326386112571e+08
3.089754834716624022e+08
3.106305751988611221e+08
3.202436404639294147e+08
3.204153024513541460e+08
3.136060867759628296e+08
3.055087520865068436e+08
3.262486129834339619e+08
3.206899227748970985e+08
3.155408462059859037e+08
3.164076269391847849e+08
3.180991097520018816e+08
3.264572347124159336e+08
3.279711705657290220e+08
3.175895949910061955e+08
3.208223585001387000e+08
3.275503845963823795e+08
3.191090219614737630e+08
3.271145200776884556e+08
3.164259376700870991e+08
3.290433030662903786e+08
3.194469293569076061e+08
3.301944521602190733e+08
3.254828315977991819e+08
3.262185062512506247e+08
3.197202338579418659e+08
3.276972657284899950e+08
3.200739786438781023e+08
3.333930956429405808e+08
3.254322267111320496e+08
3.158396002259540558e+08
3.242324203968146443e+08
3.280026166284769773e+08
3.316596745271674395e+08
3.171497587713863850e+08
3.267983195362893343e+08
3.309130686000092030e+08
3.324245876137719154e+08
3.162184520993403196e+08
3.379506855224969387e+08
3.317862561730793715e+08
3.334943650188337564e+08
3.353702465156335831e+08
3.381956510861118436e+08
3.259943906754442453e+08
3.340117594619314671e+08
3.452942108651520610e+08
3.297480125117595196e+08
3.162844497336838841e+08
3.429822749338553548e+08
3.304602710205931664e+08
3.381296102419856191e+08
3.349356358198000193e+08
3.332187490811052322e+08
3.497009714473630190e+08
3.499127723387023807e+08
3.650179485349121690e+08
3.858618962720856071e+08
3.982742678754976392e+08
4.407804129136389494e+08
4.576891237800176740e+08
4.646094939999676347e+08
5.209764850555549860e+08
5.727596800198967457e+08
5.406542285262558460e+08
4.901921678619149923e+08
5.064376404158400297e+08
4.871228195649227500e+08
4.534567932294750810e+08
3.995622649281370044e+08
3.863233881364483833e+08
3.787772518322773576e+08
3.525240639939637184e+08
3.545961460478602648e+08
3.495219567230367661e+08
3.417915641510109901e+08
3.151469314230523705e+08
3.251574252449954748e+08
3.258432581635513902e+08
3.335530491193959713e+08
3.105560490863185525e+08
3.252368707861247063e+08
3.255079024042294025e+08
3.169280507230941057e+08
3.031982935843787193e+08
3.178459688560398817e+08
3.207637868071840405e+08
3.136236649093492627e+08
3.127848342462489605e+08
3.202225524043793082e+08
3.120732717914059162e+08
3.099569304371334314e+08
3.129823443740792274e+08
3.163542215819398165e+08
3.135723845062909126e+08
3.197343323430987597e+08
3.001875121378059983e+08
3.158067080274533033e+08
3.107974246181516647e+08
3.151958243664493561e+08
3.100347790952869654e+08
3.109895127230315208e+08
3.109026178429859877e+08
3.111565050696451068e+08
3.177065600804338455e+08
3.149044285200092793e+08
3.135259922660354376e+08
3.013220729719536304e+08
3.107719000364680886e+08
3.040119220017943382e+08
3.166025849542485476e+08
3.122429143725691438e+08
3.051949829122637510e+08
3.204283587137875557e+08
3.054830547002323866e+08
3.137669726787728071e+08
3.007000714649307728e+08
3.166407848476572633e+08
3.085768063074966669e+08
3.135613706262561083e+08
3.138308566397571564e+08
3.181631090841423869e+08
3.134589914808359742e+08
3.108122563432720900e+08
3.104307111498980522e+08
3.063926569982296824e+08
3.038876302740357518e+08
3.023801203751373291e+08
3.192545676591506004e+08
2.920932338479496837e+08
3.148553237208780646e+08
3.104128746834922433e+08
2.984777921577918530e+08
3.074684386081206799e+08
3.087399847949628830e+08
3.058297525405131578e+08
3.056670342458683848e+08
2.953232225913168192e+08
3.117488629179583192e+08
3.087400657157295346e+08
3.031411977524678111e+08
3.007587819196610451e+08
3.059486584434447289e+08
3.044079930806865096e+08
2.977880389064864516e+08
3.006036290535247326e+08
2.953559194097558260e+08
3.130937421921324730e+08
3.043391320366235971e+08
3.030868789521589279e+08
2.962294267421264648e+08
3.034001858611689806e+08
3.020594901298390031e+08
2.959751064366982579e+08
2.863674297389483452e+08
2.959757814695267081e+08
3.037676908456015587e+08
2.935737647328571081e+08
3.019598566673408151e+08
2.985000421287457943e+08
2.987153352409453392e+08
2.972565755446379781e+08
2.896621873907037377e+08
2.926384588658906221e+08
2.973703475243779421e+08
2.133349885871471167e+08
0.000000000000000000e+00
0.000000000000000000e+00
0.000000000000000000e+00
0.000000000000000000e+00
0.000000000000000000e+00
0.000000000000000000e+00
0.000000000000000000e+00
0.000000000000000000e+00
0.000000000000000000e+00
0.000000000000000000e+00
0.000000000000000000e+00
0.000000000000000000e+00
0.000000000000000000e+00
0.000000000000000000e+00
0.000000000000000000e+00
0.000000000000000000e+00
0.000000000000000000e+00
0.000000000000000000e+00
