0.000000000000000000e+00
0.000000000000000000e+00
0.000000000000000000e+00
0.000000000000000000e+00
7.882624373950730078e+05
2.017555501228495967e+06
1.642848167899293127e+06
2.130720644299082924e+06
4.204987773043941706e+06
2.129874906923514791e+06
5.680269038925714791e+06
1.417310213776442595e+07
1.967072128345653415e+07
2.546972803529295325e+07
2.744593352215054259e+07
3.779363353904786706e+07
4.714529732370003313e+07
5.466256699227499962e+07
5.677705947904016823e+07
6.754705069930899143e+07
8.008978712917976081e+07
9.122831357115729153e+07
1.083687994602591693e+08
1.184331158020948470e+08
1.378097805112506747e+08
1.476439998344387412e+08
1.585900220174623430e+08
1.596867102541720867e+08
1.755528555303879082e+08
1.781234273985671699e+08
1.806238765315670371e+08
1.906520799675992429e+08
2.051685291323386729e+08
2.054808070820596814e+08
2.154397330574494600e+08
2.078907934504047036e+08
2.254056223083286881e+08
2.250789268118622303e+08
2.265995034112406969e+08
2.308608061245803237e+08
2.398907262676867843e+08
2.356065724803960323e+08
2.374721736548944116e+08
2.497666489583389759e+08
2.372730794308683872e+08
2.569064615211037993e+08
2.515947333408464789e+08
2.445731305924824774e+08
2.528281672558442950e+08
2.522719608394669890e+08
2.569365717625708282e+08
2.492513808095873296e+08
2.551988087855199873e+08
2.502335425429260135e+08
2.493307729377605319e+08
2.380663814207369089e+08
2.413594027852934003e+08
2.292986136066009998e+08
2.167877089774574041e+08
2.202104885252283812e+08
2.165079059461527169e+08
2.060940124312874675e+08
1.867094394407489300e+08
2.023866122481172979e+08
1.748956301476163864e+08
1.822178792488361299e+08
1.789439845029219091e+08
1.709956951581446528e+08
1.643889494650132060e+08
1.556545688310829401e+08
1.500925459152100086e+08
1.482944510907315314e+08
1.370158156881501675e+08
1.406232482877089977e+08
1.344842401549902558e+08
1.258413118415504098e+08
1.132600468268762231e+08
1.210011817032069415e+08
1.150146401421122253e+08
1.097618520743354410e+08
1.080399485520630479e+08
1.057962418970477879e+08
1.023439901895386875e+08
9.453467540867994726e+07
9.088356234022510052e+07
9.917833655044654012e+07
8.535919926801081002e+07
8.562821389766749740e+07
8.844287646088641882e+07
7.977026158981594443e+07
8.007520988930112123e+07
7.839622723488509655e+07
7.130098211247545481e+07
7.348334185974816978e+07
6.981765932295836508e+07
6.564704195128409564e+07
6.580653401219509542e+07
6.610287594534351677e+07
6.288834087164703012e+07
6.434937890823471546e+07
6.062212712847321481e+07
5.373576366382193565e+07
6.130104939697938412e+07
5.221704494694150239e+07
5.886263842462569475e+07
5.547911208038921654e+07
5.440523347630579770e+07
5.704592122688992321e+07
5.233427980219276994e+07
5.428008858502992988e+07
4.676006889528463781e+07
5.265121721027582884e+07
5.397752571424268186e+07
5.664735205609484017e+07
4.852288343296954781e+07
5.203702344503886998e+07
5.030293021162956953e+07
5.384335886210715771e+07
5.156081650469903648e+07
4.873585134766151011e+07
4.516993905253832042e+07
4.933948722559756786e+07
4.784185611233666539e+07
5.462737794685799628e+07
5.043129779972335696e+07
5.158149390897396207e+07
4.299540770208753645e+07
5.388315581119254977e+07
4.625668767142076045e+07
4.769202273313058913e+07
4.756334991334192455e+07
4.272435120122710615e+07
4.729188833199363947e+07
4.694274718055775762e+07
4.620117217773258686e+07
4.565789761691777408e+07
4.381673932884573936e+07
4.280566149144501984e+07
3.873616758406810462e+07
4.888556834022969753e+07
4.327909003929913789e+07
4.321588610565534234e+07
4.212834099680602551e+07
3.941678229445084184e+07
3.744549860563717037e+07
4.263841930869986117e+07
4.052331125350427628e+07
3.718442315011279285e+07
4.084481036429212987e+07
3.751514233049735427e+07
2.939519285655778274e+07
3.118003272959062830e+07
3.422947317092344165e+07
3.225894419225793332e+07
3.183565760266609490e+07
3.299764543712160364e+07
3.001206893036863208e+07
2.659681383952796832e+07
2.759935734071261436e+07
3.110978703822845221e+07
2.808900904468056187e+07
2.735706761283923686e+07
2.571178780146235973e+07
2.571904938679178804e+07
2.400755877280975506e+07
2.419320207814511657e+07
2.447540894116312265e+07
2.042107218970697373e+07
2.119699255916917324e+07
1.960164959947423264e+07
1.811432787063407153e+07
2.066694332812963426e+07
1.893669631802939251e+07
1.502937619986212254e+07
1.576731571601020917e+07
1.399935416440007091e+07
1.932730713106838986e+07
1.522532971858288348e+07
1.284502570778089948e+07
1.488435037355410680e+07
1.203253146599338017e+07
1.477866042618907243e+07
1.244175129214255884e+07
1.452975831665764749e+07
9.556542745114333928e+06
1.019190932462954894e+07
1.103937430399157852e+07
8.441755301650641486e+06
1.109334888363450766e+07
8.486774147801984102e+06
8.537193829948592931e+06
6.609849060486956500e+06
6.043236636950096115e+06
6.470483356502948329e+06
8.453285143104227260e+06
4.477358148346058093e+06
5.043629494374658912e+06
6.364104014496719465e+06
5.519382859794197604e+06
5.006777435326408595e+06
5.244715181645249017e+06
3.557331467805918772e+06
3.735129824658357073e+06
3.886124244855453726e+06
3.804370313477052841e+06
4.979261155524942093e+06
1.999857271587336203e+06
0.000000000000000000e+00
0.000000000000000000e+00
0.000000000000000000e+00
0.000000000000000000e+00
0.000000000000000000e+00
0.000000000000000000e+00
0.000000000000000000e+00
0.000000000000000000e+00
0.000000000000000000e+00
0.000000000000000000e+00
0.000000000000000000e+00
0.000000000000000000e+00
0.000000000000000000e+00
0.000000000000000000e+00
0.000000000000000000e+00
0.000000000000000000e+00
0.000000000000000000e+00
0.000000000000000000e+00
0.000000000000000000e+00
0.000000000000000000e+00
0.000000000000000000e+00
0.000000000000000000e+00
0.000000000000000000e+00
0.000000000000000000e+00
0.000000000000000000e+00
0.000000000000000000e+00
0.000000000000000000e+00
0.000000000000000000e+00
0.000000000000000000e+00
0.000000000000000000e+00
0.000000000000000000e+00
0.000000000000000000e+00
0.000000000000000000e+00
0.000000000000000000e+00
0.000000000000000000e+00
0.000000000000000000e+00
0.000000000000000000e+00
0.000000000000000000e+00
0.000000000000000000e+00
0.000000000000000000e+00
0.000000000000000000e+00
0.000000000000000000e+00
0.000000000000000000e+00
0.000000000000000000e+00
0.000000000000000000e+00
0.000000000000000000e+00
0.000000000000000000e+00
0.000000000000000000e+00
0.000000000000000000e+00
0.000000000000000000e+00
0.000000000000000000e+00
0.000000000000000000e+00
0.000000000000000000e+00
0.000000000000000000e+00
0.000000000000000000e+00
0.000000000000000000e+00
0.000000000000000000e+00
0.000000000000000000e+00
0.000000000000000000e+00
0.000000000000000000e+00
0.000000000000000000e+00
0.000000000000000000e+00
