0.000000000000000000e+00
0.000000000000000000e+00
0.000000000000000000e+00
0.000000000000000000e+00
2.443276062307000975e+05
4.651808538004764123e+05
4.453395156467868946e+05
8.365828425354119390e+05
2.640248344051430933e+06
4.501843802440698259e+06
1.506332102459279262e+07
1.872911099520219490e+07
1.916942699884160981e+07
2.177003414935872704e+07
2.637584968339508027e+07
3.079529246464586258e+07
3.415563480890873075e+07
3.588750113238668442e+07
3.274795083737776428e+07
3.015793704694084823e+07
2.513596560130661726e+07
2.243768266431806609e+07
2.176332642294900864e+07
2.209812140840447694e+07
2.533221680814386904e+07
2.153491881354890391e+07
2.140027328958806768e+07
2.456698941268152371e+07
2.093934728340840712e+07
2.707105159504843131e+07
2.844856271064860374e+07
3.065850622926196456e+07
3.464302915921828151e+07
3.421136919762271643e+07
3.347368710954092443e+07
3.943085046713341773e+07
3.589415206780933589e+07
4.182461992423170805e+07
3.993564056478871405e+07
4.611804407164172083e+07
4.668538200504668057e+07
4.166125130681322515e+07
4.523774215118139982e+07
4.392853967832057178e+07
4.254394693871001899e+07
4.226063809152478725e+07
4.716333632689575106e+07
4.127002567832003534e+07
4.796661116225829720e+07
4.473962834145118296e+07
4.829154864574380964e+07
4.520217644494820386e+07
4.983997401573978364e+07
5.291545225077556074e+07
5.664017996440820396e+07
5.710087783260612935e+07
6.031844833309642971e+07
5.699991406144195795e+07
5.703674805596871674e+07
5.765934308787012100e+07
5.817884972600668669e+07
6.287677103264872730e+07
6.218375428564819694e+07
6.326845940302972496e+07
6.431987133098162711e+07
6.751376696007648110e+07
6.921088970302015543e+07
6.486364636539223790e+07
6.321206350742722303e+07
7.012361626519036293e+07
7.577999139953404665e+07
6.838671051358361542e+07
7.761283279572767019e+07
7.834112051748551428e+07
7.447430710794325173e+07
8.460778810214754939e+07
7.634955457803300023e+07
8.482485094336187840e+07
9.276356721775919199e+07
8.720148013311377168e+07
8.956957268627268076e+07
1.055478259683798403e+08
1.019816269274736345e+08
9.612226716197863221e+07
1.157137731768716127e+08
1.097502909532821178e+08
1.133495367047931552e+08
1.194850552900627255e+08
1.275314664181131423e+08
1.281697193351285458e+08
1.346921196013859212e+08
1.269805826663639843e+08
1.427430498026336432e+08
1.486390709653056860e+08
1.496674754696640372e+08
1.508571577491500080e+08
1.504099144747194052e+08
1.660728024594920278e+08
1.551129100260058641e+08
1.706412641621730626e+08
1.728889703644188046e+08
1.757536204428763390e+08
1.686331950216213763e+08
1.868604650507412553e+08
1.847753195776830912e+08
1.961235451885479093e+08
1.840903401265981197e+08
2.034081754315033555e+08
1.997988885416266620e+08
2.093699832155654430e+08
2.022249703088157177e+08
2.110886627837568521e+08
2.064202219886718392e+08
2.229705749360605776e+08
2.218474809213284254e+08
2.181441387619372606e+08
2.232356225691656470e+08
2.303790144493440390e+08
2.384384379254251122e+08
2.252345937949709892e+08
2.356675754783343971e+08
2.475964793712256849e+08
2.501077918926348388e+08
2.375909415697507858e+08
2.549107760901429653e+08
2.533116063947164416e+08
2.559975504760101438e+08
2.580153709005270600e+08
2.659902740381914079e+08
2.537329616762656868e+08
2.652595486698701978e+08
2.714633276106878519e+08
2.647755447850091755e+08
2.575953061373402476e+08
2.837250508659230471e+08
2.700291618657995462e+08
2.742443715122285485e+08
2.774527118781095743e+08
2.748894114115829468e+08
2.815192366067849398e+08
2.738334426580016613e+08
2.868358952270426750e+08
2.821299225597181320e+08
2.682831490048467517e+08
2.856024639025595188e+08
2.874938483440709114e+08
2.855172691875779033e+08
3.022650433217971325e+08
2.897383937731585503e+08
2.853711190434132218e+08
2.882590377384117246e+08
2.933140168780475259e+08
2.966247613895411491e+08
2.961828751334156990e+08
2.839118593777968884e+08
2.798321212149890661e+08
2.903868626640939116e+08
2.846967058038158417e+08
2.888741389919831753e+08
2.956078038370786905e+08
2.871892793788129091e+08
2.693309369480061531e+08
2.852631825396544337e+08
2.848630932756431103e+08
2.948945057927486897e+08
2.743935278967231512e+08
2.899670345634087324e+08
2.911039836792743206e+08
2.840196927928924561e+08
2.706524808118120432e+08
2.867531000746064782e+08
2.889900817607471347e+08
2.842170982293944359e+08
2.818245173763620257e+08
2.953637480000028610e+08
2.836955578577238321e+08
2.829736606106933355e+08
2.854776977514194846e+08
2.863960508006727695e+08
2.880759028455892801e+08
2.907278547889945507e+08
2.767687990627572536e+08
2.901786391766413450e+08
2.864604286518918872e+08
2.919589856260250211e+08
2.840874486405500174e+08
2.861456558846783638e+08
2.860960981047180891e+08
2.869698724258807898e+08
2.878944919920128584e+08
2.892788589216507673e+08
2.889582028471953273e+08
2.776725480827573538e+08
2.796797187154250145e+08
2.792868977030005455e+08
2.920263248222297430e+08
2.872338245269268155e+08
2.772002765899559259e+08
2.913945957189067602e+08
2.810709507435048223e+08
2.854559701456363201e+08
2.730890503635241985e+08
2.855296338655217886e+08
2.838048078559821248e+08
2.832084087220679522e+08
2.854192519298399687e+08
2.914384159926922321e+08
2.866392962557156682e+08
2.835181580532625914e+08
2.812735636047314405e+08
2.828230498353396058e+08
2.793704282645245790e+08
2.775635337246109247e+08
2.909615447615242600e+08
2.710217534873880148e+08
2.848256682016835213e+08
2.815743437317588329e+08
2.726935160806958675e+08
2.789636002639172077e+08
2.794034903731478453e+08
2.782558827613041401e+08
2.744741868486856222e+08
2.676319406758565307e+08
2.828510396059372425e+08
2.795406539187036753e+08
2.753955254970487356e+08
2.763519217999306917e+08
2.765083849552364945e+08
2.759604598267056346e+08
2.726653585829159021e+08
2.705604560774096251e+08
2.698536572057976723e+08
2.823326089086616039e+08
2.763967900784680843e+08
2.761361719005728364e+08
2.704702507615453005e+08
2.767091850296424627e+08
2.746428647913092375e+08
2.687821121510407329e+08
2.586938751290645897e+08
2.690497808253235221e+08
2.768987771841114759e+08
2.649330550746540725e+08
2.760396292397075891e+08
2.710679769089909792e+08
2.730513853388364911e+08
2.695017697842565179e+08
2.627099402816691399e+08
2.635227353270986676e+08
2.692708425022403002e+08
1.942644668675245643e+08
0.000000000000000000e+00
0.000000000000000000e+00
0.000000000000000000e+00
0.000000000000000000e+00
0.000000000000000000e+00
0.000000000000000000e+00
0.000000000000000000e+00
0.000000000000000000e+00
0.000000000000000000e+00
0.000000000000000000e+00
0.000000000000000000e+00
0.000000000000000000e+00
0.000000000000000000e+00
0.000000000000000000e+00
0.000000000000000000e+00
0.000000000000000000e+00
0.000000000000000000e+00
0.000000000000000000e+00
