0.000000000000000000e+00
0.000000000000000000e+00
0.000000000000000000e+00
0.000000000000000000e+00
0.000000000000000000e+00
0.000000000000000000e+00
0.000000000000000000e+00
0.000000000000000000e+00
0.000000000000000000e+00
0.000000000000000000e+00
0.000000000000000000e+00
0.000000000000000000e+00
1.543002373012195807e+06
3.881745502249364555e+07
2.072984385380079970e+07
1.478754622083056927e+09
1.357685229734549046e+09
3.102737320987998009e+09
2.507039504948548317e+09
4.593792252493050575e+09
6.004584698613505363e+09
1.667461337033324003e+09
1.070059653186571598e+09
7.779000680334154367e+08
1.336347596047098398e+09
1.095653688022964001e+09
1.738515165364178658e+09
2.006592098157318115e+09
1.507408385461534977e+09
1.459977043244441986e+09
1.462284598650167704e+09
9.773030537897914648e+08
1.038511960290364742e+09
1.289505988834142685e+09
1.472182663435839891e+09
1.456539858425510406e+09
1.552945031336793661e+09
3.887072903678213120e+09
2.852985842980933189e+09
1.531288641430629253e+09
1.175965893029056072e+09
6.926128344824423790e+08
5.939093318167254925e+08
