nan
nan
nan
nan
nan
nan
nan
nan
nan
nan
nan
nan
5.894992138362593025e-03
3.937564557922189519e-03
5.635036168463497877e-03
3.170266899530503613e-03
5.286277858669613527e-03
4.742235720511234036e-03
5.326105778256099571e-03
4.798861853620735481e-03
5.601789406479285374e-03
6.826139553835501930e-03
7.638718811850755096e-03
7.834969217743126269e-03
7.251441600907112227e-03
7.590660228791929788e-03
7.078744325099677742e-03
6.699496095736647006e-03
6.372520071006491926e-03
6.238276140504262803e-03
6.088119841878734603e-03
7.309016100628252903e-03
7.341188685313681898e-03
7.415959959584592087e-03
6.679706526672161276e-03
6.647347987657352235e-03
6.199163412037572186e-03
5.890461031484594927e-03
5.288911117388375369e-03
5.093339140484657440e-03
5.751387045907468097e-03
5.458893006696441397e-03
5.660086319713099681e-03
