0.000000000000000000e+00
0.000000000000000000e+00
4.733046204010654986e+07
9.872079933797000349e+07
1.518368650701151788e+08
2.465699279759106040e+08
6.245159467374248505e+08
8.846764742043797970e+08
1.072235856738345265e+09
1.738034332165511370e+09
2.198892912632687569e+09
2.235834845272778988e+09
3.825039949185676575e+09
4.946256772435787201e+09
3.577542902764214516e+09
1.024726894433523560e+10
9.361690483171947479e+09
9.664642338523181915e+09
6.359781151451778412e+09
6.818880906538808823e+09
7.960307972112308502e+09
4.100677740101210117e+09
3.613289024112453938e+09
3.387010812743537426e+09
3.663399812764799118e+09
3.285826165473094463e+09
2.796398873746684551e+09
1.961540686336656094e+09
1.620366155859453201e+09
1.590673423775368214e+09
8.883456664670000076e+08
4.692392651688208580e+08
2.699239012046903372e+08
1.780864659783564806e+08
1.154304538018352389e+08
1.178349350573391318e+08
1.083240362115438432e+08
2.778497212234124184e+09
5.780403851995189190e+08
2.999223906619108200e+09
5.808785759212051630e+08
7.735963592461798191e+08
3.302206262557450294e+09
