0.000000000000000000e+00
0.000000000000000000e+00
0.000000000000000000e+00
0.000000000000000000e+00
8.905011050827389583e+06
2.042692316732725501e+07
4.839326794220472127e+07
5.936071120751340687e+07
6.791532733240088820e+07
8.917481007282780111e+07
1.840660750254586041e+08
1.840491004750552475e+08
1.506161458150315881e+08
1.571708074169613421e+08
1.754267180575554669e+08
1.755255619795737863e+08
1.800075592144754231e+08
1.940189882507752180e+08
1.915520798774998486e+08
2.188935020742351711e+08
2.077746051423092484e+08
2.248111413295511603e+08
2.288312211856233478e+08
2.552149278374888897e+08
2.621828958955355883e+08
2.470255594815363884e+08
2.611275776236128211e+08
2.605253588193102479e+08
2.616136637847966552e+08
2.587193633053836524e+08
2.597510698315695822e+08
2.653561036961249113e+08
2.653454966788520217e+08
2.789001642408934832e+08
2.785413710601940751e+08
2.710713699925861359e+08
2.826531431943928003e+08
2.858866572135858536e+08
2.861829048727287054e+08
2.958363991517094374e+08
3.095928296513304710e+08
3.083273953932746649e+08
3.154437167348558307e+08
3.153036432953875661e+08
3.185311162691804171e+08
3.164919737062183619e+08
3.194918444650400877e+08
3.180378409050978422e+08
3.093988634026747346e+08
3.049370958620526195e+08
3.132437553461406231e+08
2.997759140880433321e+08
2.972778251486756802e+08
2.967552073785479069e+08
2.891688387737775445e+08
2.931712383127532601e+08
2.925859911091213822e+08
2.851615509200221300e+08
2.922992401796216965e+08
2.864996284631944299e+08
2.851304250379649401e+08
2.871665570914292336e+08
2.863369699852577448e+08
2.807553583927506208e+08
2.961985880894150734e+08
2.855553072256373167e+08
2.806762326109218597e+08
2.848065618166869283e+08
2.857945832663149834e+08
2.854297090288546681e+08
2.829102633624913692e+08
2.831123867960762978e+08
2.913003744284955859e+08
2.874849796311441660e+08
2.898053710572100282e+08
2.935636122507219315e+08
3.036248858846908808e+08
2.945489979450496435e+08
3.028959623401328325e+08
3.000421209522332549e+08
3.172736958197082281e+08
3.160049872479684353e+08
3.184614847370088100e+08
3.234960947643257380e+08
3.119822632087885141e+08
3.297489688330203295e+08
3.266483229615743756e+08
3.173512703599737883e+08
3.277058096047075987e+08
3.392685265600634217e+08
3.366780127036050558e+08
3.359581265455572605e+08
3.292933920666940808e+08
3.426297038237130642e+08
3.425170348298059702e+08
3.468443915125456452e+08
3.491578642821446657e+08
3.376829790750579834e+08
3.487988747542581558e+08
3.474014536345984340e+08
3.479464481589164734e+08
3.475424648057951331e+08
3.545089932700017691e+08
3.524757127167979479e+08
3.515567250467432737e+08
3.517224412022668123e+08
3.703320001511271596e+08
3.598367714701962471e+08
3.597487414404891133e+08
3.618908317633619308e+08
3.715294854403923750e+08
3.627601904315762520e+08
3.587044116891906261e+08
3.538567352576062083e+08
3.767630881435649395e+08
3.709037425809977055e+08
3.524530042109518051e+08
3.623237341702778935e+08
3.617944545500261784e+08
3.605203952877448797e+08
3.591689285768408179e+08
3.577669329746045470e+08
3.618910853781908154e+08
3.627229051210579872e+08
3.653023807535527945e+08
3.433578010148525238e+08
3.647593290184378624e+08
3.529757613783946633e+08
3.623429110310863256e+08
3.468877951970505714e+08
3.459889304160873890e+08
3.558115908080704212e+08
3.468087724900689125e+08
3.416042399264078140e+08
3.334709507532024384e+08
3.495467115143234134e+08
3.421772659804180861e+08
3.265983393908259869e+08
3.266793179708362818e+08
3.333475117468466759e+08
3.179397090291799903e+08
3.082457938463243842e+08
3.190048058925453424e+08
3.039782621267566085e+08
3.138125826941614151e+08
2.953595160179905295e+08
2.923700990146926641e+08
2.867897155402334929e+08
2.887891481194107533e+08
2.709110728895561695e+08
2.888927623876301050e+08
2.882909737883526087e+08
2.590200172639901340e+08
2.689063828369130492e+08
2.612519234758554995e+08
2.579710253325623870e+08
2.481145297395165563e+08
2.670641401870808601e+08
2.529938934072999954e+08
2.409564332214078009e+08
2.440439222148350775e+08
2.523466607720822692e+08
2.399277354569858313e+08
2.387240936682678163e+08
2.352421907170225084e+08
2.351744280580386519e+08
2.298963375987385809e+08
2.222183587902507186e+08
2.220165467572393715e+08
2.028833084177548289e+08
7.506174379375211895e+07
0.000000000000000000e+00
0.000000000000000000e+00
0.000000000000000000e+00
0.000000000000000000e+00
0.000000000000000000e+00
0.000000000000000000e+00
0.000000000000000000e+00
0.000000000000000000e+00
0.000000000000000000e+00
0.000000000000000000e+00
0.000000000000000000e+00
0.000000000000000000e+00
0.000000000000000000e+00
0.000000000000000000e+00
0.000000000000000000e+00
0.000000000000000000e+00
0.000000000000000000e+00
0.000000000000000000e+00
0.000000000000000000e+00
0.000000000000000000e+00
0.000000000000000000e+00
0.000000000000000000e+00
0.000000000000000000e+00
0.000000000000000000e+00
0.000000000000000000e+00
0.000000000000000000e+00
0.000000000000000000e+00
0.000000000000000000e+00
0.000000000000000000e+00
0.000000000000000000e+00
0.000000000000000000e+00
0.000000000000000000e+00
0.000000000000000000e+00
0.000000000000000000e+00
0.000000000000000000e+00
0.000000000000000000e+00
0.000000000000000000e+00
0.000000000000000000e+00
0.000000000000000000e+00
0.000000000000000000e+00
0.000000000000000000e+00
0.000000000000000000e+00
0.000000000000000000e+00
0.000000000000000000e+00
0.000000000000000000e+00
0.000000000000000000e+00
0.000000000000000000e+00
0.000000000000000000e+00
0.000000000000000000e+00
0.000000000000000000e+00
0.000000000000000000e+00
0.000000000000000000e+00
0.000000000000000000e+00
0.000000000000000000e+00
0.000000000000000000e+00
0.000000000000000000e+00
0.000000000000000000e+00
0.000000000000000000e+00
0.000000000000000000e+00
0.000000000000000000e+00
0.000000000000000000e+00
0.000000000000000000e+00
0.000000000000000000e+00
0.000000000000000000e+00
0.000000000000000000e+00
0.000000000000000000e+00
0.000000000000000000e+00
0.000000000000000000e+00
0.000000000000000000e+00
0.000000000000000000e+00
0.000000000000000000e+00
0.000000000000000000e+00
0.000000000000000000e+00
0.000000000000000000e+00
0.000000000000000000e+00
0.000000000000000000e+00
0.000000000000000000e+00
0.000000000000000000e+00
0.000000000000000000e+00
0.000000000000000000e+00
0.000000000000000000e+00
0.000000000000000000e+00
0.000000000000000000e+00
0.000000000000000000e+00
0.000000000000000000e+00
0.000000000000000000e+00
0.000000000000000000e+00
0.000000000000000000e+00
0.000000000000000000e+00
0.000000000000000000e+00
0.000000000000000000e+00
0.000000000000000000e+00
0.000000000000000000e+00
0.000000000000000000e+00
0.000000000000000000e+00
0.000000000000000000e+00
0.000000000000000000e+00
0.000000000000000000e+00
