0.000000000000000000e+00
0.000000000000000000e+00
0.000000000000000000e+00
0.000000000000000000e+00
1.736955413497759728e+06
7.853984474004478194e+06
1.428385987766560726e+07
1.765088826400436461e+07
2.930840498203340918e+07
3.461695967143326998e+07
5.257260720334878564e+07
6.600765730682897568e+07
7.613779818137162924e+07
8.730134853801190853e+07
9.855304419189487398e+07
1.092491903907995820e+08
1.193615844721882343e+08
1.237742690430816710e+08
1.290662699299980551e+08
1.418826017100611627e+08
1.464850652771493196e+08
1.557595707308743298e+08
1.528731259212204814e+08
1.618014299532417655e+08
1.807625293397617936e+08
1.849507814423844814e+08
1.968739162110073864e+08
1.910868158923603296e+08
2.047929455211942792e+08
2.035176270892306566e+08
2.102939319075084329e+08
2.162861586325678527e+08
2.230697234127859473e+08
2.268162902141321898e+08
2.329585859792336822e+08
2.383200902887419462e+08
2.418220461506456137e+08
2.498351532989097834e+08
2.443917297417463064e+08
2.493056521378534734e+08
2.556501761453047097e+08
2.504784479651550353e+08
2.505441921228304505e+08
2.592117502127786279e+08
2.504227510180113912e+08
2.687792796547950506e+08
2.611918339486132264e+08
2.749569833327071667e+08
2.750320572872678041e+08
2.755575973305135965e+08
2.872744645399768353e+08
2.807653767829445004e+08
2.990024977099492550e+08
2.930230099611005783e+08
2.998445236587693691e+08
3.058325687337872386e+08
3.122452624218690991e+08
3.162246206256886721e+08
3.322712519970493317e+08
3.309338224071934223e+08
3.269652726107022166e+08
3.555072519841253757e+08
3.315401079394038916e+08
3.468240220202846527e+08
3.399302605019972324e+08
3.545663338260957003e+08
3.642773260401104093e+08
3.593619516847738028e+08
3.626957998695657253e+08
3.793757921335451603e+08
3.805707189753724337e+08
3.941754981832019091e+08
4.161231083127356768e+08
3.982878105053115487e+08
4.241773319145785570e+08
4.069428202325638533e+08
4.138389499439923763e+08
4.056379201415389180e+08
4.135873892619084120e+08
3.959550834081567526e+08
3.921056516604691148e+08
4.012232266784189939e+08
3.851643989227559566e+08
3.745002770032638311e+08
3.869341080700244904e+08
3.677607118571507931e+08
3.585257109352283478e+08
3.493689529270504713e+08
3.397441059396174550e+08
3.426708200009702444e+08
3.326970244029591084e+08
3.445832560137706995e+08
3.331941839154838324e+08
3.264329748406617641e+08
3.084046861789379120e+08
3.212058603609657884e+08
3.163328988079550862e+08
3.007802293284820318e+08
3.122905716957881451e+08
3.085830696328616142e+08
3.042572859658235312e+08
3.001538929165766239e+08
2.853198464671627879e+08
2.898366022937670350e+08
2.702309213700838089e+08
2.738278580543579459e+08
2.607759326396937966e+08
2.594221423753954172e+08
2.481901007965500355e+08
2.322190277783393860e+08
2.249883314681265056e+08
2.207677735282453895e+08
2.289224465217745602e+08
2.131565220295165777e+08
2.029804215237410069e+08
2.038935426316398680e+08
2.125443547236487865e+08
2.044166190817285180e+08
2.058910694072538912e+08
2.184220366390343010e+08
2.199738337675096989e+08
2.195977023488876224e+08
2.214534788691406250e+08
2.208292267161650658e+08
2.334656089070095718e+08
2.376898534116067290e+08
2.229146786021927595e+08
1.449337820100489557e+08
6.363189671315306425e+07
0.000000000000000000e+00
0.000000000000000000e+00
0.000000000000000000e+00
0.000000000000000000e+00
0.000000000000000000e+00
0.000000000000000000e+00
0.000000000000000000e+00
0.000000000000000000e+00
0.000000000000000000e+00
0.000000000000000000e+00
0.000000000000000000e+00
0.000000000000000000e+00
0.000000000000000000e+00
0.000000000000000000e+00
0.000000000000000000e+00
0.000000000000000000e+00
0.000000000000000000e+00
0.000000000000000000e+00
0.000000000000000000e+00
0.000000000000000000e+00
0.000000000000000000e+00
0.000000000000000000e+00
0.000000000000000000e+00
0.000000000000000000e+00
0.000000000000000000e+00
0.000000000000000000e+00
0.000000000000000000e+00
0.000000000000000000e+00
0.000000000000000000e+00
0.000000000000000000e+00
0.000000000000000000e+00
0.000000000000000000e+00
0.000000000000000000e+00
0.000000000000000000e+00
0.000000000000000000e+00
0.000000000000000000e+00
0.000000000000000000e+00
0.000000000000000000e+00
0.000000000000000000e+00
0.000000000000000000e+00
0.000000000000000000e+00
0.000000000000000000e+00
0.000000000000000000e+00
0.000000000000000000e+00
0.000000000000000000e+00
0.000000000000000000e+00
0.000000000000000000e+00
0.000000000000000000e+00
0.000000000000000000e+00
0.000000000000000000e+00
0.000000000000000000e+00
0.000000000000000000e+00
0.000000000000000000e+00
0.000000000000000000e+00
0.000000000000000000e+00
0.000000000000000000e+00
0.000000000000000000e+00
0.000000000000000000e+00
0.000000000000000000e+00
0.000000000000000000e+00
0.000000000000000000e+00
0.000000000000000000e+00
0.000000000000000000e+00
0.000000000000000000e+00
0.000000000000000000e+00
0.000000000000000000e+00
0.000000000000000000e+00
0.000000000000000000e+00
0.000000000000000000e+00
0.000000000000000000e+00
0.000000000000000000e+00
0.000000000000000000e+00
0.000000000000000000e+00
0.000000000000000000e+00
0.000000000000000000e+00
0.000000000000000000e+00
0.000000000000000000e+00
0.000000000000000000e+00
0.000000000000000000e+00
0.000000000000000000e+00
0.000000000000000000e+00
0.000000000000000000e+00
0.000000000000000000e+00
0.000000000000000000e+00
0.000000000000000000e+00
0.000000000000000000e+00
0.000000000000000000e+00
0.000000000000000000e+00
0.000000000000000000e+00
0.000000000000000000e+00
0.000000000000000000e+00
0.000000000000000000e+00
0.000000000000000000e+00
0.000000000000000000e+00
0.000000000000000000e+00
0.000000000000000000e+00
0.000000000000000000e+00
0.000000000000000000e+00
0.000000000000000000e+00
0.000000000000000000e+00
0.000000000000000000e+00
0.000000000000000000e+00
0.000000000000000000e+00
0.000000000000000000e+00
0.000000000000000000e+00
0.000000000000000000e+00
0.000000000000000000e+00
0.000000000000000000e+00
0.000000000000000000e+00
0.000000000000000000e+00
0.000000000000000000e+00
0.000000000000000000e+00
0.000000000000000000e+00
0.000000000000000000e+00
0.000000000000000000e+00
0.000000000000000000e+00
0.000000000000000000e+00
0.000000000000000000e+00
0.000000000000000000e+00
0.000000000000000000e+00
0.000000000000000000e+00
0.000000000000000000e+00
0.000000000000000000e+00
0.000000000000000000e+00
0.000000000000000000e+00
0.000000000000000000e+00
0.000000000000000000e+00
0.000000000000000000e+00
0.000000000000000000e+00
0.000000000000000000e+00
0.000000000000000000e+00
0.000000000000000000e+00
0.000000000000000000e+00
0.000000000000000000e+00
0.000000000000000000e+00
0.000000000000000000e+00
0.000000000000000000e+00
0.000000000000000000e+00
0.000000000000000000e+00
0.000000000000000000e+00
