0.000000000000000000e+00
0.000000000000000000e+00
1.497684643653653911e+05
1.014892781110046315e+06
7.277077435433850624e+05
1.954326981874575606e+06
1.797879343405510113e+07
2.306131096612465382e+07
3.284780111558204889e+07
1.252981282596067488e+08
5.998890055921512842e+08
6.644411383477766514e+08
2.963033204900331497e+09
5.651374639389705658e+09
5.066636856072194099e+09
1.673466871757349777e+10
2.541216813287112808e+10
3.279239707240644073e+10
3.967533380880588531e+10
4.596552296062644958e+10
4.356108807817227173e+10
3.201815331887003326e+10
3.221001631240103531e+10
3.137315516064245224e+10
3.045866139208670044e+10
3.366805749669055176e+10
3.729621403035887909e+10
4.014679660365760040e+10
4.385597168046507263e+10
4.401638445700915527e+10
4.353132701753992462e+10
4.436402500392536163e+10
4.634921518099095154e+10
4.818168105882675934e+10
5.238171522893287659e+10
5.255879081226737213e+10
5.677257120237725830e+10
5.944939891661341858e+10
6.293819665937595367e+10
6.772612583667292023e+10
7.102815603931945801e+10
7.171467970679962158e+10
7.126761704472930908e+10
