0.000000000000000000e+00
0.000000000000000000e+00
0.000000000000000000e+00
0.000000000000000000e+00
5.879186734927977668e+05
6.064396837149488740e+06
7.203948024718201719e+06
1.201801275101954117e+07
1.698763057450179383e+07
2.208559195301080868e+07
4.164580643798401952e+07
5.415250186782727391e+07
5.138186039508204162e+07
5.566205356194103509e+07
5.474029922234246880e+07
6.102536179525624216e+07
7.013256491103413701e+07
8.525365635825186968e+07
8.844209474721455574e+07
1.046558904684471041e+08
1.158552323067530096e+08
1.284865361633941382e+08
1.335649466038850248e+08
1.432989430983356833e+08
1.474689779703613520e+08
1.480715132526459694e+08
1.551342938877778053e+08
1.637460022523960471e+08
1.702133785181105733e+08
1.841285116417834163e+08
1.977124814119921923e+08
2.078745521606890261e+08
2.141117692837628722e+08
2.381920337627277970e+08
2.378240977373975217e+08
2.393516772851323485e+08
2.498583206297857761e+08
2.513710864271171689e+08
2.539339854398763776e+08
2.623562753595695496e+08
2.740508572703682184e+08
2.773343350342383385e+08
2.817506429267525673e+08
2.851375649796389937e+08
2.926312523859868050e+08
2.905536926372551918e+08
2.933283428932787776e+08
2.962461760628324151e+08
2.884057181919918060e+08
2.852901721851171255e+08
2.916876488176736832e+08
2.807498523680483699e+08
2.842399453312232494e+08
2.812273321352632642e+08
2.749386308358021975e+08
2.824056624898352623e+08
2.783526911813304424e+08
2.770104538658754826e+08
2.809152009399187565e+08
2.798493055418070555e+08
2.769703538611274958e+08
2.750630164990725517e+08
2.747644529820907116e+08
2.693175047224684954e+08
2.866057889032667875e+08
2.736023700792050958e+08
2.721795208762559891e+08
2.785966625330916643e+08
2.779089527349308729e+08
2.747595944271420240e+08
2.760252619282203317e+08
2.763289366064060330e+08
2.853939280681320429e+08
2.820053335306931734e+08
2.806111408829718828e+08
2.858432259038336873e+08
2.920658032209213972e+08
2.856169079070936441e+08
2.931750982347032428e+08
2.899963018376237154e+08
3.072760988572030067e+08
3.063820121594443321e+08
3.067903937434400320e+08
3.161435438548147678e+08
3.044058514574023485e+08
3.192217875021313429e+08
3.165971399344369769e+08
3.064398481600816846e+08
3.159569377622942328e+08
3.276026685233307481e+08
3.265266881415309906e+08
3.264740739550631046e+08
3.261519801104898453e+08
3.396897287456565499e+08
3.352748480885009766e+08
3.425869889812062383e+08
3.439311784117166996e+08
3.338325138294998407e+08
3.433879456859849691e+08
3.447100843112083673e+08
3.446221895063610077e+08
3.431098223788573742e+08
3.489849070857990980e+08
3.441679908730533719e+08
3.448773843902268410e+08
3.430264869970619678e+08
3.595401735942097902e+08
3.510051879810395837e+08
3.521098234466548562e+08
3.540370755585919023e+08
3.616384807809138894e+08
3.525643791012243032e+08
3.494103479749263525e+08
3.416646987850370407e+08
3.669649847933495641e+08
3.616442002018430233e+08
3.443868330109162331e+08
3.542500789667873383e+08
3.547708012263295650e+08
3.552131201398338079e+08
3.523801407942705750e+08
3.479850456928552389e+08
3.520990080622073412e+08
3.517244205902594328e+08
3.521524946372644901e+08
3.320922029052299857e+08
3.527176574848452806e+08
3.398634975605739951e+08
3.508733751674736142e+08
3.369068231691045165e+08
3.328254167011077404e+08
3.456041375464270711e+08
3.349177346388866901e+08
3.334670592407909036e+08
3.196196415665647388e+08
3.397905699958443642e+08
3.304809913445131779e+08
3.175296882711949944e+08
3.177703241316805482e+08
3.237075528856873512e+08
3.109820644755854011e+08
2.978074750398075581e+08
3.113103604472078085e+08
2.948497841995073557e+08
3.051151483172966838e+08
2.868224678164080977e+08
2.855773372998998165e+08
2.776097199187927246e+08
2.819557381502777338e+08
2.638086067181888819e+08
2.799950484501757622e+08
2.796314969294468164e+08
2.498533616181367636e+08
2.605196643364011943e+08
2.517705639152114391e+08
2.449628221597049236e+08
2.389041761474290490e+08
2.577478079675943851e+08
2.454718477693803906e+08
2.288589173783876300e+08
2.341087800022565424e+08
2.404167581149396300e+08
2.275763410568953156e+08
2.266983935756708384e+08
2.216583688272005618e+08
2.229275569480865598e+08
2.162299396794714928e+08
2.097359636234645247e+08
2.077039446508485675e+08
1.834005690387365222e+08
7.255175691117474437e+07
0.000000000000000000e+00
0.000000000000000000e+00
0.000000000000000000e+00
0.000000000000000000e+00
0.000000000000000000e+00
0.000000000000000000e+00
0.000000000000000000e+00
0.000000000000000000e+00
0.000000000000000000e+00
0.000000000000000000e+00
0.000000000000000000e+00
0.000000000000000000e+00
0.000000000000000000e+00
0.000000000000000000e+00
0.000000000000000000e+00
0.000000000000000000e+00
0.000000000000000000e+00
0.000000000000000000e+00
0.000000000000000000e+00
0.000000000000000000e+00
0.000000000000000000e+00
0.000000000000000000e+00
0.000000000000000000e+00
0.000000000000000000e+00
0.000000000000000000e+00
0.000000000000000000e+00
0.000000000000000000e+00
0.000000000000000000e+00
0.000000000000000000e+00
0.000000000000000000e+00
0.000000000000000000e+00
0.000000000000000000e+00
0.000000000000000000e+00
0.000000000000000000e+00
0.000000000000000000e+00
0.000000000000000000e+00
0.000000000000000000e+00
0.000000000000000000e+00
0.000000000000000000e+00
0.000000000000000000e+00
0.000000000000000000e+00
0.000000000000000000e+00
0.000000000000000000e+00
0.000000000000000000e+00
0.000000000000000000e+00
0.000000000000000000e+00
0.000000000000000000e+00
0.000000000000000000e+00
0.000000000000000000e+00
0.000000000000000000e+00
0.000000000000000000e+00
0.000000000000000000e+00
0.000000000000000000e+00
0.000000000000000000e+00
0.000000000000000000e+00
0.000000000000000000e+00
0.000000000000000000e+00
0.000000000000000000e+00
0.000000000000000000e+00
0.000000000000000000e+00
0.000000000000000000e+00
0.000000000000000000e+00
0.000000000000000000e+00
0.000000000000000000e+00
0.000000000000000000e+00
0.000000000000000000e+00
0.000000000000000000e+00
0.000000000000000000e+00
0.000000000000000000e+00
0.000000000000000000e+00
0.000000000000000000e+00
0.000000000000000000e+00
0.000000000000000000e+00
0.000000000000000000e+00
0.000000000000000000e+00
0.000000000000000000e+00
0.000000000000000000e+00
0.000000000000000000e+00
0.000000000000000000e+00
0.000000000000000000e+00
0.000000000000000000e+00
0.000000000000000000e+00
0.000000000000000000e+00
0.000000000000000000e+00
0.000000000000000000e+00
0.000000000000000000e+00
0.000000000000000000e+00
0.000000000000000000e+00
0.000000000000000000e+00
0.000000000000000000e+00
0.000000000000000000e+00
0.000000000000000000e+00
0.000000000000000000e+00
0.000000000000000000e+00
0.000000000000000000e+00
0.000000000000000000e+00
0.000000000000000000e+00
0.000000000000000000e+00
