0.000000000000000000e+00
0.000000000000000000e+00
0.000000000000000000e+00
0.000000000000000000e+00
3.370654989277932909e+05
2.801818688438762911e+06
4.915781860546100885e+06
5.572406713687708601e+06
9.157118621619911864e+06
1.217670754826332070e+07
1.949642672533733398e+07
2.187802035645673051e+07
2.562621734443373606e+07
2.922820953875099123e+07
3.197804100050827861e+07
3.521939406181105971e+07
3.921752343804386258e+07
3.960127127340890467e+07
4.494687557104289532e+07
4.875024352118040621e+07
5.292694550725559145e+07
4.964280162883511186e+07
4.743983045596615970e+07
5.873215962243457139e+07
6.369025822211888433e+07
6.600364060693813115e+07
6.974788049758315086e+07
6.560247917385505885e+07
8.010870292138549685e+07
7.277041700839884579e+07
7.714553002036967874e+07
8.212137166905096173e+07
7.579606704138708115e+07
8.402137572651752830e+07
8.420065026218351722e+07
8.085282787476095557e+07
9.403223374026671052e+07
9.010424580618238449e+07
7.801434412788456678e+07
7.694498338118362427e+07
8.598473829881235957e+07
8.161565818766388297e+07
7.833465653431722522e+07
8.065712955971798301e+07
7.302030202132447064e+07
8.231577904434111714e+07
7.483854446567347646e+07
8.012087603941318393e+07
6.997339971779555082e+07
7.763232995466366410e+07
7.474557994785512984e+07
7.694154906350474060e+07
8.457601630464552343e+07
7.745701207421517372e+07
7.562606765311124921e+07
7.935238967992915213e+07
7.653594122979265451e+07
7.167251023509106040e+07
9.159328481820669770e+07
8.366512422744590044e+07
9.082917182065731287e+07
9.490184065576377511e+07
8.928290946814173460e+07
9.296741045596238971e+07
9.053578109840154648e+07
1.043260603871977329e+08
1.040036031590589285e+08
1.050066172220313102e+08
1.049733370058985800e+08
1.081413125611798465e+08
1.145059291659724265e+08
1.186313414714931399e+08
1.224306920931082815e+08
1.160166921225193739e+08
1.292775812969831228e+08
1.170264959586784244e+08
1.167102370581673980e+08
1.173558632911319733e+08
1.283081444198239148e+08
1.188824209603176266e+08
1.135813091093695462e+08
1.141595461250203252e+08
1.208574705595811456e+08
1.108206218856778145e+08
1.212979240262848735e+08
1.148615445659222901e+08
1.163205982752695233e+08
1.182735169774440229e+08
1.176544409350531846e+08
1.240143872980351746e+08
1.265931915036977828e+08
1.264683663233661354e+08
1.335788828675664961e+08
1.407859261910508871e+08
1.356128749211357236e+08
1.498060943179400563e+08
1.593796929210745096e+08
1.499698804157760441e+08
1.682928864955174029e+08
1.696129523567875028e+08
1.725292105487565696e+08
1.786235317320486307e+08
1.700984962852809429e+08
1.858198137748454213e+08
1.782106528973502219e+08
1.778206651548717916e+08
1.810400161471013725e+08
1.892684550649502277e+08
1.777787924713764191e+08
1.772309907687749565e+08
1.800529690418074131e+08
1.723718007918004692e+08
1.828399614693844318e+08
1.776338363126397729e+08
1.708227075526122451e+08
1.698449077553120255e+08
1.842434878722971678e+08
1.756029334580384791e+08
1.794121231647920907e+08
1.964278341433607340e+08
1.946160381150373518e+08
1.987754771262727380e+08
1.982410331321943104e+08
2.025839919798069000e+08
2.109457569516634941e+08
2.122035475891195536e+08
2.015489940770811439e+08
1.312866796731453389e+08
5.477912082542811334e+07
0.000000000000000000e+00
0.000000000000000000e+00
0.000000000000000000e+00
0.000000000000000000e+00
0.000000000000000000e+00
0.000000000000000000e+00
0.000000000000000000e+00
0.000000000000000000e+00
0.000000000000000000e+00
0.000000000000000000e+00
0.000000000000000000e+00
0.000000000000000000e+00
0.000000000000000000e+00
0.000000000000000000e+00
0.000000000000000000e+00
0.000000000000000000e+00
0.000000000000000000e+00
0.000000000000000000e+00
0.000000000000000000e+00
0.000000000000000000e+00
0.000000000000000000e+00
0.000000000000000000e+00
0.000000000000000000e+00
0.000000000000000000e+00
0.000000000000000000e+00
0.000000000000000000e+00
0.000000000000000000e+00
0.000000000000000000e+00
0.000000000000000000e+00
0.000000000000000000e+00
0.000000000000000000e+00
0.000000000000000000e+00
0.000000000000000000e+00
0.000000000000000000e+00
0.000000000000000000e+00
0.000000000000000000e+00
0.000000000000000000e+00
0.000000000000000000e+00
0.000000000000000000e+00
0.000000000000000000e+00
0.000000000000000000e+00
0.000000000000000000e+00
0.000000000000000000e+00
0.000000000000000000e+00
0.000000000000000000e+00
0.000000000000000000e+00
0.000000000000000000e+00
0.000000000000000000e+00
0.000000000000000000e+00
0.000000000000000000e+00
0.000000000000000000e+00
0.000000000000000000e+00
0.000000000000000000e+00
0.000000000000000000e+00
0.000000000000000000e+00
0.000000000000000000e+00
0.000000000000000000e+00
0.000000000000000000e+00
0.000000000000000000e+00
0.000000000000000000e+00
0.000000000000000000e+00
0.000000000000000000e+00
0.000000000000000000e+00
0.000000000000000000e+00
0.000000000000000000e+00
0.000000000000000000e+00
0.000000000000000000e+00
0.000000000000000000e+00
0.000000000000000000e+00
0.000000000000000000e+00
0.000000000000000000e+00
0.000000000000000000e+00
0.000000000000000000e+00
0.000000000000000000e+00
0.000000000000000000e+00
0.000000000000000000e+00
0.000000000000000000e+00
0.000000000000000000e+00
0.000000000000000000e+00
0.000000000000000000e+00
0.000000000000000000e+00
0.000000000000000000e+00
0.000000000000000000e+00
0.000000000000000000e+00
0.000000000000000000e+00
0.000000000000000000e+00
0.000000000000000000e+00
0.000000000000000000e+00
0.000000000000000000e+00
0.000000000000000000e+00
0.000000000000000000e+00
0.000000000000000000e+00
0.000000000000000000e+00
0.000000000000000000e+00
0.000000000000000000e+00
0.000000000000000000e+00
0.000000000000000000e+00
0.000000000000000000e+00
0.000000000000000000e+00
0.000000000000000000e+00
0.000000000000000000e+00
0.000000000000000000e+00
0.000000000000000000e+00
0.000000000000000000e+00
0.000000000000000000e+00
0.000000000000000000e+00
0.000000000000000000e+00
0.000000000000000000e+00
0.000000000000000000e+00
0.000000000000000000e+00
0.000000000000000000e+00
0.000000000000000000e+00
0.000000000000000000e+00
0.000000000000000000e+00
0.000000000000000000e+00
0.000000000000000000e+00
0.000000000000000000e+00
0.000000000000000000e+00
0.000000000000000000e+00
0.000000000000000000e+00
0.000000000000000000e+00
0.000000000000000000e+00
0.000000000000000000e+00
0.000000000000000000e+00
0.000000000000000000e+00
0.000000000000000000e+00
0.000000000000000000e+00
0.000000000000000000e+00
0.000000000000000000e+00
0.000000000000000000e+00
0.000000000000000000e+00
0.000000000000000000e+00
0.000000000000000000e+00
0.000000000000000000e+00
0.000000000000000000e+00
0.000000000000000000e+00
0.000000000000000000e+00
0.000000000000000000e+00
0.000000000000000000e+00
0.000000000000000000e+00
