0.000000000000000000e+00
3.630284509382680990e+05
3.629504729961681878e+05
2.268371524360774551e+06
1.976821668031050637e+07
3.162742069980215654e+07
5.779334425760281831e+07
1.881783217854442835e+09
2.438098220996066093e+09
7.678124617195276260e+09
1.992632222703852844e+10
4.391409611182865906e+10
5.170281582474337769e+10
6.092710546434947968e+10
7.904329084300375366e+10
9.044488681511665344e+10
8.941035755170599365e+10
8.369721271089649963e+10
8.005461723389631653e+10
7.635627911096888733e+10
9.115412516994612122e+10
8.799639794047453308e+10
