nan
2.372709633536776289e-04
3.366822278338553920e-04
5.976101337497068859e-04
8.153401632287901948e-04
1.025908844215519611e-03
1.193048047585149951e-03
1.814034148240618307e-03
3.260501990897513632e-03
2.733756634981703883e-03
5.647137277731010055e-03
6.729419277121170134e-03
7.734556786747373916e-03
8.772238497257502446e-03
7.758444813411789071e-03
8.663953051214146051e-03
9.002244482665806152e-03
8.419392684883389086e-03
8.923132238999974611e-03
1.173852314465958363e-02
1.718750960043637435e-02
1.732390209748452953e-02
