0.000000000000000000e+00
4.640817339824614674e+07
1.030444557366285026e+08
2.777697299513618946e+08
6.987624086332237720e+08
9.121489946471464634e+08
1.266266293267359734e+09
3.407026201877897739e+09
3.864079748141435623e+09
5.493833924158263206e+09
9.240334673652381897e+09
4.930477694650782585e+09
4.204950950361328602e+09
7.478653130503992081e+09
7.163172592285068512e+09
4.814474367752731323e+09
6.845795695325493813e+09
2.925580631233320713e+09
2.022589448491661549e+09
9.619165452468289137e+08
1.616677733544125795e+09
1.276245291544272900e+09
