0.000000000000000000e+00
3.630284509382680990e+05
3.629504729961681878e+05
2.268371524360774551e+06
1.976821668031050637e+07
3.162742069980215654e+07
5.779334425760281831e+07
1.504145384064194202e+09
2.126632667547016621e+09
6.339422152674439430e+09
1.219250609518134689e+10
2.576754428370439529e+10
2.828714090150599670e+10
3.327901468715651703e+10
4.562283899182640839e+10
4.926572996339549255e+10
5.314342161849028778e+10
4.126807622321179199e+10
4.019603179928176880e+10
3.516124309015956879e+10
4.298843594089446259e+10
4.990386305833621216e+10
