nan
7.395926804747432470e-04
8.571217476855963469e-04
1.457508473928707414e-03
1.574005530247549493e-03
1.920466006507881270e-03
2.075759160012147567e-03
2.101637634861761635e-03
2.715956909584511716e-03
1.757026627990970280e-03
2.991759867477821865e-03
3.265027319551493980e-03
4.000736573139976847e-03
3.877866957201509673e-03
4.145989227027273814e-03
4.990950161416686515e-03
4.900022840600315455e-03
4.123346107703728704e-03
3.635944141220077627e-03
2.840123261375295926e-03
5.846111781054343787e-03
5.405338702350099937e-03
