0.000000000000000000e+00
0.000000000000000000e+00
0.000000000000000000e+00
0.000000000000000000e+00
0.000000000000000000e+00
0.000000000000000000e+00
0.000000000000000000e+00
1.482744980426822230e+07
6.228003374332670122e+06
4.550474189934196323e+07
1.878686414427608967e+09
2.449279158368290901e+09
6.837519988462942123e+09
5.628338348428293228e+09
1.300844371340081215e+10
6.641402572659793854e+09
7.004927478722047806e+09
8.550951014574631691e+09
1.095962201854871178e+10
1.441329284724087334e+10
9.490015837671758652e+09
1.150636281470313072e+10
