nan
7.395926804747432470e-04
8.571217476855963469e-04
1.457508473928707414e-03
1.574005530247549493e-03
1.920466006507881270e-03
2.075759160012147567e-03
1.876797052038731107e-03
2.477538063965442801e-03
1.574178600577171841e-03
2.623295118445663748e-03
2.891896825476419561e-03
3.200088215920613658e-03
3.172675105089122101e-03
3.195283071308885163e-03
4.189265563639940453e-03
4.050066612004772984e-03
2.841059925344682768e-03
2.421598079742964035e-03
1.865820275209636135e-03
6.116702107949752339e-03
5.362236962388385389e-03
