0.000000000000000000e+00
0.000000000000000000e+00
2.122528221463965601e+05
5.676852295297581702e+06
3.164138355943305790e+07
6.173986150675354153e+07
1.366301803900648654e+08
9.543951766381611824e+08
1.142473317648935795e+09
1.188374044325041294e+09
2.421100652295873165e+09
1.291833446817785978e+09
1.413607553965493202e+09
1.352906713036809683e+09
1.610689440608675241e+09
6.042846138848618269e+08
6.085938349692990780e+08
7.905204561525292397e+08
8.686893171717729568e+08
1.440911155527058125e+09
8.716677716424884796e+08
6.405250024603040218e+08
