0.000000000000000000e+00
0.000000000000000000e+00
0.000000000000000000e+00
0.000000000000000000e+00
0.000000000000000000e+00
0.000000000000000000e+00
0.000000000000000000e+00
3.776378337902486324e+08
3.114655534490495324e+08
1.338702464520837069e+09
7.733816131857185364e+09
1.814655182812427521e+10
2.341567492323736954e+10
2.764809077719297409e+10
3.342045185117733765e+10
4.117915685172117615e+10
3.626693593321572113e+10
4.242913648768470001e+10
3.985858543461457825e+10
4.119503602080931091e+10
4.816568922905164337e+10
3.809253488213826752e+10
