nan
nan
3.792868810705840588e-04
8.868077194823980117e-04
7.722699733909767781e-04
1.184591248956722020e-03
1.452426649215308183e-03
1.089365390220008124e-03
2.016343082547365512e-03
2.074203315870304896e-03
2.004152494825185531e-03
2.997981184826713653e-03
2.794109093220766091e-03
3.586633446136553143e-03
2.540776204893601016e-03
4.476562238341461920e-03
5.996209152045675270e-03
3.059547364065101117e-03
2.892256523168722487e-03
9.436213370718476035e-04
1.023114096686758958e-03
9.299741870428557614e-03
