0.000000000000000000e+00
0.000000000000000000e+00
0.000000000000000000e+00
0.000000000000000000e+00
3.278028186825372651e+07
9.176638112172979116e+07
1.541282345402402580e+08
1.935512439204844832e+08
2.483140664165204167e+08
2.599044246940882206e+08
7.425417334021449089e+08
7.937093117939441204e+08
7.541071216132125854e+08
7.102514499868673086e+08
7.054942687255477905e+08
6.893368031215720177e+08
6.886862657496675253e+08
6.804927606252014637e+08
6.808153984571070671e+08
6.785362789224011898e+08
6.574506419938923120e+08
6.359787463167954683e+08
6.374939114417989254e+08
6.166197049679561853e+08
6.160161071049575806e+08
6.054972309015569687e+08
6.004333133745150566e+08
5.974320506735050678e+08
6.015615449529752731e+08
6.047822337490928173e+08
6.150458883966898918e+08
6.167765938656939268e+08
6.134785174746570587e+08
6.148023742880177498e+08
6.252426320705001354e+08
6.224816021459109783e+08
6.398918221576359272e+08
6.293983064423646927e+08
6.389275590216040611e+08
6.379678524072479010e+08
6.180559887106359005e+08
6.434911368444662094e+08
6.280390961998956203e+08
6.177216868071746826e+08
6.442763387996107340e+08
6.115217466220761538e+08
6.239485582717161179e+08
6.063756254848693609e+08
6.090124849799532890e+08
5.987538002241665125e+08
6.009347045858224630e+08
5.819456894068924189e+08
5.877310304967436790e+08
5.951498356396998167e+08
5.691250064535152912e+08
5.748651453026008606e+08
5.724977212956221104e+08
5.707771459750638008e+08
5.656863801686652899e+08
5.790162237217042446e+08
5.590966233255774975e+08
5.542356949130040407e+08
5.511374411917777061e+08
5.513023582391877174e+08
5.484805001798467636e+08
5.279812480708010793e+08
5.478273694680000544e+08
5.288962273996918797e+08
5.220651562369028330e+08
5.271345609020689726e+08
5.226262847690938115e+08
5.202969347496082783e+08
5.144776142257519960e+08
5.288033970567114353e+08
5.020466977710943222e+08
5.169798366039583683e+08
5.080323975531196594e+08
5.102776493015436530e+08
5.035971541597650051e+08
5.064825702242791653e+08
4.986749508004893064e+08
4.968145783620152473e+08
4.967849680622251034e+08
4.860468253601373434e+08
4.915412629740147591e+08
4.805810092500987649e+08
4.902294387968045473e+08
4.901437504402775764e+08
4.791399034959957004e+08
4.806903268089766502e+08
4.871103569171724319e+08
4.792024202110306025e+08
4.690092924672396183e+08
4.786975934938615561e+08
4.565004528443217278e+08
4.779166398098849058e+08
4.747464615918885469e+08
4.522076429251826406e+08
4.725913490563055277e+08
4.613458471914688349e+08
4.530721931079136729e+08
4.815045078004167676e+08
4.523887985336329937e+08
4.558182985462372303e+08
4.541367257572091818e+08
4.688168830003942251e+08
4.581259263965660334e+08
4.609051658147487044e+08
4.579144097917478681e+08
4.632221157111431360e+08
4.511643406134046316e+08
4.625324338198786974e+08
4.456246277960554957e+08
4.619099053123910427e+08
4.630272339401037693e+08
4.469409507506450415e+08
4.587667779243570566e+08
4.575636475861085057e+08
4.539760526219945550e+08
4.447146852011584044e+08
4.360076657753742933e+08
4.689104378101290464e+08
4.439635687391388416e+08
4.330858408715820312e+08
4.345296228897250891e+08
4.486780397241652012e+08
4.342151161579941511e+08
4.376037770264216661e+08
4.243588015624732375e+08
4.438549364162628055e+08
4.369654767824324369e+08
4.201221939618730545e+08
4.233353916185315847e+08
4.247726886530683041e+08
4.325262032185112238e+08
4.093404690232012272e+08
4.113992830211024284e+08
4.115538072626149654e+08
4.139131244926239252e+08
4.054770407599175572e+08
3.926134344103418589e+08
3.925757943374903798e+08
4.011254297733030319e+08
3.829758636927397251e+08
3.899144011912580729e+08
3.803413721697396040e+08
3.737081326901713610e+08
3.612305865452401638e+08
3.729414803804514408e+08
3.564840451005618572e+08
3.614773393013919592e+08
3.483721734243694544e+08
3.617480262221760154e+08
3.328678545243502855e+08
3.349510583894799352e+08
3.490444757261909246e+08
3.324207709154207706e+08
3.326265881188061237e+08
3.295977719865620136e+08
3.166403387196027637e+08
3.270462604958407879e+08
3.109340437135365605e+08
3.202971851286849380e+08
3.182359848178567886e+08
2.946213724867322445e+08
2.987839353407502174e+08
3.058596036407202482e+08
3.071019314691703320e+08
3.084022897802743912e+08
2.980263246728925109e+08
2.922541048086717129e+08
2.989587306349706650e+08
2.876754728287474513e+08
2.986958121354155540e+08
2.911897338143924475e+08
2.783240622789820433e+08
2.847764890029742718e+08
2.895347295705971718e+08
2.816710512598783374e+08
2.792347815861309767e+08
2.798753894466690421e+08
2.663084907321657836e+08
2.806651822564421892e+08
2.671805779720899463e+08
2.723484627197782993e+08
2.786869920554939508e+08
2.652121577137197554e+08
2.650852178652713895e+08
2.630620438833768070e+08
2.664902204124574065e+08
2.614232208086355329e+08
2.611188758089038432e+08
2.645385925325990915e+08
2.509739900571047068e+08
2.573595206043291390e+08
2.486640086932172477e+08
2.474792071296683550e+08
2.662052291400519013e+08
2.665744142355117202e+08
2.509067063393596411e+08
2.450814704411452115e+08
2.424851265798723102e+08
2.423851567925966084e+08
2.387425603619624376e+08
2.587905050108278692e+08
2.383316903020538092e+08
2.493595566561667919e+08
2.344140548171041608e+08
2.349613824348180890e+08
2.399798418335207403e+08
2.323289266970395148e+08
2.435776274743164778e+08
2.350891501288215220e+08
2.240706865204835534e+08
2.213636919800949991e+08
2.355022720366815925e+08
2.374757790985107422e+08
2.296869665616948009e+08
2.251605633065808415e+08
2.209543521474955976e+08
2.175371807114244103e+08
2.238921794748375416e+08
1.443572586232297719e+08
0.000000000000000000e+00
0.000000000000000000e+00
0.000000000000000000e+00
0.000000000000000000e+00
0.000000000000000000e+00
0.000000000000000000e+00
0.000000000000000000e+00
0.000000000000000000e+00
0.000000000000000000e+00
0.000000000000000000e+00
0.000000000000000000e+00
0.000000000000000000e+00
0.000000000000000000e+00
0.000000000000000000e+00
0.000000000000000000e+00
0.000000000000000000e+00
0.000000000000000000e+00
0.000000000000000000e+00
0.000000000000000000e+00
0.000000000000000000e+00
0.000000000000000000e+00
0.000000000000000000e+00
0.000000000000000000e+00
0.000000000000000000e+00
0.000000000000000000e+00
0.000000000000000000e+00
0.000000000000000000e+00
0.000000000000000000e+00
0.000000000000000000e+00
0.000000000000000000e+00
0.000000000000000000e+00
0.000000000000000000e+00
0.000000000000000000e+00
0.000000000000000000e+00
0.000000000000000000e+00
0.000000000000000000e+00
0.000000000000000000e+00
0.000000000000000000e+00
0.000000000000000000e+00
0.000000000000000000e+00
0.000000000000000000e+00
0.000000000000000000e+00
0.000000000000000000e+00
0.000000000000000000e+00
0.000000000000000000e+00
0.000000000000000000e+00
