5.930822383882200345e+06
2.137052639023841172e+07
3.330662965811562538e+07
6.008409428043368459e+07
1.148185195317487121e+08
1.353875255039713383e+08
2.209107505373166203e+08
9.624778234313186407e+08
1.627436411704107046e+09
1.673293484403644800e+09
5.758057005823881149e+09
1.051525571910149002e+10
1.282797916269165611e+10
1.735558582470374298e+10
2.317779120747746277e+10
2.252651602525432587e+10
2.498553141690204239e+10
3.440525178762120056e+10
3.905994700944340515e+10
4.956557965559363556e+10
5.493606995292285156e+10
5.709185796198774719e+10
