0.000000000000000000e+00
0.000000000000000000e+00
0.000000000000000000e+00
0.000000000000000000e+00
1.675709027391168289e+07
4.268601702935996652e+07
1.052256799612055570e+08
1.853194547350649238e+08
2.875376995865942836e+08
3.610244061102660298e+08
5.879392433872647285e+08
6.233293616771399975e+08
5.567704180353298187e+08
5.377527455792820454e+08
5.354384584417116046e+08
5.398588047253584862e+08
5.846649003027235270e+08
5.734829188702367544e+08
5.997419144418478012e+08
6.115687731791794300e+08
6.041801773113346100e+08
5.978173905700346231e+08
5.965282328218061924e+08
6.082544502275931835e+08
5.899275512676485777e+08
6.025327344341210127e+08
6.156151008885986805e+08
6.208371881604865789e+08
6.284985433400346041e+08
6.192389896869605780e+08
5.969618255490405560e+08
6.101763539769977331e+08
6.029980980469963551e+08
5.986977488877238035e+08
5.825680695573384762e+08
6.026824653947436810e+08
5.916455629459235668e+08
5.858567108626166582e+08
5.784466912218058109e+08
6.018975813613612652e+08
5.682007636725440025e+08
5.964539764060066938e+08
5.682775432149790525e+08
5.620671789374753237e+08
5.790769654299826622e+08
5.810394910242950916e+08
5.795050973110885620e+08
5.684364955093694925e+08
5.697630587196353674e+08
5.590185135021086931e+08
5.796624711186107397e+08
5.595335174114677906e+08
5.767738814250783920e+08
5.731641145370328426e+08
5.626194295275998116e+08
5.728675259938069582e+08
5.612767723484538794e+08
5.849146601834341288e+08
5.537947744697847366e+08
5.929230532860136032e+08
5.640017254755582809e+08
5.792397362464466095e+08
5.760216904314378500e+08
5.912889826034804583e+08
5.855253191881079674e+08
5.919157415248556137e+08
5.957270843567780256e+08
5.959912204258058071e+08
6.039431687515001297e+08
6.108087073874202967e+08
6.133937761135385036e+08
6.162969186753885746e+08
6.203911840707819462e+08
6.203829678428452015e+08
6.348443258609044552e+08
6.234447973820390701e+08
6.456195027248516083e+08
6.445112088033301830e+08
6.426707487176488638e+08
6.496034883130090237e+08
6.635479405833603144e+08
6.460229047457828522e+08
6.512599136232841015e+08
6.629662578310425282e+08
6.525477091546154022e+08
6.550327598477149010e+08
6.578553524457308054e+08
6.661129797756234407e+08
6.569778428098220825e+08
6.730181562477710247e+08
6.800043319066087008e+08
6.606332058004660606e+08
6.709731182608668804e+08
6.736259173854279518e+08
6.478714542899808884e+08
6.590481129611270428e+08
6.675907030470411777e+08
6.516714104564621449e+08
6.597099821071963310e+08
6.731720496057311296e+08
6.563843217997500896e+08
6.545696238079426289e+08
6.687465178925552368e+08
6.639858520161261559e+08
6.662159785030446053e+08
6.509658574841899872e+08
6.747906492586921453e+08
6.645007787419676781e+08
6.682329437538049221e+08
6.722225288047975302e+08
6.636171558302052021e+08
6.576356370626817942e+08
6.631351698663773537e+08
6.830510969128662348e+08
6.438480166089435816e+08
6.705959446264294386e+08
6.415810809826219082e+08
6.477103000167710781e+08
6.610580595822829008e+08
6.546324963146083355e+08
6.172348580801749229e+08
6.340887612919702530e+08
6.634518123840996027e+08
6.217929905101915598e+08
6.220969535644574165e+08
6.164806664286903143e+08
6.325226276549527645e+08
6.269650627175821066e+08
6.297631409862341881e+08
6.052033604850862026e+08
6.203069378295292854e+08
6.010765670208257437e+08
6.063886413836319447e+08
5.992041986140713692e+08
6.094160463900642395e+08
6.010383300312485695e+08
6.096750746966431141e+08
6.099389340296361446e+08
5.983001292337713242e+08
6.114512005899107456e+08
6.127083296997539997e+08
6.035037135309448242e+08
5.816352809244505167e+08
5.910239580639491081e+08
5.834078489014086723e+08
5.812551006973731518e+08
5.727923935903298855e+08
5.616170183360824585e+08
6.126903712581069469e+08
5.890566158602997065e+08
5.613544209221713543e+08
5.712512041630233526e+08
5.454884182209684849e+08
5.406243008711627722e+08
5.355130603423480988e+08
5.167188261323550940e+08
5.136063688754257560e+08
4.947935075049046278e+08
4.779746549636008739e+08
5.137543984828017950e+08
5.080945572883408666e+08
5.014658702477973700e+08
4.805690704251154661e+08
4.803242116390564442e+08
4.628053405560382009e+08
4.705346928188672066e+08
4.753949610094473362e+08
4.670827015236971974e+08
4.649854820629682541e+08
4.359107435730407238e+08
4.215899672810372710e+08
4.149163706035279632e+08
4.029115413333846331e+08
4.041265046309217215e+08
3.951420114608995914e+08
3.615434856381789446e+08
3.589781441501373053e+08
3.475258653618992567e+08
3.393931776578170657e+08
3.292816659333176613e+08
3.323960586569290161e+08
3.109963774069911242e+08
3.253446373935769796e+08
3.210874894580079317e+08
3.111444119467068911e+08
3.045684822893677950e+08
3.115141760048995018e+08
3.142713293522570133e+08
3.116976046966125965e+08
1.986900469093400538e+08
2.572351034956660867e+07
0.000000000000000000e+00
0.000000000000000000e+00
0.000000000000000000e+00
0.000000000000000000e+00
0.000000000000000000e+00
0.000000000000000000e+00
0.000000000000000000e+00
0.000000000000000000e+00
0.000000000000000000e+00
0.000000000000000000e+00
0.000000000000000000e+00
0.000000000000000000e+00
0.000000000000000000e+00
0.000000000000000000e+00
0.000000000000000000e+00
0.000000000000000000e+00
0.000000000000000000e+00
0.000000000000000000e+00
0.000000000000000000e+00
0.000000000000000000e+00
0.000000000000000000e+00
0.000000000000000000e+00
0.000000000000000000e+00
0.000000000000000000e+00
0.000000000000000000e+00
0.000000000000000000e+00
0.000000000000000000e+00
0.000000000000000000e+00
0.000000000000000000e+00
0.000000000000000000e+00
0.000000000000000000e+00
0.000000000000000000e+00
0.000000000000000000e+00
0.000000000000000000e+00
0.000000000000000000e+00
0.000000000000000000e+00
0.000000000000000000e+00
0.000000000000000000e+00
0.000000000000000000e+00
0.000000000000000000e+00
0.000000000000000000e+00
0.000000000000000000e+00
0.000000000000000000e+00
0.000000000000000000e+00
0.000000000000000000e+00
0.000000000000000000e+00
0.000000000000000000e+00
0.000000000000000000e+00
0.000000000000000000e+00
0.000000000000000000e+00
0.000000000000000000e+00
0.000000000000000000e+00
0.000000000000000000e+00
0.000000000000000000e+00
0.000000000000000000e+00
0.000000000000000000e+00
0.000000000000000000e+00
0.000000000000000000e+00
0.000000000000000000e+00
0.000000000000000000e+00
0.000000000000000000e+00
0.000000000000000000e+00
0.000000000000000000e+00
0.000000000000000000e+00
0.000000000000000000e+00
0.000000000000000000e+00
0.000000000000000000e+00
0.000000000000000000e+00
0.000000000000000000e+00
0.000000000000000000e+00
0.000000000000000000e+00
0.000000000000000000e+00
0.000000000000000000e+00
0.000000000000000000e+00
0.000000000000000000e+00
0.000000000000000000e+00
0.000000000000000000e+00
0.000000000000000000e+00
