0.000000000000000000e+00
0.000000000000000000e+00
0.000000000000000000e+00
0.000000000000000000e+00
2.719895512181900442e+07
8.337189678359547257e+07
1.135736756781269759e+08
1.431643226574637890e+08
1.696105557854229808e+08
1.973087459469355643e+08
4.197730475534196496e+08
4.477466823816545010e+08
4.590805777702924609e+08
4.499740299441682100e+08
4.250265502439953685e+08
4.723252599776313901e+08
4.908139371828453541e+08
5.094396298494410515e+08
5.114505607210586071e+08
5.158193377143721581e+08
5.349751275676127672e+08
5.209429811502175331e+08
5.573937985354223251e+08
5.630508624288675785e+08
5.728720226780503988e+08
5.923154799710240364e+08
6.242077200208808184e+08
6.262639743002648354e+08
6.585437471759396791e+08
6.227876131435468197e+08
6.548070635468355417e+08
6.524742254236810207e+08
6.684953279510982037e+08
6.772015370570216179e+08
6.605027512662153244e+08
6.903029278980751038e+08
6.612297755007665157e+08
6.815626019503465891e+08
6.852627777825164795e+08
6.683104498699460030e+08
6.544637756043165922e+08
6.201265005742187500e+08
6.169417274352183342e+08
6.114705319697312117e+08
5.940147630373128653e+08
6.182861748775243759e+08
6.050226362353034019e+08
6.276623216704924107e+08
6.204996726097382307e+08
6.233153185322818756e+08
6.302043987075403929e+08
6.343437555111248493e+08
6.351664288586291075e+08
6.197457327424521446e+08
6.470607565873067379e+08
6.349667707106709480e+08
6.308639708270845413e+08
6.367331932548544407e+08
6.261350504976100922e+08
6.311100455799510479e+08
6.383167733442225456e+08
6.262662758653715849e+08
6.370984577619674206e+08
6.206807609891548157e+08
6.100378316340239048e+08
5.941462444998893738e+08
6.010996432692099810e+08
5.881274623755948544e+08
5.760871767534726858e+08
5.760940208929247856e+08
5.825566240975790024e+08
5.599949585155613422e+08
5.339486769674919844e+08
5.487807119617969990e+08
5.431741567813024521e+08
5.212753901197917461e+08
5.240918245949656963e+08
5.072528715051678419e+08
5.176109558448909521e+08
5.127627711129027605e+08
5.156287496003155708e+08
5.179266670000966787e+08
5.012573473452186584e+08
4.956606308353803158e+08
4.949255162580834627e+08
4.912194679504764676e+08
5.086740474913123846e+08
5.022029633495820761e+08
4.812264818413721323e+08
4.873566928975267410e+08
4.772704686846350431e+08
4.648640972724816203e+08
4.757816206108034849e+08
4.628997015546263456e+08
4.706403837955300212e+08
4.638520597841453552e+08
4.513116959063881636e+08
4.398375253290084004e+08
4.529335973670275211e+08
4.423330883163527250e+08
4.354577914607964158e+08
4.403826530403146744e+08
4.304640320657246709e+08
4.400027491555139422e+08
4.465858900385795832e+08
4.397544603416681886e+08
4.249683759359732866e+08
4.200887573339255452e+08
4.182571543832978606e+08
4.158251109993388653e+08
4.109604789004751444e+08
4.037596406226863265e+08
3.996843108041217327e+08
4.007053357407558560e+08
3.957795134188318849e+08
3.921648877340564728e+08
3.981610626450778246e+08
3.703118845500165820e+08
3.994275883318176270e+08
3.869344467573512793e+08
3.736132194007883072e+08
3.796290440347828269e+08
3.726249789317897558e+08
3.805957148226734400e+08
3.782869562576439381e+08
3.572909934720792770e+08
3.677416130986291766e+08
3.645757356805278063e+08
3.696213979620351195e+08
3.639525924473903775e+08
3.612913022792926431e+08
3.656869366705738306e+08
3.629245456205575466e+08
2.818719662633259892e+08
6.546475962788758799e+06
0.000000000000000000e+00
0.000000000000000000e+00
0.000000000000000000e+00
0.000000000000000000e+00
0.000000000000000000e+00
0.000000000000000000e+00
0.000000000000000000e+00
0.000000000000000000e+00
0.000000000000000000e+00
0.000000000000000000e+00
0.000000000000000000e+00
0.000000000000000000e+00
0.000000000000000000e+00
0.000000000000000000e+00
0.000000000000000000e+00
0.000000000000000000e+00
0.000000000000000000e+00
0.000000000000000000e+00
0.000000000000000000e+00
0.000000000000000000e+00
0.000000000000000000e+00
0.000000000000000000e+00
0.000000000000000000e+00
0.000000000000000000e+00
0.000000000000000000e+00
0.000000000000000000e+00
0.000000000000000000e+00
0.000000000000000000e+00
0.000000000000000000e+00
0.000000000000000000e+00
0.000000000000000000e+00
0.000000000000000000e+00
0.000000000000000000e+00
0.000000000000000000e+00
0.000000000000000000e+00
0.000000000000000000e+00
0.000000000000000000e+00
0.000000000000000000e+00
0.000000000000000000e+00
0.000000000000000000e+00
0.000000000000000000e+00
0.000000000000000000e+00
0.000000000000000000e+00
0.000000000000000000e+00
0.000000000000000000e+00
0.000000000000000000e+00
0.000000000000000000e+00
0.000000000000000000e+00
0.000000000000000000e+00
0.000000000000000000e+00
0.000000000000000000e+00
0.000000000000000000e+00
0.000000000000000000e+00
0.000000000000000000e+00
0.000000000000000000e+00
0.000000000000000000e+00
0.000000000000000000e+00
0.000000000000000000e+00
0.000000000000000000e+00
0.000000000000000000e+00
0.000000000000000000e+00
0.000000000000000000e+00
0.000000000000000000e+00
0.000000000000000000e+00
0.000000000000000000e+00
0.000000000000000000e+00
0.000000000000000000e+00
0.000000000000000000e+00
0.000000000000000000e+00
0.000000000000000000e+00
0.000000000000000000e+00
0.000000000000000000e+00
0.000000000000000000e+00
0.000000000000000000e+00
0.000000000000000000e+00
0.000000000000000000e+00
0.000000000000000000e+00
0.000000000000000000e+00
0.000000000000000000e+00
0.000000000000000000e+00
0.000000000000000000e+00
0.000000000000000000e+00
0.000000000000000000e+00
0.000000000000000000e+00
0.000000000000000000e+00
0.000000000000000000e+00
0.000000000000000000e+00
0.000000000000000000e+00
0.000000000000000000e+00
0.000000000000000000e+00
0.000000000000000000e+00
0.000000000000000000e+00
0.000000000000000000e+00
0.000000000000000000e+00
0.000000000000000000e+00
0.000000000000000000e+00
0.000000000000000000e+00
0.000000000000000000e+00
0.000000000000000000e+00
0.000000000000000000e+00
0.000000000000000000e+00
0.000000000000000000e+00
0.000000000000000000e+00
0.000000000000000000e+00
0.000000000000000000e+00
0.000000000000000000e+00
0.000000000000000000e+00
0.000000000000000000e+00
0.000000000000000000e+00
0.000000000000000000e+00
0.000000000000000000e+00
0.000000000000000000e+00
0.000000000000000000e+00
0.000000000000000000e+00
0.000000000000000000e+00
0.000000000000000000e+00
0.000000000000000000e+00
0.000000000000000000e+00
0.000000000000000000e+00
0.000000000000000000e+00
0.000000000000000000e+00
0.000000000000000000e+00
0.000000000000000000e+00
0.000000000000000000e+00
0.000000000000000000e+00
0.000000000000000000e+00
0.000000000000000000e+00
0.000000000000000000e+00
0.000000000000000000e+00
0.000000000000000000e+00
0.000000000000000000e+00
0.000000000000000000e+00
0.000000000000000000e+00
0.000000000000000000e+00
