0.000000000000000000e+00
0.000000000000000000e+00
0.000000000000000000e+00
0.000000000000000000e+00
8.045144173008339480e+06
3.194685724981002137e+07
6.454240083489304781e+07
1.035780785583173782e+08
1.530636164868609905e+08
1.996118808709939420e+08
1.058812263941911221e+09
8.319248044523519278e+08
6.896544250610370636e+08
6.399087187508212328e+08
6.078938329170732498e+08
5.738480987607824802e+08
5.545571617701586485e+08
5.371635540789141655e+08
5.285703979709591866e+08
5.224931154653947353e+08
5.275090938212342858e+08
5.306744803679138422e+08
5.492088399398609400e+08
5.405496963800116777e+08
5.580976497330574989e+08
5.675441778981779814e+08
5.856657783517392874e+08
5.870048442003921270e+08
5.927926017291276455e+08
5.819750356538071632e+08
5.889699740631639957e+08
5.740009023341717720e+08
5.755239435283730030e+08
5.763233764510426521e+08
5.648558766351569891e+08
5.675675465362129211e+08
5.756335646472003460e+08
5.404319022084901333e+08
5.557214560537045002e+08
5.386771024050660133e+08
5.350761281517157555e+08
5.277126461411990523e+08
5.254107642524845004e+08
5.179824069221496582e+08
5.239609505769661069e+08
5.129495810616486073e+08
5.212991999466333389e+08
4.983818531794122458e+08
5.229781956917829514e+08
5.034903648049312234e+08
5.119916110453531742e+08
5.104277060867248774e+08
5.008361759418464303e+08
5.156775543764132261e+08
4.976596768061655164e+08
5.119139943591428399e+08
4.813225575464458466e+08
5.066894573101754189e+08
4.914626451195556521e+08
4.909770219005928040e+08
4.810909097836138010e+08
4.969103726888521910e+08
4.751333494970192909e+08
4.912244092222817540e+08
4.715448525226455927e+08
4.908878073425626755e+08
4.813530936477814913e+08
4.869419393661637306e+08
4.675736245762199163e+08
4.887466447762101889e+08
4.804205339611157775e+08
4.592422074409171343e+08
4.888579351120876670e+08
4.672436107825863361e+08
4.629551123431702256e+08
4.776897496133820415e+08
4.589239113114044666e+08
4.574976179675452709e+08
4.677489053535919189e+08
4.499484212571120858e+08
4.659565059238835573e+08
4.571988217256439328e+08
4.538020486988841891e+08
4.530348043426060677e+08
4.570574809511914849e+08
4.539098950665525794e+08
4.467034489499314427e+08
4.482923477939777374e+08
4.570436819502412081e+08
4.487735339588881135e+08
4.504974098713098764e+08
4.485410129439617991e+08
4.534903468865080476e+08
4.326304228105394244e+08
4.524212394506822824e+08
4.463074869627882242e+08
4.364201578980600834e+08
4.339477794080682993e+08
4.357241574378442764e+08
4.254505828188823462e+08
4.329011657555182576e+08
4.224200210390466452e+08
4.103328972144074440e+08
4.359089846827387810e+08
4.051906494905505180e+08
4.110005866249566078e+08
4.008397543978140950e+08
4.164742484364542961e+08
4.094033649826587439e+08
4.039712509557750821e+08
3.928678851119107008e+08
3.915432627635051012e+08
3.983977363170067072e+08
3.861107399188845754e+08
3.916481189313097596e+08
3.790245337580181360e+08
3.916848214658579230e+08
3.705191301493111253e+08
3.791186072854791880e+08
3.739629073165881038e+08
3.817322094517576098e+08
3.698511821225130558e+08
3.768662378599902987e+08
3.575386791934127212e+08
3.696296643837820292e+08
3.583882937955678701e+08
3.717882273534983397e+08
3.561893679909508228e+08
3.745161097239320278e+08
3.512042689968954325e+08
3.541790582556428909e+08
3.614705680762895346e+08
3.536164614405267239e+08
3.585078231697262526e+08
3.553280484492823482e+08
3.404040114272985458e+08
3.563640964568037987e+08
3.607105125498760343e+08
3.476718930472599268e+08
3.532904369633182287e+08
3.515132567582592964e+08
3.392611790249150991e+08
3.450279138579636216e+08
3.526431171348345876e+08
3.509788978919431567e+08
3.424068468234977126e+08
3.347437294377890825e+08
3.367291792414596677e+08
3.483139195771884918e+08
3.436437516825962067e+08
3.445897487412884831e+08
3.361187868180036545e+08
3.194211269822592735e+08
3.409427562143639326e+08
3.443591729402869344e+08
3.290778212789665461e+08
3.347399182313288450e+08
3.170646253376170397e+08
3.405355410596294999e+08
3.226880637027935386e+08
3.203461688575280905e+08
3.264844799345905781e+08
3.240316175177449584e+08
3.239730509920033216e+08
3.219454214908685684e+08
3.121258603766820431e+08
3.293739596736594439e+08
3.140168557574475408e+08
3.149946654056110978e+08
3.255585538303539157e+08
3.133757604933231473e+08
3.282611961888548136e+08
3.019866129178042412e+08
3.327935205727231503e+08
3.092168003266140223e+08
3.222237143696247339e+08
3.231134957081828713e+08
3.172237320197669268e+08
3.175687556208533049e+08
3.104380497391360998e+08
3.093924725410972238e+08
3.249693843389977217e+08
3.246346638774649501e+08
3.158368697061772943e+08
3.188949224893004298e+08
3.052036107902333736e+08
3.090675198875584602e+08
3.201758648109245300e+08
3.234062949986958504e+08
3.184354855316106081e+08
3.092099873286008239e+08
3.101227541300971508e+08
3.071602587626198530e+08
3.125305277776225209e+08
3.287335188356837034e+08
3.077762294964962602e+08
3.110718975241463780e+08
3.162705767614539862e+08
3.071603477726999521e+08
3.122876068069786429e+08
3.135609448907322288e+08
3.201225024976694584e+08
3.075711588379570842e+08
3.049884138724743128e+08
3.005513719228588939e+08
3.067346337673502564e+08
3.119893367987498045e+08
3.179937464857921600e+08
3.026519184056078792e+08
3.023442394827253819e+08
2.997270857279012203e+08
3.116631681645873785e+08
2.984755749605630636e+08
3.091569817948262691e+08
3.068461527662203908e+08
3.066483910545247793e+08
2.954060414935904741e+08
3.050998985522075891e+08
3.033869704167972207e+08
2.967239117521611452e+08
2.969338043392271399e+08
3.022707063454974294e+08
2.975952178655967116e+08
3.019150039180746078e+08
3.055706494475060105e+08
3.008196116639860868e+08
2.972020141132819653e+08
2.972430655138591528e+08
2.863076818902137280e+08
2.896100320292656422e+08
3.073645723346455097e+08
2.997922773288221955e+08
2.920157775318603516e+08
2.831744975118541718e+08
2.896719050325199366e+08
2.986945124500856400e+08
2.816655959954452515e+08
2.860381640859180689e+08
2.979563391382720470e+08
2.786019451449107528e+08
2.872112481304149032e+08
2.885899321481087804e+08
2.908445110752712488e+08
2.888366493831250072e+08
2.665867296522308886e+08
2.781987849053378105e+08
2.910465435092608929e+08
2.763254006023958921e+08
2.740117696317999363e+08
2.817130796022122502e+08
2.747453706716094017e+08
2.851280905007889867e+08
2.637786101485005617e+08
2.757541483255110979e+08
2.795894038518811464e+08
2.653972345944128036e+08
2.648121372744991183e+08
2.709104161008582115e+08
2.512543340776527822e+08
2.593065375271659195e+08
2.706304259722303748e+08
2.711940914885827899e+08
2.566620153867432177e+08
2.634629692273254991e+08
2.463824146161128283e+08
2.545138046381962895e+08
2.503303484622423351e+08
2.549401203889907300e+08
2.188342120419566631e+08
