0.000000000000000000e+00
0.000000000000000000e+00
0.000000000000000000e+00
0.000000000000000000e+00
6.650402812856263481e+05
2.899046219179786276e+05
1.672346198242738377e+06
3.158950458171975333e+06
1.102754290591976978e+07
2.062460048351275176e+07
1.231742205373323858e+08
1.864596869930880666e+08
2.162325202948060036e+08
2.338968291373946071e+08
2.350469394833433628e+08
2.146706514115369618e+08
2.050344705775275826e+08
2.142187396706617475e+08
2.109521774349114001e+08
1.956005515727526248e+08
1.870019183087896705e+08
1.748000976907147169e+08
1.865382299713145196e+08
1.861282649197544754e+08
2.048394935446329713e+08
2.069663773329235911e+08
2.335154550008776188e+08
2.353483785612848401e+08
2.488629499594479203e+08
2.598912682512760162e+08
2.641721645666814446e+08
2.745390160711606741e+08
2.784885843592729568e+08
2.956299334216403961e+08
2.815665173313600421e+08
2.989565571725355387e+08
3.169323445873180628e+08
3.045702909728133678e+08
3.238006424528242350e+08
3.359702016592383385e+08
3.447137368814654350e+08
3.537006946394022703e+08
3.765846937680318952e+08
3.836102229213114381e+08
4.010976189830830097e+08
4.091428640963544250e+08
4.357822554811178446e+08
4.171685298312119246e+08
4.425302368152590990e+08
4.283864139233409166e+08
4.403054144517925978e+08
4.448282408556629419e+08
4.408979121809837818e+08
4.602061859381177425e+08
4.474112859823400974e+08
4.589276580520465374e+08
4.393360453286780715e+08
4.601205848232129216e+08
4.510406209679721594e+08
4.573019461655552983e+08
4.480860400300321579e+08
4.620368231656438112e+08
4.449867878277841806e+08
4.602983072538107634e+08
4.386603373568146825e+08
4.592602025711584091e+08
4.498448318578324318e+08
4.562832270217477679e+08
4.379312180384367108e+08
4.553781957315834761e+08
4.479389221594344974e+08
4.255741967644129992e+08
4.502792202806091905e+08
4.284209512920086980e+08
4.162037382578432560e+08
4.313574006175847054e+08
4.087388284701033831e+08
4.017505167696769834e+08
4.059110637405331731e+08
3.894541241124282479e+08
3.925447893392044306e+08
3.854605535651561022e+08
3.808725227355906963e+08
3.761122668996214867e+08
3.713113662011590004e+08
3.677965375957809687e+08
3.529343371233305931e+08
3.535041255591591597e+08
3.576081488702350259e+08
3.426108523177164793e+08
3.420540172352672815e+08
3.237788211394945383e+08
3.276482361648093462e+08
2.944554623742029667e+08
2.983935570522975922e+08
2.900279199312622547e+08
2.813711333873473406e+08
2.667321481245568991e+08
2.598830862043151855e+08
2.461041889525741339e+08
2.398904622838916779e+08
2.262971783496895432e+08
2.157133230608197451e+08
2.281398304597062469e+08
1.948188223301666975e+08
1.904919459564575553e+08
1.850507613844772577e+08
1.808584940810081363e+08
1.662341009725521505e+08
1.595995003122923970e+08
1.547189062675324082e+08
1.477253675166431069e+08
1.388268968173530698e+08
1.322492891697545946e+08
1.315292332259289473e+08
1.252966992696062922e+08
1.261822074749648571e+08
1.055801470862201154e+08
1.052607113789929748e+08
1.000922288303500712e+08
1.037935082493522316e+08
9.071805048994939029e+07
9.397257395521084964e+07
8.483423901646244526e+07
7.270095122080236673e+07
7.868681135913267732e+07
7.711692407343420386e+07
6.546193310709546506e+07
7.606916531673872471e+07
6.264619472736033797e+07
6.207630106137661636e+07
5.888083980818170309e+07
5.503588461471246183e+07
5.431048608347482234e+07
5.358189425603242218e+07
5.050356215818692744e+07
4.897520973906990141e+07
4.965467832982544601e+07
3.561301164709886909e+07
4.221278050426067412e+07
3.944296707049558312e+07
3.726975416070013493e+07
3.142998606302009523e+07
3.432852579170229286e+07
3.023103124047463387e+07
3.030242900619346276e+07
3.123468693590787798e+07
2.457452951631974429e+07
2.773428623242548108e+07
2.700674282421737909e+07
2.914856749154968932e+07
2.234600841617280617e+07
3.039156832877287269e+07
2.010375979946117476e+07
2.253365362970738858e+07
2.081873747816381603e+07
1.979583159309010953e+07
2.546703864597928151e+07
1.928223987338106334e+07
1.889914140748034418e+07
2.094320205886952579e+07
2.060552074282190949e+07
1.847589182425241917e+07
1.858043857409067452e+07
1.876794945390254259e+07
1.622101734355747327e+07
1.709406797857423127e+07
2.124357930216535181e+07
1.529113173108334281e+07
1.992811077526423335e+07
1.905683189331763983e+07
1.842609846635265648e+07
2.081547439695099369e+07
1.943128462396842241e+07
1.882822210634565353e+07
1.868941931772024557e+07
1.680604779365549609e+07
1.785227374634327739e+07
1.848615605773149803e+07
2.099179997374497727e+07
1.655240086312645860e+07
1.792233989777676016e+07
1.617589705976423062e+07
1.430745038118306175e+07
1.600164222286818922e+07
1.583372656851128675e+07
1.941118560215099901e+07
1.725449151943852752e+07
1.577753946147381514e+07
1.997611710642002895e+07
1.666855583993469365e+07
2.027706136844951287e+07
1.946546615955698863e+07
1.849542577540312707e+07
1.936159221125070006e+07
1.697129521111356094e+07
1.824671684226902202e+07
1.748023359989101067e+07
1.649530488614672236e+07
1.767915729207096249e+07
1.806022463567632064e+07
2.056770177939734608e+07
1.668925908027477004e+07
2.151141738228388503e+07
1.592916696888775751e+07
1.691373663731483743e+07
1.844954421191682667e+07
1.768078381053315476e+07
1.632979707016567327e+07
1.805708827552745864e+07
1.895122225881182775e+07
1.640602380370287038e+07
1.908728947788410261e+07
1.504211892022997141e+07
1.769545394971773401e+07
1.866149522184756398e+07
2.044223457975467294e+07
1.865696727182038873e+07
1.585962061974266171e+07
1.924578350679591298e+07
1.829609668496555090e+07
2.098079585476903990e+07
1.485354627485283650e+07
1.738447131253810227e+07
1.641808519111081772e+07
2.394562660911108926e+07
1.695602981313266978e+07
1.873298457434495166e+07
1.884405051639769226e+07
1.926274078019419685e+07
2.194008978979460895e+07
1.763888580907551572e+07
2.013693678876994550e+07
1.922134594646747783e+07
2.225189039403378963e+07
1.911227109462519363e+07
2.109289892832065374e+07
1.909758771963825822e+07
2.315603508577287570e+07
2.185335769077559561e+07
2.334207273650376499e+07
2.056534411410738155e+07
2.193853304943244904e+07
2.024955550597057864e+07
1.750476669839620590e+07
2.131281840937628224e+07
2.129139213224601001e+07
1.886084853186922148e+07
2.145320619224259257e+07
1.810979121647799388e+07
1.826160972425702214e+07
2.108064260296549276e+07
1.901110781930015609e+07
2.003538840409726650e+07
1.954220625018236414e+07
1.830707064344405010e+07
1.609362539160105027e+07
1.784129200941308960e+07
1.500371554363002442e+07
1.563154458238941431e+07
1.812082776869615912e+07
1.531341488825579360e+07
1.363734616895498522e+07
1.391105244152651355e+07
1.189531609633049928e+07
1.110044442734307609e+07
1.448879129086646810e+07
1.252140093818654679e+07
1.013036638056162000e+07
