0.000000000000000000e+00
0.000000000000000000e+00
0.000000000000000000e+00
0.000000000000000000e+00
4.115149875039757462e+05
9.075851043805968016e+06
2.738781358039391041e+07
4.532724227371986210e+07
6.584584976111297309e+07
7.043555167289891839e+07
2.211375164892874956e+08
2.968681474991623163e+08
2.985487115694551468e+08
3.053619283118455410e+08
3.134435260951315165e+08
3.345163078542168140e+08
3.514987866689707041e+08
3.629190767196559310e+08
3.678290956800765991e+08
3.443022998857195973e+08
3.287952229028488994e+08
2.966721309860355854e+08
2.817499895782578588e+08
2.594128599676564634e+08
2.642340743068861365e+08
2.544595607762924433e+08
2.731989914074449539e+08
2.848409073905651569e+08
2.917195927635029554e+08
3.109327055918786526e+08
3.159391434763733745e+08
3.477884427217736840e+08
3.583327480999339819e+08
3.759864395631914139e+08
4.041600532519944310e+08
4.087382085979647636e+08
4.388067264983981252e+08
4.486369758269457221e+08
4.640937606638823748e+08
4.704975971547383070e+08
4.716584437880902886e+08
5.095775950038203597e+08
5.006720715975704193e+08
4.895907259287490845e+08
5.206984682634778619e+08
5.072977205586332083e+08
5.241767365984590054e+08
5.070590933485928774e+08
5.200241742635384202e+08
5.150465626026127338e+08
5.218787372140733004e+08
5.156463917919459343e+08
5.245901599731327295e+08
5.376053368111701012e+08
5.208868267251116633e+08
5.240027398320767879e+08
5.282274218158638477e+08
5.191112712355168462e+08
5.218189873343752623e+08
5.505021990536737442e+08
5.228946292568134665e+08
5.245026326828581095e+08
5.226548497789913416e+08
5.211794243630636930e+08
5.204979486968958378e+08
5.004514216673989892e+08
5.140683664565857649e+08
4.998068672788283229e+08
4.976939619899684191e+08
5.006589009380143285e+08
5.007941449537336826e+08
4.982394228276302814e+08
4.959672726889362931e+08
5.076165957752233744e+08
4.767799998218480349e+08
4.999977714909247756e+08
4.885148605588874817e+08
4.935102434950566888e+08
4.887146990964632630e+08
4.873006985593122244e+08
4.839356373061053753e+08
4.828550815782241225e+08
4.830547469174507856e+08
4.736060234328606129e+08
4.788278164430192113e+08
4.694880211664233804e+08
4.784898204519877434e+08
4.784234857329823375e+08
4.626747320001540780e+08
4.627486651335532665e+08
4.736948003666319847e+08
4.671972233986822367e+08
4.572275255594893694e+08
4.662361366687002778e+08
4.447171702299598455e+08
4.668334802420485616e+08
4.632572348264833093e+08
4.425726606013667583e+08
4.609799564982697964e+08
4.516670979101111293e+08
4.429353063884031773e+08
4.697995966514937282e+08
4.384231983248511553e+08
4.454451718760144711e+08
4.432470042286569476e+08
4.566339330857557654e+08
4.443833836869180799e+08
4.457789093996128440e+08
4.458362109943678379e+08
4.493451616531419754e+08
4.407593996405170560e+08
4.531267730735378265e+08
4.372873098001842499e+08
4.515597598773866892e+08
4.528515174245735407e+08
4.359706084025045633e+08
4.475848654064655304e+08
4.457506130226205587e+08
4.415529426380436420e+08
4.336886480197341442e+08
4.281341774761763811e+08
4.580534331264203787e+08
4.359977858360943198e+08
4.234312921564652920e+08
4.242828830587197542e+08
4.371172541528403759e+08
4.237743353126290441e+08
4.274986664633857012e+08
4.116474133990781307e+08
4.267141701160494685e+08
4.236698367049132586e+08
4.046582350091943741e+08
4.116707612439162731e+08
4.099053627957622409e+08
4.166010652389153838e+08
3.960093065252200365e+08
3.978248939615645409e+08
3.966630738957396150e+08
3.992197656349607706e+08
3.901304729154200554e+08
3.787572151209700108e+08
3.800351607837141156e+08
3.867588817003661394e+08
3.700302257777059078e+08
3.759965490220609307e+08
3.649436601003527641e+08
3.569616471746039391e+08
3.487980479241847992e+08
3.599339901931877732e+08
3.445134174683999419e+08
3.476838023196532726e+08
3.393616933867064118e+08
3.485247955926596522e+08
3.231991198752132654e+08
3.236960164677808285e+08
3.372299321914292574e+08
3.206131626924073696e+08
3.216629945377339721e+08
3.172656145610336661e+08
3.063109506770547628e+08
3.155267280743666887e+08
3.007801743335851431e+08
3.091462916738464832e+08
3.064353372798184156e+08
2.866172540509369373e+08
2.890897276784392595e+08
2.961906254141347408e+08
2.984258225189771652e+08
3.015854089450181723e+08
2.905957920011360645e+08
2.832867184779961109e+08
2.900534651196256280e+08
2.802221865209273100e+08
2.870241559468353987e+08
2.825021952238487005e+08
2.708154116391789913e+08
2.755761590166498423e+08
2.799642614557785988e+08
2.728995358277792931e+08
2.695669603731498718e+08
2.696010547292886972e+08
2.548433293772221506e+08
2.690315201155301929e+08
2.571246224296273589e+08
2.610403069117157459e+08
2.663018222779567242e+08
2.526100925665531456e+08
2.536239958816321492e+08
2.510774601061977744e+08
2.541730945270721316e+08
2.505564383210006952e+08
2.491123963809894323e+08
2.512928826888606548e+08
2.390629963324852884e+08
2.466476305497674346e+08
2.387608350329021513e+08
2.329163018529466987e+08
2.522331984244579077e+08
2.518612367671425939e+08
2.357115321927944422e+08
2.327478560756914020e+08
2.261303339456351995e+08
2.289067242951870859e+08
2.249226658686684668e+08
2.437959227372868657e+08
2.210809752416403890e+08
2.355458749973821044e+08
2.205791306142975092e+08
2.193742271828192174e+08
2.259752538349636495e+08
2.150719691459061801e+08
2.285953785369473696e+08
2.211234057976260483e+08
2.120153068888233304e+08
2.060944669871492684e+08
2.188521164765563607e+08
2.243016840088982582e+08
2.127054750438477993e+08
2.131690268577519059e+08
2.053980688242310882e+08
2.000013330539474487e+08
2.080115724611519575e+08
1.347810855943635106e+08
0.000000000000000000e+00
0.000000000000000000e+00
0.000000000000000000e+00
0.000000000000000000e+00
0.000000000000000000e+00
0.000000000000000000e+00
0.000000000000000000e+00
0.000000000000000000e+00
0.000000000000000000e+00
0.000000000000000000e+00
0.000000000000000000e+00
0.000000000000000000e+00
0.000000000000000000e+00
0.000000000000000000e+00
0.000000000000000000e+00
0.000000000000000000e+00
0.000000000000000000e+00
0.000000000000000000e+00
0.000000000000000000e+00
0.000000000000000000e+00
0.000000000000000000e+00
0.000000000000000000e+00
0.000000000000000000e+00
0.000000000000000000e+00
0.000000000000000000e+00
0.000000000000000000e+00
0.000000000000000000e+00
0.000000000000000000e+00
0.000000000000000000e+00
0.000000000000000000e+00
0.000000000000000000e+00
0.000000000000000000e+00
0.000000000000000000e+00
0.000000000000000000e+00
0.000000000000000000e+00
0.000000000000000000e+00
0.000000000000000000e+00
0.000000000000000000e+00
0.000000000000000000e+00
0.000000000000000000e+00
0.000000000000000000e+00
0.000000000000000000e+00
0.000000000000000000e+00
0.000000000000000000e+00
0.000000000000000000e+00
0.000000000000000000e+00
