0.000000000000000000e+00
0.000000000000000000e+00
0.000000000000000000e+00
0.000000000000000000e+00
6.650402812856263481e+05
2.899046219179786276e+05
1.672346198242738377e+06
3.158950458171975333e+06
1.136003829505952261e+07
2.217335066258558258e+07
1.770634787994820476e+08
2.504728372076763511e+08
2.805848303737127781e+08
2.872435428802710772e+08
2.765162968287994862e+08
2.466379047910056710e+08
2.247907549056870937e+08
2.246765005306889117e+08
2.179865694569168091e+08
1.994045833301555812e+08
1.904370601512311399e+08
1.767321467793424129e+08
1.919912908436188996e+08
1.914113295124004781e+08
2.101151281892276406e+08
2.121977230416557491e+08
2.398722814931993484e+08
2.416560175030784011e+08
2.541107506857085228e+08
2.628702836961912513e+08
2.673750764022396207e+08
2.770505217413350344e+08
2.794957176167080402e+08
2.965594042616481781e+08
2.826932153804685473e+08
2.991687020634835958e+08
3.173252534561801553e+08
3.052094352686167955e+08
3.240173829165913463e+08
3.364998350608816743e+08
3.459373432201173902e+08
3.545837345265052319e+08
3.773921767457648516e+08
3.845001597943633795e+08
4.022344475882115364e+08
4.097877818132264018e+08
4.365682499402908683e+08
4.186667112457525730e+08
4.444738223770576715e+08
4.291551601356129646e+08
4.420435771486932039e+08
4.456825659320467710e+08
4.419746261067006588e+08
4.614342246264477968e+08
4.490625644306669235e+08
4.611983756845483780e+08
4.430330730363090038e+08
4.635491846492797136e+08
4.557259044113674164e+08
4.619799365436882973e+08
4.556264112787697315e+08
4.689226496546222568e+08
4.538042511336340904e+08
4.722948501103429794e+08
4.533195928986126781e+08
4.746301998029841781e+08
4.661755243548969030e+08
4.750776481149147153e+08
4.587644688502120972e+08
4.774185483960165381e+08
4.708244702292504311e+08
4.488738385649889112e+08
4.802321601981760263e+08
4.585302627090224028e+08
4.509153823138855100e+08
4.683787027205738425e+08
4.518910428711749315e+08
4.498460635956926346e+08
4.582200607009525299e+08
4.404768565977902412e+08
4.590154208166401386e+08
4.515458707334379554e+08
4.442741759175010324e+08
4.471516318350769877e+08
4.510700668288064599e+08
4.471750481247637272e+08
4.405910367735435367e+08
4.404182852985937595e+08
4.510963446492259502e+08
4.420902672981224060e+08
4.458269998292331696e+08
4.428171081035190821e+08
4.485468379749883413e+08
4.281115734613252878e+08
4.459900569631816149e+08
4.424135663398706913e+08
4.326315320550554395e+08
4.306545040832809806e+08
4.318126459085766077e+08
4.231485736081044674e+08
4.296581825421248674e+08
4.209348044659537673e+08
4.086749824480682015e+08
4.333243729095717669e+08
4.041903604830961823e+08
4.095213661604714394e+08
3.995665711508424282e+08
4.154851028831187487e+08
4.083707101692610979e+08
4.025470793124161959e+08
3.921612997608702779e+08
3.911076726459289789e+08
3.975493356437877417e+08
3.846832677389264703e+08
3.903598101879592538e+08
3.773627587657752037e+08
3.908118911067049503e+08
3.698121261158544421e+08
3.782272376299134493e+08
3.724757775759625435e+08
3.802278900098599792e+08
3.683614586205551028e+08
3.752211352259928584e+08
3.562260415670002699e+08
3.690481114266053438e+08
3.576311426573600173e+08
3.715761164086530209e+08
3.560243896692366004e+08
3.734536190080127120e+08
3.508968782981162071e+08
3.522797366156983376e+08
3.606327901706719398e+08
3.530852905926736593e+08
3.577409818008002043e+08
3.544923013136501312e+08
3.395778610635274649e+08
3.548502758226701021e+08
3.597158939508155584e+08
3.466432050093566179e+08
3.532904369633182287e+08
3.505810559234856963e+08
3.392611790249150991e+08
3.442642784545855522e+08
3.526431171348345876e+08
3.501905870844603181e+08
3.419788216439592838e+08
3.335332111799973249e+08
3.360188023235132694e+08
3.478811653822451830e+08
3.431527934474318027e+08
3.439484612817082405e+08
3.353240405230125785e+08
3.184451020604627132e+08
3.398083148823796511e+08
3.432981912439976335e+08
3.283617892815644741e+08
3.333935223870381713e+08
3.167392481850933433e+08
3.403229255516294241e+08
3.219187040635831952e+08
3.191706901897336245e+08
3.258026018613458872e+08
3.230850848718955517e+08
3.231956996361175179e+08
3.215181534738320112e+08
3.106512943138744235e+08
3.283313738222186565e+08
3.133974962644081712e+08
3.136124311118988991e+08
3.238014699875175357e+08
3.121984767757114172e+08
3.273320480302479267e+08
3.008685682235124707e+08
3.318115771057788134e+08
3.081059603230440021e+08
3.209282041754226685e+08
3.218461086995319724e+08
3.167771727102589607e+08
3.158101111829690933e+08
3.086766557014719248e+08
3.077647005599957705e+08
3.228207838527171612e+08
3.228757256199659705e+08
3.142255901979907751e+08
3.157142993718859553e+08
3.036624844125970006e+08
3.076706077798305750e+08
3.171215624297040701e+08
3.211844462972481251e+08
3.169466021438846588e+08
3.074934193199086785e+08
3.088728865088706017e+08
3.048413564886644483e+08
3.098302510701044798e+08
3.277330781138810515e+08
3.054120821726586819e+08
3.054429066086262465e+08
3.129144617570014000e+08
3.040235423040161133e+08
3.100174556267513037e+08
3.102791506988168359e+08
3.185992932377920151e+08
3.056602531146382093e+08
3.030128922952750921e+08
2.993200799903633595e+08
3.046037530016195774e+08
3.095410680757367611e+08
3.164526817762182951e+08
2.997445545830216408e+08
3.000870926372036934e+08
2.968029578497622609e+08
3.085023725692489147e+08
2.953325439396705627e+08
3.051054161478748322e+08
3.040540467734420300e+08
3.038664229610117078e+08
2.899202619734444022e+08
2.996339470515164137e+08
3.009496640053092837e+08
2.928760097067717910e+08
2.939711390478112698e+08
2.965457766422327757e+08
2.934849876125687361e+08
2.960318974513966441e+08
3.004172986608331800e+08
2.960625813847628236e+08
2.941131701287660003e+08
2.908416644797183275e+08
2.809476838509360552e+08
2.823925290715163350e+08
3.027685656768939495e+08
2.930808061403481960e+08
2.870496056315622330e+08
2.778448715839787126e+08
2.819491091064300537e+08
2.916528380840941668e+08
2.747673208958513737e+08
2.782459114010385275e+08
2.904335345348523855e+08
2.700182242505132556e+08
2.788782027565483451e+08
2.779024266761258841e+08
2.803845847039616108e+08
2.787058932855538726e+08
2.567463572352532148e+08
2.682418633388573527e+08
2.788068757291469574e+08
2.643681966712517440e+08
2.624784428170374632e+08
2.677750425028270483e+08
2.641678817691356540e+08
2.715845721334464550e+08
2.512151236348785162e+08
2.636663938591008782e+08
2.672244552233795524e+08
2.521129276864822507e+08
2.523926879708427787e+08
2.539931778477503955e+08
2.385565535141765773e+08
2.481937548105871975e+08
2.540217158403081298e+08
2.583767893777561188e+08
2.430068338152204156e+08
2.443416827552016377e+08
2.313340064170160592e+08
2.366282514010643363e+08
2.344751488699021339e+08
2.364148667174828649e+08
2.071321841702726185e+08
