0.000000000000000000e+00
0.000000000000000000e+00
0.000000000000000000e+00
0.000000000000000000e+00
0.000000000000000000e+00
0.000000000000000000e+00
0.000000000000000000e+00
0.000000000000000000e+00
3.324953891397528932e+05
1.548750179072833620e+06
5.388925826214966923e+07
6.401315021458829939e+07
6.435231007890677452e+07
5.334671374287642539e+07
4.146935734545609355e+07
3.196725337946867198e+07
1.975628432815949991e+07
1.045776086002716422e+07
7.034392022005407140e+06
3.804031757402957883e+06
3.435141842441493180e+06
1.932049088627699297e+06
5.453060872304385528e+06
5.283064592646003701e+06
5.275634644594662823e+06
5.231345708732145838e+06
6.356826492321746424e+06
6.307638941793564707e+06
5.247800726260622963e+06
2.979015444915257394e+06
3.202911835558186285e+06
2.511505670174309984e+06
1.007133257435066742e+06
9.294708400078319246e+05
1.126698049108508741e+06
2.121448909480115981e+05
3.929088688620638568e+05
6.391442958033864852e+05
2.167404637671097589e+05
5.296334016433004290e+05
1.223606338651953265e+06
8.830398871029167203e+05
8.074829777329622302e+05
8.899368730519397650e+05
1.136828605128551833e+06
6.449177168719359906e+05
7.859944591729938984e+05
1.498181414540639147e+06
1.943585561798542738e+06
7.687462122719511390e+05
1.738162696900585201e+06
8.543250763837990817e+05
1.076713925716977101e+06
1.228038688330022153e+06
1.651278448326755082e+06
2.270717632501807529e+06
3.697027707630962133e+06
3.428599826066779438e+06
4.685283443395306356e+06
4.677990378133008257e+06
7.540371248737531714e+06
6.885826488978416659e+06
8.817463305849868804e+06
1.199654285653220862e+07
1.465925554179802909e+07
1.536999723182580434e+07
1.633069249706440791e+07
1.879442109316695109e+07
2.083325081177541986e+07
2.204035266443296522e+07
2.288554806981595606e+07
2.329964180057596415e+07
2.995293991756678000e+07
3.010931141701368243e+07
3.471164405604223907e+07
3.702130210298921168e+07
4.315221440107150376e+07
4.809554682601568848e+07
5.230899696041932702e+07
5.102273248536200821e+07
6.647063147743574530e+07
6.608531716828185320e+07
6.340165318191027641e+07
7.103936493545556068e+07
7.975870062764748931e+07
7.937851052898272872e+07
8.765669965021292865e+07
8.691415973943465948e+07
9.348819577899093926e+07
9.947941498040583730e+07
1.037729825939658731e+08
1.190382869640245140e+08
1.208986018101789951e+08
1.336561110871222913e+08
1.475964999108840823e+08
1.523856464086084962e+08
1.512603986677081585e+08
1.639223559587240815e+08
1.719295597042614222e+08
1.770443846555302739e+08
1.897677202582331896e+08
1.946376261162642241e+08
1.929616593872484565e+08
2.051845424498655498e+08
2.093715381529294848e+08
2.190294202040138245e+08
2.145158097663651705e+08
2.346266088021105528e+08
2.421366091967088878e+08
2.429475790001237392e+08
2.374423934933378994e+08
2.433823051292858124e+08
2.587224388264347315e+08
2.524339785691718757e+08
2.588305769620302916e+08
2.520660594961688519e+08
2.646296836317400336e+08
2.642319790296343565e+08
2.729665262509205341e+08
2.723835487456125021e+08
2.764343817605077624e+08
2.776434081306056976e+08
2.812485612707819939e+08
2.713918025505378246e+08
2.963471602058030367e+08
2.789443312982273102e+08
2.944591923352188468e+08
2.905624565621411204e+08
2.973844536912739277e+08
2.882506835707558393e+08
2.902034355543216467e+08
3.017519503624902964e+08
2.980494059779611826e+08
3.034304957173254490e+08
3.009104070576176643e+08
2.890742989053404927e+08
3.058750660836001635e+08
3.100612156209900975e+08
3.110301933622577190e+08
3.110776564590575695e+08
3.111380888529900312e+08
3.019914248642150164e+08
3.128342923915654421e+08
3.183145913431323767e+08
3.199595558439856768e+08
3.116763926377658248e+08
3.022985242440894842e+08
3.114442728071935177e+08
3.201468791498197317e+08
3.161460506232144237e+08
3.147998937901586294e+08
3.129780321068397760e+08
2.880535337316898704e+08
3.197045550829184651e+08
3.207645376142902374e+08
3.075430518034006357e+08
3.135976907939480543e+08
2.912722095391140580e+08
3.210406856782483459e+08
3.030195626561028957e+08
2.982274881308640838e+08
3.051970811185240746e+08
3.046091930476431847e+08
3.046152610620267987e+08
3.027502040199295282e+08
2.944302769703170061e+08
3.112373058436444402e+08
2.921539169622428417e+08
2.983212993808155656e+08
3.038733592122533321e+08
2.931416448823937774e+08
3.089059495638952255e+08
2.800530938265615106e+08
3.123802924818103313e+08
2.892777382166984081e+08
3.022387848577024341e+08
3.050400609058764577e+08
2.989248989639157057e+08
2.973239551252375841e+08
2.876848557277269959e+08
2.912122996968693137e+08
3.048984439549403787e+08
3.066998285602017641e+08
2.999181398168077469e+08
2.997126571490177512e+08
2.878287578440856934e+08
2.882594221776795983e+08
2.998670709102655649e+08
3.054069068357743025e+08
2.969704850374646187e+08
2.908248634799740314e+08
2.885958251404210329e+08
2.853758903291074634e+08
2.913348252947013378e+08
3.083714859026303291e+08
2.884407869615451097e+08
2.871961897663571835e+08
2.954342281571103334e+08
2.875282374178694487e+08
2.923382983346803784e+08
2.922189260631405115e+08
2.980315914583947062e+08
2.889709940343635082e+08
2.815014749129912257e+08
2.833909130214755535e+08
2.876900163643047214e+08
2.910915238638199568e+08
2.987718979656851292e+08
2.834147575128560066e+08
2.820300043616762161e+08
2.778517355909504890e+08
2.920963487655460835e+08
2.762452544617863894e+08
2.900632972276449203e+08
2.863585928237242699e+08
2.852049277391641140e+08
2.694780273936897516e+08
2.809769797796960473e+08
2.850900433855665922e+08
2.736302261999758482e+08
2.756750423628456593e+08
2.755649807874637246e+08
2.786314413377158642e+08
2.786474261388584971e+08
2.839992134697223902e+08
2.721169547756516933e+08
2.771571403156332970e+08
2.721086799053733349e+08
2.621036333345383406e+08
2.631297882913221717e+08
2.808284758870993257e+08
2.754419203312727213e+08
2.669126688427922726e+08
2.586235256375112534e+08
2.596972187123962939e+08
2.725405669894689322e+08
2.536744219675307274e+08
2.591483236814002395e+08
2.672774994490794837e+08
2.481648665597376525e+08
2.555361300200445652e+08
2.573370825620184839e+08
2.584460516545292139e+08
2.584563377795832753e+08
2.392415905368570089e+08
2.469290449294810891e+08
2.575154835969009399e+08
2.455073481393825412e+08
2.410252366247948408e+08
2.496652512863490582e+08
2.459062720448786020e+08
2.505039295304809511e+08
2.322040158155783415e+08
2.436310054550035894e+08
2.476822489731971622e+08
2.338058570430382490e+08
2.362990625792417228e+08
2.361518858383373320e+08
2.235528379705465436e+08
2.325622102281977832e+08
2.359008880716119707e+08
2.430633744895003140e+08
2.293694876462654471e+08
2.304306303136751056e+08
2.194386903206855655e+08
2.255278069737212658e+08
2.199863575790356398e+08
2.238934657792963386e+08
1.970018177897109985e+08
