0.000000000000000000e+00
0.000000000000000000e+00
0.000000000000000000e+00
0.000000000000000000e+00
2.588379307005974930e+06
7.000588715357823297e+06
1.577394463551316597e+07
3.491557337531708181e+07
4.530241952114732563e+07
6.661666120757593960e+07
1.360534676124536395e+08
1.567768645044937730e+08
1.698277268928755522e+08
1.823520459904430509e+08
2.098127498736052513e+08
2.177217635913540125e+08
2.392608574094111919e+08
2.571106789954016209e+08
2.756403406588426828e+08
2.986876916528965831e+08
3.153655195108798742e+08
3.387972312422263622e+08
3.525962537663322687e+08
3.638050952563816309e+08
3.801028730209226608e+08
3.993098457978860140e+08
4.044828541205239296e+08
4.145432638904234171e+08
4.189422816456892490e+08
4.405557892377619147e+08
4.346178257861953974e+08
4.487970863714795113e+08
4.582640987299373150e+08
4.629471276519702077e+08
4.480960362799615860e+08
4.711743989730992317e+08
4.682177404493948221e+08
4.793250554843407869e+08
4.788491962359563112e+08
4.998790995080033541e+08
4.775538734015828371e+08
5.032226300690733194e+08
4.855798449691345692e+08
4.965881816896210909e+08
5.044960776037938595e+08
4.960627978440409303e+08
5.090807762441260815e+08
4.913495012601526976e+08
5.010971416217260957e+08
4.938336611754635572e+08
5.111267613438752890e+08
4.987447764001953006e+08
5.204040772226620317e+08
5.271784935696458817e+08
5.107420917688916922e+08
5.247005436979966164e+08
5.231600884708709717e+08
5.457671729159352779e+08
5.112798014623296261e+08
5.572012038985965252e+08
5.315141302967848778e+08
5.434805854113324881e+08
5.413196504214215279e+08
5.619953821427106857e+08
5.591605225671436787e+08
5.592319931850399971e+08
5.682563370072411299e+08
5.699793118558044434e+08
5.820899298099117279e+08
5.885183526464359760e+08
5.868606285350598097e+08
5.939117497062977552e+08
5.967479897981567383e+08
5.985717324851795435e+08
6.060706062121934891e+08
5.994797298730599880e+08
6.224338695250689983e+08
6.209509047170312405e+08
6.184420216837913990e+08
6.234060651689755917e+08
6.383116007636456490e+08
6.275437268572723866e+08
6.367933856220705509e+08
6.457088012293694019e+08
6.357682729363664389e+08
6.406065728036429882e+08
6.407321147482655048e+08
6.492285635698823929e+08
6.412039388350254297e+08
6.540486203981287479e+08
6.601439248854813576e+08
6.447754189403499365e+08
6.543726658880109787e+08
6.600881775856428146e+08
6.343575784898779392e+08
6.453405661826711893e+08
6.562800000585519075e+08
6.427434038569598198e+08
6.495119493726198673e+08
6.638925936786930561e+08
6.457983968279122114e+08
6.452081085727624893e+08
6.572968406026529074e+08
6.550933094088937044e+08
6.582756782706122398e+08
6.403397801515779495e+08
6.597777641432290077e+08
6.549615217889451981e+08
6.548702425148271322e+08
6.617715411179397106e+08
6.564141208755168915e+08
6.496748859060268402e+08
6.535326912951316833e+08
6.726010783409571648e+08
6.347738057753326893e+08
6.580023319137707949e+08
6.318417200368165970e+08
6.376227518575172424e+08
6.508250262743122578e+08
6.445978406459819078e+08
6.059543004881622791e+08
6.256674210549128056e+08
6.549021846645662785e+08
6.114115981159337759e+08
6.174433965603811741e+08
6.108286880883488655e+08
6.232644090839996338e+08
6.102633687460569143e+08
6.100091633627623320e+08
5.856464470548150539e+08
5.998149859010257721e+08
5.873509727630105019e+08
5.903513997294851542e+08
5.744099265661101341e+08
5.764216266892974377e+08
5.626671885026098490e+08
5.666441405950632095e+08
5.614696134295641184e+08
5.457205870709841251e+08
5.590285289563860893e+08
5.417140994168124199e+08
5.333147617116667032e+08
5.222468792923852205e+08
5.353445817795406580e+08
5.287245769556000233e+08
5.216522819200618267e+08
5.117638555824489594e+08
4.928433242962948680e+08
5.193391673599072695e+08
4.954620432814608216e+08
4.706448859509402514e+08
4.851821384258700609e+08
4.702946650661301613e+08
4.692697209089409709e+08
4.613350143434991837e+08
4.550556564635758400e+08
4.580141391516408324e+08
4.402077128776123524e+08
4.164796205142840147e+08
4.418127783009345531e+08
4.247309560715080500e+08
4.196875309929098487e+08
3.996565270243334770e+08
3.899133020255706906e+08
3.832822290036860704e+08
3.925079743072441816e+08
3.790474987109891176e+08
3.564846547211709023e+08
3.803040633857053518e+08
3.566314002968327999e+08
3.541246141366019249e+08
3.485283972783027887e+08
3.485279177291565537e+08
3.522247130503618717e+08
3.444202631591233015e+08
3.250326744435176849e+08
3.269771266602332592e+08
3.244839058019996881e+08
3.259379099767574072e+08
3.146588802356885076e+08
3.213360455369672775e+08
2.976930048576769829e+08
3.159817071778990626e+08
3.087764175360553265e+08
2.980339477420768738e+08
2.927481786384202838e+08
2.994827213639959693e+08
3.000423785322764516e+08
2.974543159381258488e+08
1.915320566990405321e+08
2.423892145469620824e+07
0.000000000000000000e+00
0.000000000000000000e+00
0.000000000000000000e+00
0.000000000000000000e+00
0.000000000000000000e+00
0.000000000000000000e+00
0.000000000000000000e+00
0.000000000000000000e+00
0.000000000000000000e+00
0.000000000000000000e+00
0.000000000000000000e+00
0.000000000000000000e+00
0.000000000000000000e+00
0.000000000000000000e+00
0.000000000000000000e+00
0.000000000000000000e+00
0.000000000000000000e+00
0.000000000000000000e+00
0.000000000000000000e+00
0.000000000000000000e+00
0.000000000000000000e+00
0.000000000000000000e+00
0.000000000000000000e+00
0.000000000000000000e+00
0.000000000000000000e+00
0.000000000000000000e+00
0.000000000000000000e+00
0.000000000000000000e+00
0.000000000000000000e+00
0.000000000000000000e+00
0.000000000000000000e+00
0.000000000000000000e+00
0.000000000000000000e+00
0.000000000000000000e+00
0.000000000000000000e+00
0.000000000000000000e+00
0.000000000000000000e+00
0.000000000000000000e+00
0.000000000000000000e+00
0.000000000000000000e+00
0.000000000000000000e+00
0.000000000000000000e+00
0.000000000000000000e+00
0.000000000000000000e+00
0.000000000000000000e+00
0.000000000000000000e+00
0.000000000000000000e+00
0.000000000000000000e+00
0.000000000000000000e+00
0.000000000000000000e+00
0.000000000000000000e+00
0.000000000000000000e+00
0.000000000000000000e+00
0.000000000000000000e+00
0.000000000000000000e+00
0.000000000000000000e+00
0.000000000000000000e+00
0.000000000000000000e+00
0.000000000000000000e+00
0.000000000000000000e+00
0.000000000000000000e+00
0.000000000000000000e+00
0.000000000000000000e+00
0.000000000000000000e+00
0.000000000000000000e+00
0.000000000000000000e+00
0.000000000000000000e+00
0.000000000000000000e+00
0.000000000000000000e+00
0.000000000000000000e+00
0.000000000000000000e+00
0.000000000000000000e+00
0.000000000000000000e+00
0.000000000000000000e+00
0.000000000000000000e+00
0.000000000000000000e+00
0.000000000000000000e+00
0.000000000000000000e+00
