0.000000000000000000e+00
0.000000000000000000e+00
0.000000000000000000e+00
0.000000000000000000e+00
4.115149875039757462e+05
7.949291473243467510e+06
2.480969606142127514e+07
4.014265120786721259e+07
5.733299119034606963e+07
6.441498926410639286e+07
1.737420066978061199e+08
2.320821872595865130e+08
2.394628370659843087e+08
2.468977210008592606e+08
2.648858056504027545e+08
2.871475166298471093e+08
3.080999548333196044e+08
3.294921716710004807e+08
3.388890412471503019e+08
3.236248165897418261e+08
3.154827212835332751e+08
2.849559312658225298e+08
2.712446096240984797e+08
2.478912219483205378e+08
2.524866551628623605e+08
2.439965447569924593e+08
2.638820565997330546e+08
2.749158247262756824e+08
2.797639800714668036e+08
3.014740473389042616e+08
3.056605624497081041e+08
3.343162876490363479e+08
3.478289072430056930e+08
3.610800358007438183e+08
3.917862972539507151e+08
3.943826907080342174e+08
4.210981042654896379e+08
4.301509342975896597e+08
4.437306979218512774e+08
4.495332919837021232e+08
4.503051765249140263e+08
4.883254790167057514e+08
4.742615804275466204e+08
4.653847966664153934e+08
4.899993720699071288e+08
4.789508141154994965e+08
4.951776968261220455e+08
4.737610581093608141e+08
4.870011235880117416e+08
4.775279879094115496e+08
4.859222288704305291e+08
4.777056093237578869e+08
4.782358248520157337e+08
4.945528033929956555e+08
4.777016039737747908e+08
4.750699280292333364e+08
4.740901717855372429e+08
4.697973957434204817e+08
4.655923635033307076e+08
4.978093010444965363e+08
4.685358080471675396e+08
4.708100162218761444e+08
4.690151033989589214e+08
4.672242092101833820e+08
4.707213886951681376e+08
4.496591141183788776e+08
4.592135595967262983e+08
4.482364911053445935e+08
4.456789926867993474e+08
4.489847896816205382e+08
4.517915549472384453e+08
4.460262986831848621e+08
4.510876129158008695e+08
4.474500879113312960e+08
4.190676688847826719e+08
4.445825672595181465e+08
4.274164678891811371e+08
4.283931217119230032e+08
4.143584338615893126e+08
4.097266107565197945e+08
4.019231676773977280e+08
3.978471056550755501e+08
3.866827165934431553e+08
3.715696694952486753e+08
3.725521064863017797e+08
3.424762250102540255e+08
3.476451647190893888e+08
3.393583651350554228e+08
3.113446222818394899e+08
2.955499736461020112e+08
3.022344995318143368e+08
2.789052667877728939e+08
2.683953167721818089e+08
2.496535689292145967e+08
2.458664934297282100e+08
2.438573480512699187e+08
2.286710484342000782e+08
2.079192581624867320e+08
2.138661416053520143e+08
2.000512051773057580e+08
1.870250339951674342e+08
1.964954211516417861e+08
1.681463860170724392e+08
1.756650145728699565e+08
1.718178031793848276e+08
1.692778425720034242e+08
1.571356572983430624e+08
1.489973511757671535e+08
1.491077263830191791e+08
1.415405643712562919e+08
1.524890081672851443e+08
1.415209801157670021e+08
1.386062054734888971e+08
1.299950958285944462e+08
1.314347577818618566e+08
1.279997711216042042e+08
1.248728196317905784e+08
1.211265284335607886e+08
1.140806643351223171e+08
1.080828281789276898e+08
1.065281801719153672e+08
1.070022123787409961e+08
1.077831391006421447e+08
1.058668223036144674e+08
9.271585559044709802e+07
9.478586608238910139e+07
9.784954586379015446e+07
8.804531999476496875e+07
8.460901202701587975e+07
8.460993724137797952e+07
8.658906567143341899e+07
7.549750809752693772e+07
7.959686535306373239e+07
6.851544214841471612e+07
7.313132829051032662e+07
6.513177470057748258e+07
6.741720232473975420e+07
5.972974889233308285e+07
6.565138634090397507e+07
6.242390988545950502e+07
5.664471382771660388e+07
5.205453039799339324e+07
4.682352667172258347e+07
4.444685755350635946e+07
4.905776788360257447e+07
4.599173943117809296e+07
4.111512885173422098e+07
3.652814324298118055e+07
3.669259464712704718e+07
3.438012062796321511e+07
3.180815363298979402e+07
3.129611426013022661e+07
2.707593463208657131e+07
2.416243299629257247e+07
2.522865450910050794e+07
2.766032894161459804e+07
1.850053058811927214e+07
2.320899577255950123e+07
1.867156441375885159e+07
1.819014233241501823e+07
1.970092049355539307e+07
1.611465423544244841e+07
1.636718910988367163e+07
1.953374380592619628e+07
1.763845719289943576e+07
1.452229340011384711e+07
1.564705686676937900e+07
1.502597006698160246e+07
1.497844860416192375e+07
1.019978672017076239e+07
1.249293124540856294e+07
1.259184678306524083e+07
1.113994388173706830e+07
1.088447316678954661e+07
8.805917693343676627e+06
8.372642169435467571e+06
9.897171880207546055e+06
8.669558533643199131e+06
9.454474129854867235e+06
7.792038998515027575e+06
7.753808944608849473e+06
9.773996063222441822e+06
6.687246734234793112e+06
8.949241537773527205e+06
8.753387322110677138e+06
6.709280393769502640e+06
6.739992187256178819e+06
5.421273241577383131e+06
5.192745155980412848e+06
6.102944522680200636e+06
6.162838227746285498e+06
5.382371166747621261e+06
7.240307823828810826e+06
5.828743157875119708e+06
4.724340638236571103e+06
5.729203306210887618e+06
4.744894803099102341e+06
4.063226223039459437e+06
5.866523291213526390e+06
3.011122316839838400e+06
4.383638374644507654e+06
2.974982020662452094e+06
4.379643055133785121e+06
3.881232683297415730e+06
5.547667589833013713e+06
3.458704347677646205e+06
2.003279002819493180e+06
2.239290235274687875e+06
4.481357985714162700e+06
3.217628514200233854e+06
4.810907041036662646e+06
2.546458937318664044e+06
4.429319964223308489e+06
2.451164800847942941e+06
2.797391664858616889e+06
4.248307704486345872e+06
3.821174387298617512e+06
2.328233853114578873e+06
4.763983206470612437e+06
2.230802500688434113e+06
2.098795826829330064e+06
2.852718258225505706e+06
2.968117046565279830e+06
0.000000000000000000e+00
0.000000000000000000e+00
0.000000000000000000e+00
0.000000000000000000e+00
0.000000000000000000e+00
0.000000000000000000e+00
0.000000000000000000e+00
0.000000000000000000e+00
0.000000000000000000e+00
0.000000000000000000e+00
0.000000000000000000e+00
0.000000000000000000e+00
0.000000000000000000e+00
0.000000000000000000e+00
0.000000000000000000e+00
0.000000000000000000e+00
0.000000000000000000e+00
0.000000000000000000e+00
0.000000000000000000e+00
0.000000000000000000e+00
0.000000000000000000e+00
0.000000000000000000e+00
0.000000000000000000e+00
0.000000000000000000e+00
0.000000000000000000e+00
0.000000000000000000e+00
0.000000000000000000e+00
0.000000000000000000e+00
0.000000000000000000e+00
0.000000000000000000e+00
0.000000000000000000e+00
0.000000000000000000e+00
0.000000000000000000e+00
0.000000000000000000e+00
0.000000000000000000e+00
0.000000000000000000e+00
0.000000000000000000e+00
0.000000000000000000e+00
0.000000000000000000e+00
0.000000000000000000e+00
0.000000000000000000e+00
0.000000000000000000e+00
0.000000000000000000e+00
0.000000000000000000e+00
0.000000000000000000e+00
0.000000000000000000e+00
