0.000000000000000000e+00
0.000000000000000000e+00
0.000000000000000000e+00
0.000000000000000000e+00
1.987038583516682498e+06
5.892747567424186505e+06
1.299287940194859728e+07
2.686996507881318033e+07
3.156129836845006049e+07
4.906732605334281176e+07
1.038976872152041793e+08
1.193760947800788283e+08
1.337172539037661850e+08
1.511916116709132791e+08
1.763697191827118993e+08
1.855668304167084694e+08
2.071742018396866024e+08
2.221339016465730071e+08
2.362732708429731727e+08
2.587727585285356045e+08
2.745547941423339844e+08
2.922999721899543405e+08
3.055285798503642678e+08
3.125936464936995506e+08
3.264955975733683109e+08
3.341479694701659679e+08
3.384388905587931871e+08
3.445477915310301781e+08
3.483480797945692539e+08
3.715536365519834757e+08
3.639073447586373091e+08
3.753718970041669011e+08
3.800390913679931164e+08
3.890333155468865633e+08
3.798266765799687505e+08
4.017077980172201395e+08
4.002633884037511945e+08
4.071972588139785528e+08
4.058113338625373840e+08
4.190030119142553210e+08
3.969762547813975215e+08
4.196842898309041262e+08
3.961258916586970091e+08
4.116647819563831091e+08
4.131169618424354196e+08
4.115263440089194775e+08
4.188274373863489628e+08
4.046399380667374730e+08
4.138389469873517752e+08
4.051654250009808540e+08
4.185375147275416851e+08
3.943541123518057466e+08
4.062745858053847551e+08
4.097837415016589165e+08
3.855209396337804198e+08
3.967527449576984644e+08
3.857307419258711338e+08
3.959099586203222275e+08
3.746077308561668396e+08
3.955267803942053914e+08
3.707541552661340237e+08
3.709766169607365131e+08
3.601764829206896424e+08
3.745646790671589971e+08
3.597589974188618064e+08
3.561954339191067219e+08
3.519755998311644197e+08
3.498776153051371574e+08
3.495043463912813663e+08
3.466607667775990963e+08
3.471228429722408652e+08
3.367510790232021809e+08
3.284923420481271744e+08
3.205580676703175306e+08
3.216121235534118414e+08
3.180489622258602381e+08
3.255512093140186071e+08
3.138200077858614922e+08
3.178405672601603270e+08
2.981827424769235849e+08
3.153021020773886442e+08
3.034637094090444446e+08
3.063851431520470381e+08
3.171338206271377802e+08
3.006221658914454579e+08
3.095156086368591785e+08
3.075853886242076159e+08
3.146706310376715064e+08
3.012459093778911829e+08
3.138259467926203609e+08
3.173965700386269093e+08
3.011539755740036368e+08
3.090292502229577303e+08
3.144777851209341288e+08
2.944257155508416891e+08
2.992738544549005032e+08
3.075626140429702997e+08
2.914754603784490228e+08
2.934675627685635090e+08
3.025792357101299763e+08
2.822485759807392359e+08
2.808084364954729080e+08
2.886280711057071686e+08
2.856831400969868898e+08
2.802667390951830149e+08
2.708162075350545049e+08
2.790838685357230306e+08
2.790883995045631528e+08
2.593790932805226445e+08
2.610584097590061426e+08
2.480709998106023371e+08
2.509682755132509172e+08
2.584627560177185535e+08
2.515839867190172076e+08
2.382585852905312479e+08
2.329255853383396566e+08
2.328099459913643599e+08
2.236105927257394791e+08
2.268888487583365440e+08
2.121510479310271144e+08
1.946871638283717036e+08
1.971419306740808785e+08
1.986282819339966774e+08
1.878428998519460857e+08
1.900273793171119094e+08
1.761063254791670144e+08
1.685124270982764065e+08
1.634107856416997910e+08
1.629723173657413721e+08
1.491331335694912076e+08
1.573580028549970090e+08
1.404857284186033607e+08
1.388581062037833631e+08
1.241882776668035388e+08
1.341984126506705582e+08
1.272220563337965161e+08
1.297849050905733556e+08
1.215436520508674681e+08
1.114357831493824124e+08
1.178284241133230031e+08
1.127486969108302146e+08
1.005847016806559265e+08
1.000497979082383513e+08
1.018192112256528735e+08
1.031466122497738004e+08
8.921599244982087612e+07
7.639196070719343424e+07
7.934210297459980845e+07
8.568093787359622121e+07
8.278858265646417439e+07
7.241038594168463349e+07
7.688292640994775295e+07
7.174646351233139634e+07
7.467012812357157469e+07
6.627043854365286231e+07
6.927979955237722397e+07
7.056030494745457172e+07
6.271439405038549751e+07
5.878327508225023001e+07
6.439256913434040546e+07
6.609822089431026578e+07
5.516854793220075965e+07
5.141136290183463693e+07
5.484209785072108358e+07
5.545288546926143765e+07
5.295018631894040108e+07
5.314208326457029581e+07
4.650938935427515209e+07
4.818059484879313409e+07
4.796094479506719857e+07
4.738348866412363201e+07
4.613090424939347059e+07
4.014063817081745714e+07
4.380987118395875394e+07
4.668335278937003016e+07
4.207465628537964821e+07
3.709296756902804971e+07
4.010386962995843589e+07
3.866516051630032063e+07
3.821350093265779316e+07
3.325077027189337462e+07
3.594141788483673334e+07
3.143062575432205200e+07
2.966634249159746990e+07
3.087723925465179235e+07
2.651963992406526208e+07
3.199463258996404707e+07
2.549237981232440844e+07
2.744277977446798235e+07
1.315633776860732026e+07
6.362523835158869624e+05
0.000000000000000000e+00
0.000000000000000000e+00
0.000000000000000000e+00
0.000000000000000000e+00
0.000000000000000000e+00
0.000000000000000000e+00
0.000000000000000000e+00
0.000000000000000000e+00
0.000000000000000000e+00
0.000000000000000000e+00
0.000000000000000000e+00
0.000000000000000000e+00
0.000000000000000000e+00
0.000000000000000000e+00
0.000000000000000000e+00
0.000000000000000000e+00
0.000000000000000000e+00
0.000000000000000000e+00
0.000000000000000000e+00
0.000000000000000000e+00
0.000000000000000000e+00
0.000000000000000000e+00
0.000000000000000000e+00
0.000000000000000000e+00
0.000000000000000000e+00
0.000000000000000000e+00
0.000000000000000000e+00
0.000000000000000000e+00
0.000000000000000000e+00
0.000000000000000000e+00
0.000000000000000000e+00
0.000000000000000000e+00
0.000000000000000000e+00
0.000000000000000000e+00
0.000000000000000000e+00
0.000000000000000000e+00
0.000000000000000000e+00
0.000000000000000000e+00
0.000000000000000000e+00
0.000000000000000000e+00
0.000000000000000000e+00
0.000000000000000000e+00
0.000000000000000000e+00
0.000000000000000000e+00
0.000000000000000000e+00
0.000000000000000000e+00
0.000000000000000000e+00
0.000000000000000000e+00
0.000000000000000000e+00
0.000000000000000000e+00
0.000000000000000000e+00
0.000000000000000000e+00
0.000000000000000000e+00
0.000000000000000000e+00
0.000000000000000000e+00
0.000000000000000000e+00
0.000000000000000000e+00
0.000000000000000000e+00
0.000000000000000000e+00
0.000000000000000000e+00
0.000000000000000000e+00
0.000000000000000000e+00
0.000000000000000000e+00
0.000000000000000000e+00
0.000000000000000000e+00
0.000000000000000000e+00
0.000000000000000000e+00
0.000000000000000000e+00
0.000000000000000000e+00
0.000000000000000000e+00
0.000000000000000000e+00
0.000000000000000000e+00
0.000000000000000000e+00
0.000000000000000000e+00
0.000000000000000000e+00
0.000000000000000000e+00
0.000000000000000000e+00
0.000000000000000000e+00
