0.000000000000000000e+00
0.000000000000000000e+00
0.000000000000000000e+00
0.000000000000000000e+00
6.558036047636258882e+05
4.203582519064866938e+06
5.976572577194434591e+06
1.014954172850960493e+07
1.153204261034755968e+07
1.339040826354695857e+07
2.669764668954059482e+07
2.499807973739673197e+07
3.110646540447866917e+07
3.543896449348163605e+07
3.327275011780574173e+07
3.696195854722601175e+07
3.337654791880021617e+07
3.721940137600137293e+07
4.146924063414037228e+07
4.112712101368524134e+07
4.670266414969415963e+07
4.785201926739185303e+07
5.168821558575150371e+07
5.529480677236706764e+07
5.260128862060829252e+07
5.785867837481851876e+07
6.023557238423824310e+07
6.854219455110052228e+07
6.832785617822098732e+07
6.125489584328097105e+07
7.257995375023576617e+07
7.286993607377427816e+07
7.619584017281831801e+07
7.163423300618782640e+07
7.018939856905609369e+07
7.937865642676241696e+07
8.203692229000887275e+07
7.985028288143992424e+07
8.628513408328434825e+07
9.396210706750521064e+07
1.052754468958568573e+08
1.077266093894198537e+08
1.209548308766441941e+08
1.134899186572747082e+08
1.111814368766362965e+08
1.283955138821358085e+08
1.370275808726699650e+08
1.418586270574134588e+08
1.381505512680475712e+08
1.479368621193576157e+08
1.503489530424505472e+08
1.605933198723197579e+08
1.596180688650192618e+08
1.631660774854270518e+08
1.856489750045896769e+08
1.825897904360198975e+08
1.923042840654945076e+08
2.077502026748179495e+08
2.130515646934835315e+08
2.195864396343868077e+08
2.302324844528492093e+08
2.303525495730496049e+08
2.477323212707960904e+08
2.528938260439760685e+08
2.657934408429003954e+08
2.691332591344418526e+08
2.823950538698973060e+08
2.829024237677385807e+08
2.859295477482438087e+08
3.060118828110673428e+08
3.101733969902536273e+08
3.012427302086257935e+08
3.079476955443081856e+08
3.177378917322430611e+08
3.173296975011679530e+08
3.097310278138589859e+08
3.117318364881834984e+08
3.058414430353173018e+08
3.276747297923612595e+08
3.221316656574196815e+08
3.226343333499547243e+08
3.350571696581320763e+08
3.316683816610662937e+08
3.340469260009580255e+08
3.316778480851430893e+08
3.492004553325960636e+08
3.457111800394350290e+08
3.604989139949935079e+08
3.461464444637054205e+08
3.425795795500301719e+08
3.502801064389789104e+08
3.518971097892394066e+08
3.602950763246695995e+08
3.573562186771550179e+08
3.627030293325147033e+08
3.561972747594730854e+08
3.582298615176149607e+08
3.510224867740606070e+08
3.607790440597635508e+08
3.516165027382055521e+08
3.426252083345602751e+08
3.507635522233843803e+08
3.415431615272258520e+08
3.431475313455799222e+08
3.380908271719404459e+08
3.446418470837742686e+08
3.290239795063697100e+08
3.312115930934798717e+08
3.315703933549190760e+08
3.257678737064622641e+08
3.327872709149130583e+08
3.271610717969278693e+08
3.130791096672192812e+08
3.256271611145191193e+08
3.143909902969226837e+08
3.196433992860696316e+08
3.222653714877691269e+08
2.995739363173648119e+08
3.231271393818805218e+08
3.175663570116173625e+08
3.044218170611051321e+08
3.158094672846715450e+08
3.007304132224105597e+08
3.177520427668511868e+08
3.136939587842820883e+08
2.914844417545807362e+08
3.036235777439213991e+08
3.016929142835345268e+08
3.020674259121242762e+08
2.902104144419788718e+08
2.850950983844149113e+08
2.899047938314325213e+08
2.930354284664829373e+08
2.244740182935681641e+08
5.448630871359512210e+06
0.000000000000000000e+00
0.000000000000000000e+00
0.000000000000000000e+00
0.000000000000000000e+00
0.000000000000000000e+00
0.000000000000000000e+00
0.000000000000000000e+00
0.000000000000000000e+00
0.000000000000000000e+00
0.000000000000000000e+00
0.000000000000000000e+00
0.000000000000000000e+00
0.000000000000000000e+00
0.000000000000000000e+00
0.000000000000000000e+00
0.000000000000000000e+00
0.000000000000000000e+00
0.000000000000000000e+00
0.000000000000000000e+00
0.000000000000000000e+00
0.000000000000000000e+00
0.000000000000000000e+00
0.000000000000000000e+00
0.000000000000000000e+00
0.000000000000000000e+00
0.000000000000000000e+00
0.000000000000000000e+00
0.000000000000000000e+00
0.000000000000000000e+00
0.000000000000000000e+00
0.000000000000000000e+00
0.000000000000000000e+00
0.000000000000000000e+00
0.000000000000000000e+00
0.000000000000000000e+00
0.000000000000000000e+00
0.000000000000000000e+00
0.000000000000000000e+00
0.000000000000000000e+00
0.000000000000000000e+00
0.000000000000000000e+00
0.000000000000000000e+00
0.000000000000000000e+00
0.000000000000000000e+00
0.000000000000000000e+00
0.000000000000000000e+00
0.000000000000000000e+00
0.000000000000000000e+00
0.000000000000000000e+00
0.000000000000000000e+00
0.000000000000000000e+00
0.000000000000000000e+00
0.000000000000000000e+00
0.000000000000000000e+00
0.000000000000000000e+00
0.000000000000000000e+00
0.000000000000000000e+00
0.000000000000000000e+00
0.000000000000000000e+00
0.000000000000000000e+00
0.000000000000000000e+00
0.000000000000000000e+00
0.000000000000000000e+00
0.000000000000000000e+00
0.000000000000000000e+00
0.000000000000000000e+00
0.000000000000000000e+00
0.000000000000000000e+00
0.000000000000000000e+00
0.000000000000000000e+00
0.000000000000000000e+00
0.000000000000000000e+00
0.000000000000000000e+00
0.000000000000000000e+00
0.000000000000000000e+00
0.000000000000000000e+00
0.000000000000000000e+00
0.000000000000000000e+00
0.000000000000000000e+00
0.000000000000000000e+00
0.000000000000000000e+00
0.000000000000000000e+00
0.000000000000000000e+00
0.000000000000000000e+00
0.000000000000000000e+00
0.000000000000000000e+00
0.000000000000000000e+00
0.000000000000000000e+00
0.000000000000000000e+00
0.000000000000000000e+00
0.000000000000000000e+00
0.000000000000000000e+00
0.000000000000000000e+00
0.000000000000000000e+00
0.000000000000000000e+00
0.000000000000000000e+00
0.000000000000000000e+00
0.000000000000000000e+00
0.000000000000000000e+00
0.000000000000000000e+00
0.000000000000000000e+00
0.000000000000000000e+00
0.000000000000000000e+00
0.000000000000000000e+00
0.000000000000000000e+00
0.000000000000000000e+00
0.000000000000000000e+00
0.000000000000000000e+00
0.000000000000000000e+00
0.000000000000000000e+00
0.000000000000000000e+00
0.000000000000000000e+00
0.000000000000000000e+00
0.000000000000000000e+00
0.000000000000000000e+00
0.000000000000000000e+00
0.000000000000000000e+00
0.000000000000000000e+00
0.000000000000000000e+00
0.000000000000000000e+00
0.000000000000000000e+00
0.000000000000000000e+00
0.000000000000000000e+00
0.000000000000000000e+00
0.000000000000000000e+00
0.000000000000000000e+00
0.000000000000000000e+00
0.000000000000000000e+00
0.000000000000000000e+00
0.000000000000000000e+00
0.000000000000000000e+00
0.000000000000000000e+00
0.000000000000000000e+00
0.000000000000000000e+00
