0.000000000000000000e+00
0.000000000000000000e+00
0.000000000000000000e+00
0.000000000000000000e+00
0.000000000000000000e+00
1.126559570562500972e+06
2.578117518972636666e+06
5.184591065852656960e+06
8.512858570766912773e+06
6.020562408792507835e+06
4.739550979148139060e+07
6.478596023957578838e+07
5.908587450347082317e+07
5.846420731098625064e+07
4.855772044472874701e+07
4.736879122436967492e+07
4.339883183565104008e+07
3.342690504865539446e+07
2.894005443292623386e+07
2.067748329597785696e+07
1.331250161931559630e+07
1.171619972021309286e+07
1.050537995415935852e+07
1.152163801933591813e+07
1.174741914402376488e+07
1.046301601929998584e+07
9.316934807711934671e+06
9.925082664289435372e+06
1.195561269203612395e+07
9.458658252974335104e+06
1.027858102666524053e+07
1.347215507273734547e+07
1.050384085692831874e+07
1.490640376244766079e+07
1.237375599804368243e+07
1.435551788993056677e+07
1.770862223290849850e+07
1.848604152935604751e+07
2.036306274203113094e+07
2.096430517103617638e+07
2.135326726317624375e+07
2.125211598711462319e+07
2.641049117002377287e+07
2.420592926233366877e+07
3.069909619357071817e+07
2.834690644313380867e+07
2.899903977233689278e+07
3.329803523923199251e+07
3.302305067552670091e+07
3.751857469320123643e+07
3.595650834364275634e+07
3.794078246818801761e+07
4.635433512111699581e+07
4.305253341817435622e+07
4.318522275133681297e+07
4.893281180284350365e+07
5.413725003032656759e+07
4.931387549209632725e+07
5.622662383104455471e+07
5.269289800917716324e+07
5.435882120964586735e+07
5.369261646098196507e+07
5.363974638003239036e+07
5.395521515288028121e+07
4.977656000172771513e+07
5.079230754902005196e+07
5.485480685985953361e+07
5.157037617348368466e+07
5.201496930316908658e+07
5.167411125639379025e+07
4.900259000649520755e+07
5.221312414444544166e+07
4.487965977313542366e+07
6.016650786389219016e+07
5.771233093706534803e+07
5.541520423140664399e+07
6.109839266970629990e+07
6.511712178313366324e+07
7.435626523487395048e+07
7.757408780279242992e+07
8.201246962870758772e+07
8.500797592314863205e+07
9.637203032400766015e+07
1.020363539376119226e+08
1.062757099567174166e+08
1.270117961561693102e+08
1.308446557328982949e+08
1.390651205979269147e+08
1.513301097183145881e+08
1.671986914874512553e+08
1.714603008348176181e+08
1.882919566109092832e+08
1.888322087873075604e+08
2.165825677394856811e+08
1.988506768002316952e+08
2.229761321907786727e+08
2.345861863922832012e+08
2.346534024388800561e+08
2.471138148929177821e+08
2.516158927328053713e+08
2.559102723932356834e+08
2.733041754998519421e+08
2.702768123077787757e+08
2.697801573031445146e+08
2.714292010492721200e+08
2.873560905137522817e+08
2.872477263885750175e+08
2.967815582238457203e+08
2.967284846113486290e+08
3.078045972818857431e+08
2.882703914732319117e+08
3.116057929577708244e+08
2.986811043266953230e+08
3.215646640487922430e+08
3.214167596427116394e+08
3.079708372809003592e+08
3.227120457746748924e+08
3.246240845890598297e+08
3.274722783029212952e+08
3.256058198408064246e+08
3.216059973042610288e+08
3.510512207476793528e+08
3.282146467354521751e+08
3.175644698528507352e+08
3.315670274682726264e+08
3.423313880704512596e+08
3.259247894488389492e+08
3.394533464686207771e+08
3.270384013720622063e+08
3.421042328746714592e+08
3.370807710334798694e+08
3.291607269116674662e+08
3.320738958908525705e+08
3.413899206473475695e+08
3.434697369484050870e+08
3.308775318246425986e+08
3.304076916368247271e+08
3.369333250034065247e+08
3.335683792940567732e+08
3.277065630299605131e+08
3.221125012932534218e+08
3.279806303857206702e+08
3.399353550286435485e+08
3.255833682241995335e+08
3.269387811384583712e+08
3.189519206691747308e+08
3.158465183228696585e+08
3.122699046812036037e+08
3.232413955460606813e+08
3.101332968404367566e+08
3.158756486866635084e+08
3.080655791265761852e+08
3.214488609605730176e+08
2.990366868789206743e+08
2.984673619586802721e+08
3.095696032498146296e+08
3.021126321042881012e+08
2.984539987651745081e+08
2.985940501472748518e+08
2.881208083446397781e+08
2.958258075808112621e+08
2.846655200981426239e+08
2.927791025639627576e+08
2.869015934738922119e+08
2.689787968580374718e+08
2.745674342783254385e+08
2.805435685473653078e+08
2.833998524519955516e+08
2.866069603408562541e+08
2.803960052809653282e+08
2.707937872325875759e+08
2.774616183365603685e+08
2.690822426391901970e+08
2.761396827800458670e+08
2.736962775305050611e+08
2.624427694697434902e+08
2.656789871364423037e+08
2.712947029221354127e+08
2.634450616979244351e+08
2.617749213746348619e+08
2.618472457846797705e+08
2.450693333139997125e+08
2.623442733812953830e+08
2.481753808918538392e+08
2.522869195896050930e+08
2.595925418841872215e+08
2.458701003792969584e+08
2.482027226400547624e+08
2.458847149502173662e+08
2.480701500043919086e+08
2.443936000932544172e+08
2.437300252142418027e+08
2.440525748650318682e+08
2.332342531746101379e+08
2.419232899115308523e+08
2.330316317266912758e+08
2.281714070498476028e+08
2.481699722014184296e+08
2.459947134759290814e+08
2.327004098759545982e+08
2.283642177010468841e+08
2.231553519249727428e+08
2.245270812400532961e+08
2.210414331853710413e+08
2.382482551474538445e+08
2.176222708939627409e+08
2.335425959945626259e+08
2.183398403790227771e+08
2.148928691971050501e+08
2.227576253207634091e+08
2.102610621048695147e+08
2.260489195996286571e+08
2.166940858334027231e+08
2.095641420879753828e+08
2.032970753222906590e+08
2.146038087720699906e+08
2.204805096215996444e+08
2.103772411907331944e+08
2.084050436512812972e+08
2.031672663235426545e+08
1.979025372271181345e+08
2.051588542029264569e+08
1.318129685477982312e+08
0.000000000000000000e+00
0.000000000000000000e+00
0.000000000000000000e+00
0.000000000000000000e+00
0.000000000000000000e+00
0.000000000000000000e+00
0.000000000000000000e+00
0.000000000000000000e+00
0.000000000000000000e+00
0.000000000000000000e+00
0.000000000000000000e+00
0.000000000000000000e+00
0.000000000000000000e+00
0.000000000000000000e+00
0.000000000000000000e+00
0.000000000000000000e+00
0.000000000000000000e+00
0.000000000000000000e+00
0.000000000000000000e+00
0.000000000000000000e+00
0.000000000000000000e+00
0.000000000000000000e+00
0.000000000000000000e+00
0.000000000000000000e+00
0.000000000000000000e+00
0.000000000000000000e+00
0.000000000000000000e+00
0.000000000000000000e+00
0.000000000000000000e+00
0.000000000000000000e+00
0.000000000000000000e+00
0.000000000000000000e+00
0.000000000000000000e+00
0.000000000000000000e+00
0.000000000000000000e+00
0.000000000000000000e+00
0.000000000000000000e+00
0.000000000000000000e+00
0.000000000000000000e+00
0.000000000000000000e+00
0.000000000000000000e+00
0.000000000000000000e+00
0.000000000000000000e+00
0.000000000000000000e+00
0.000000000000000000e+00
0.000000000000000000e+00
