0.000000000000000000e+00
0.000000000000000000e+00
0.000000000000000000e+00
0.000000000000000000e+00
3.739351900543054100e+06
1.766126023525673896e+07
2.643880418157348037e+07
3.287473789382372797e+07
3.952576120745012909e+07
5.351000624061524868e+07
1.100449693408803344e+08
1.263143168022807240e+08
1.483051622743216753e+08
1.578974435855243504e+08
1.643531773603964150e+08
1.843741634016175270e+08
1.884978246298282444e+08
1.985027649895665348e+08
2.153807492101752162e+08
2.358071302346165776e+08
2.481063566315579414e+08
2.603093843534267247e+08
2.879148759427991509e+08
2.981792587115029097e+08
3.209760918264716864e+08
3.394863129078146219e+08
3.689468013899958134e+08
3.812105010282268524e+08
4.303042744183535576e+08
4.201399629781879187e+08
4.526799610679702163e+08
4.415593328364493847e+08
4.477511065453065634e+08
4.585734014011585116e+08
4.584953694934594035e+08
4.779176796424269676e+08
4.676881996707359552e+08
4.598463503136376143e+08
4.832689346329119205e+08
4.899302027960605025e+08
4.942949674139155149e+08
4.814562913059961796e+08
4.915902193642942905e+08
4.821979002203839421e+08
4.814340055514011979e+08
5.005118290058747530e+08
4.948127393951503038e+08
5.096784028812726736e+08
5.164972124685971737e+08
5.172144033447740078e+08
5.250912021834114194e+08
5.288830322649543285e+08
5.375725384929167032e+08
5.291242247130348682e+08
5.476312645527007580e+08
5.490475593807936907e+08
5.398364519696950912e+08
5.457763504458290339e+08
5.444610698659398556e+08
5.506968111003377438e+08
5.501916890714175701e+08
5.409624308919632435e+08
5.560908187755662203e+08
5.493946210812947750e+08
5.364802379039659500e+08
5.221867996298223734e+08
5.426109434928027391e+08
5.296448852147101164e+08
5.226618785426887274e+08
5.255453849420458078e+08
5.303966364633240700e+08
5.181175194019020200e+08
5.007594224703498483e+08
5.205028519330394864e+08
5.125083493422005177e+08
4.892817743586004972e+08
5.016894291392961740e+08
4.827204019976319075e+08
4.960065179965824485e+08
4.840909820568356514e+08
4.895758074593852758e+08
4.934775976786682010e+08
4.783893176542534232e+08
4.713973319410173893e+08
4.735638175884693861e+08
4.675598044712110162e+08
4.765102829762301445e+08
4.737169067954475284e+08
4.528894824722948074e+08
4.582247505961335897e+08
4.476497607043318748e+08
4.406773262261596918e+08
4.517555574125910997e+08
4.394273735946075320e+08
4.424484766942780018e+08
4.417783892478600740e+08
4.270724795336990356e+08
4.183846743550295830e+08
4.244722628877078891e+08
4.120793770726000071e+08
4.064170987496786714e+08
4.081644221070421934e+08
3.904040152533224821e+08
4.021552663486471176e+08
3.936935032527396679e+08
3.909135793722554445e+08
3.769729255492168665e+08
3.768464144412893057e+08
3.755403186930907965e+08
3.732918311225751042e+08
3.728237348380690217e+08
3.631228570118094683e+08
3.535260031246488690e+08
3.603765684344690442e+08
3.528184418404253721e+08
3.524214660433223248e+08
3.552565973051476479e+08
3.308427669189925194e+08
3.589651547713357210e+08
3.485888400619257092e+08
3.329556362031540871e+08
3.448688747709735632e+08
3.308689380931087732e+08
3.452188396369572878e+08
3.423753264302521348e+08
3.183067834010132551e+08
3.272128038406556845e+08
3.272364618080801964e+08
3.264392094285852909e+08
3.173830926552395225e+08
3.110557554476840496e+08
3.156490825946174860e+08
3.149509131690998673e+08
2.424888610863777399e+08
5.448630871359512210e+06
0.000000000000000000e+00
0.000000000000000000e+00
0.000000000000000000e+00
0.000000000000000000e+00
0.000000000000000000e+00
0.000000000000000000e+00
0.000000000000000000e+00
0.000000000000000000e+00
0.000000000000000000e+00
0.000000000000000000e+00
0.000000000000000000e+00
0.000000000000000000e+00
0.000000000000000000e+00
0.000000000000000000e+00
0.000000000000000000e+00
0.000000000000000000e+00
0.000000000000000000e+00
0.000000000000000000e+00
0.000000000000000000e+00
0.000000000000000000e+00
0.000000000000000000e+00
0.000000000000000000e+00
0.000000000000000000e+00
0.000000000000000000e+00
0.000000000000000000e+00
0.000000000000000000e+00
0.000000000000000000e+00
0.000000000000000000e+00
0.000000000000000000e+00
0.000000000000000000e+00
0.000000000000000000e+00
0.000000000000000000e+00
0.000000000000000000e+00
0.000000000000000000e+00
0.000000000000000000e+00
0.000000000000000000e+00
0.000000000000000000e+00
0.000000000000000000e+00
0.000000000000000000e+00
0.000000000000000000e+00
0.000000000000000000e+00
0.000000000000000000e+00
0.000000000000000000e+00
0.000000000000000000e+00
0.000000000000000000e+00
0.000000000000000000e+00
0.000000000000000000e+00
0.000000000000000000e+00
0.000000000000000000e+00
0.000000000000000000e+00
0.000000000000000000e+00
0.000000000000000000e+00
0.000000000000000000e+00
0.000000000000000000e+00
0.000000000000000000e+00
0.000000000000000000e+00
0.000000000000000000e+00
0.000000000000000000e+00
0.000000000000000000e+00
0.000000000000000000e+00
0.000000000000000000e+00
0.000000000000000000e+00
0.000000000000000000e+00
0.000000000000000000e+00
0.000000000000000000e+00
0.000000000000000000e+00
0.000000000000000000e+00
0.000000000000000000e+00
0.000000000000000000e+00
0.000000000000000000e+00
0.000000000000000000e+00
0.000000000000000000e+00
0.000000000000000000e+00
0.000000000000000000e+00
0.000000000000000000e+00
0.000000000000000000e+00
0.000000000000000000e+00
0.000000000000000000e+00
0.000000000000000000e+00
0.000000000000000000e+00
0.000000000000000000e+00
0.000000000000000000e+00
0.000000000000000000e+00
0.000000000000000000e+00
0.000000000000000000e+00
0.000000000000000000e+00
0.000000000000000000e+00
0.000000000000000000e+00
0.000000000000000000e+00
0.000000000000000000e+00
0.000000000000000000e+00
0.000000000000000000e+00
0.000000000000000000e+00
0.000000000000000000e+00
0.000000000000000000e+00
0.000000000000000000e+00
0.000000000000000000e+00
0.000000000000000000e+00
0.000000000000000000e+00
0.000000000000000000e+00
0.000000000000000000e+00
0.000000000000000000e+00
0.000000000000000000e+00
0.000000000000000000e+00
0.000000000000000000e+00
0.000000000000000000e+00
0.000000000000000000e+00
0.000000000000000000e+00
0.000000000000000000e+00
0.000000000000000000e+00
0.000000000000000000e+00
0.000000000000000000e+00
0.000000000000000000e+00
0.000000000000000000e+00
0.000000000000000000e+00
0.000000000000000000e+00
0.000000000000000000e+00
0.000000000000000000e+00
0.000000000000000000e+00
0.000000000000000000e+00
0.000000000000000000e+00
0.000000000000000000e+00
0.000000000000000000e+00
0.000000000000000000e+00
0.000000000000000000e+00
0.000000000000000000e+00
0.000000000000000000e+00
0.000000000000000000e+00
0.000000000000000000e+00
0.000000000000000000e+00
0.000000000000000000e+00
0.000000000000000000e+00
0.000000000000000000e+00
0.000000000000000000e+00
