0.000000000000000000e+00
0.000000000000000000e+00
0.000000000000000000e+00
0.000000000000000000e+00
3.083548295779428445e+06
1.345767771619187109e+07
2.046223160437905043e+07
2.272519616531412303e+07
2.799371859710256755e+07
4.011959797706829756e+07
8.334732265133973956e+07
1.013162370648839772e+08
1.171986968698429912e+08
1.224584790920427144e+08
1.310804272425906658e+08
1.474122048543915153e+08
1.551212767110280097e+08
1.612833636135651469e+08
1.739115085760348439e+08
1.946800092209313214e+08
2.014036924818637967e+08
2.124573650860348344e+08
2.362266603570476174e+08
2.428844519391358495e+08
2.683748032058633864e+08
2.816276345329960585e+08
3.087112290057575703e+08
3.126683064771263599e+08
3.619764182401325703e+08
3.588850671349068880e+08
3.801000073177344799e+08
3.686893967626751661e+08
3.715552663724882603e+08
3.869391683949707150e+08
3.883059709244032502e+08
3.985390232156645060e+08
3.856512773807270527e+08
3.799960674321976900e+08
3.969838005496276021e+08
3.959680957285553217e+08
3.890195205180586576e+08
3.737296819165763855e+08
3.706353884876500368e+08
3.687079815631092787e+08
3.702525686747648716e+08
3.721163151237389445e+08
3.577851585224803090e+08
3.678197758238592148e+08
3.783466612005495429e+08
3.692775412254164219e+08
3.747422491409608126e+08
3.682897123926345110e+08
3.779544696278973818e+08
3.659581472276078463e+08
3.619822895481110811e+08
3.664577689447737932e+08
3.475321679042005539e+08
3.380261477710110545e+08
3.314095051724562645e+08
3.311103714659509659e+08
3.199592046185684204e+08
3.106098813189136982e+08
3.083584975047702193e+08
2.965007950373186469e+08
2.706867970610655546e+08
2.530535404953804910e+08
2.602158896229055226e+08
2.467424614469715655e+08
2.367323307944448590e+08
2.195335021309784651e+08
2.202232394730704427e+08
2.168747891932762265e+08
1.928117269260416925e+08
2.027649602007964253e+08
1.951786518410325050e+08
1.795507465447415411e+08
1.899575926511126459e+08
1.768789589623146653e+08
1.683317882042211294e+08
1.619593163994160295e+08
1.669414741094305515e+08
1.584204280205360651e+08
1.467209359931870699e+08
1.373504059400593936e+08
1.418859695033262968e+08
1.183593491386149526e+08
1.307991029367951006e+08
1.132179928004540205e+08
1.067430380085894018e+08
1.156451710461033732e+08
9.736965426535296440e+07
8.878021643692030013e+07
9.146048108792153001e+07
8.207115491745248437e+07
7.974544736176328361e+07
8.558111448838703334e+07
6.884261801608404517e+07
6.736218758096893132e+07
6.369321882794432342e+07
6.046287433439447731e+07
6.379189041511842608e+07
5.740086988365785778e+07
4.886085372609670460e+07
5.900773500306721777e+07
5.560267608079923689e+07
4.627173228848125041e+07
4.794894604284715652e+07
4.563482134780942649e+07
4.396992533817173541e+07
4.752395741611284763e+07
4.003646392315600812e+07
3.596178521488157660e+07
4.044689345742964745e+07
3.474940731994988024e+07
3.842745154350279272e+07
3.277806675725267455e+07
3.299122581737855077e+07
3.126883060162768513e+07
3.583801538945518434e+07
3.102248305030842125e+07
2.853381914204894379e+07
2.905940748630207777e+07
3.013852487069830298e+07
2.746679687010614574e+07
2.868136764597000182e+07
2.682234164643261209e+07
2.358922609673427045e+07
2.554354752454563975e+07
2.437178351646110043e+07
2.717267821326064318e+07
2.596065706326923147e+07
2.574428876318502799e+07
2.191548470261697099e+07
1.801484279280957580e+07
0.000000000000000000e+00
0.000000000000000000e+00
0.000000000000000000e+00
0.000000000000000000e+00
0.000000000000000000e+00
0.000000000000000000e+00
0.000000000000000000e+00
0.000000000000000000e+00
0.000000000000000000e+00
0.000000000000000000e+00
0.000000000000000000e+00
0.000000000000000000e+00
0.000000000000000000e+00
0.000000000000000000e+00
0.000000000000000000e+00
0.000000000000000000e+00
0.000000000000000000e+00
0.000000000000000000e+00
0.000000000000000000e+00
0.000000000000000000e+00
0.000000000000000000e+00
0.000000000000000000e+00
0.000000000000000000e+00
0.000000000000000000e+00
0.000000000000000000e+00
0.000000000000000000e+00
0.000000000000000000e+00
0.000000000000000000e+00
0.000000000000000000e+00
0.000000000000000000e+00
0.000000000000000000e+00
0.000000000000000000e+00
0.000000000000000000e+00
0.000000000000000000e+00
0.000000000000000000e+00
0.000000000000000000e+00
0.000000000000000000e+00
0.000000000000000000e+00
0.000000000000000000e+00
0.000000000000000000e+00
0.000000000000000000e+00
0.000000000000000000e+00
0.000000000000000000e+00
0.000000000000000000e+00
0.000000000000000000e+00
0.000000000000000000e+00
0.000000000000000000e+00
0.000000000000000000e+00
0.000000000000000000e+00
0.000000000000000000e+00
0.000000000000000000e+00
0.000000000000000000e+00
0.000000000000000000e+00
0.000000000000000000e+00
0.000000000000000000e+00
0.000000000000000000e+00
0.000000000000000000e+00
0.000000000000000000e+00
0.000000000000000000e+00
0.000000000000000000e+00
0.000000000000000000e+00
0.000000000000000000e+00
0.000000000000000000e+00
0.000000000000000000e+00
0.000000000000000000e+00
0.000000000000000000e+00
0.000000000000000000e+00
0.000000000000000000e+00
0.000000000000000000e+00
0.000000000000000000e+00
0.000000000000000000e+00
0.000000000000000000e+00
0.000000000000000000e+00
0.000000000000000000e+00
0.000000000000000000e+00
0.000000000000000000e+00
0.000000000000000000e+00
0.000000000000000000e+00
0.000000000000000000e+00
0.000000000000000000e+00
0.000000000000000000e+00
0.000000000000000000e+00
0.000000000000000000e+00
0.000000000000000000e+00
0.000000000000000000e+00
0.000000000000000000e+00
0.000000000000000000e+00
0.000000000000000000e+00
0.000000000000000000e+00
0.000000000000000000e+00
0.000000000000000000e+00
0.000000000000000000e+00
0.000000000000000000e+00
0.000000000000000000e+00
0.000000000000000000e+00
0.000000000000000000e+00
0.000000000000000000e+00
0.000000000000000000e+00
0.000000000000000000e+00
0.000000000000000000e+00
0.000000000000000000e+00
0.000000000000000000e+00
0.000000000000000000e+00
0.000000000000000000e+00
0.000000000000000000e+00
0.000000000000000000e+00
0.000000000000000000e+00
0.000000000000000000e+00
0.000000000000000000e+00
0.000000000000000000e+00
0.000000000000000000e+00
0.000000000000000000e+00
0.000000000000000000e+00
0.000000000000000000e+00
0.000000000000000000e+00
0.000000000000000000e+00
0.000000000000000000e+00
0.000000000000000000e+00
0.000000000000000000e+00
0.000000000000000000e+00
0.000000000000000000e+00
0.000000000000000000e+00
0.000000000000000000e+00
0.000000000000000000e+00
0.000000000000000000e+00
0.000000000000000000e+00
0.000000000000000000e+00
0.000000000000000000e+00
0.000000000000000000e+00
0.000000000000000000e+00
0.000000000000000000e+00
0.000000000000000000e+00
0.000000000000000000e+00
0.000000000000000000e+00
0.000000000000000000e+00
