0.000000000000000000e+00
0.000000000000000000e+00
0.000000000000000000e+00
0.000000000000000000e+00
6.013407234892919660e+05
1.107841147933636792e+06
2.781065233564569615e+06
8.045608296503903344e+06
1.374112115269726515e+07
1.754933515423313528e+07
3.215578039724946022e+07
3.740076972441492975e+07
3.611047298910934478e+07
3.116043431952977180e+07
3.344303069089335576e+07
3.215493317464555055e+07
3.208665556972457841e+07
3.497677734882858396e+07
3.936706981586948037e+07
3.991493312436104566e+07
4.081072536854594201e+07
4.649725905227202177e+07
4.706767391596797109e+07
5.121144876268211007e+07
5.360727544755442441e+07
6.516187632772008330e+07
6.604396356173075736e+07
6.999547235939328372e+07
7.059420185111999512e+07
6.900215268577843904e+07
7.071048102755802870e+07
7.342518936731266975e+07
7.822500736194422841e+07
7.391381210508361459e+07
6.826935969999286532e+07
6.946660095587907732e+07
6.795435204564365745e+07
7.212779667036217451e+07
7.303786237341898680e+07
8.087608759374797344e+07
8.057761862018528581e+07
8.353834023816916347e+07
8.945395331043758988e+07
8.492339973323805630e+07
9.137911576135841012e+07
8.453645383512148261e+07
9.025333885777711868e+07
8.670956319341515005e+07
8.725819463437427580e+07
8.866823617448267341e+07
9.258924661633364856e+07
1.043906640483895540e+08
1.141294914172773212e+08
1.173947520679870248e+08
1.252211521351112723e+08
1.279477987402981371e+08
1.374293465449998081e+08
1.498572142956130505e+08
1.366720706061627865e+08
1.616744235043911934e+08
1.607599750306508541e+08
1.725039684505960345e+08
1.811431675007319152e+08
1.874307030755516589e+08
1.994015251482819319e+08
2.030365592659331262e+08
2.162807371760767102e+08
2.201016965506673455e+08
2.325855834186303020e+08
2.418575858688368201e+08
2.397377855628189445e+08
2.571606706830956340e+08
2.682556477500296831e+08
2.780136648148620129e+08
2.844584826587815881e+08
2.814307676471998096e+08
2.968826602110504508e+08
3.071308969311696291e+08
3.006014544236311316e+08
3.252233226920520663e+08
3.230094986862571239e+08
3.240800174482281208e+08
3.304082424700235128e+08
3.285749806022315025e+08
3.351461070449210405e+08
3.310909641667838097e+08
3.331467261240578890e+08
3.345579325322108269e+08
3.399580294571342468e+08
3.402226736055084467e+08
3.427473548468545079e+08
3.436214433663463593e+08
3.453434156650531292e+08
3.456103924647088051e+08
3.399318629390361309e+08
3.460667117277706265e+08
3.487173860155816078e+08
3.512679434785108566e+08
3.560443866040564775e+08
3.613133579685631394e+08
3.635498208471730351e+08
3.643996720772895813e+08
3.686687694969458580e+08
3.694101693119067550e+08
3.780089391754292250e+08
3.695235726165234447e+08
3.806938956075060368e+08
3.758731222843821049e+08
3.954911492343044281e+08
4.007131313589335680e+08
4.083431210649144650e+08
3.987066103927759528e+08
3.950699352774132490e+08
4.210170916219399571e+08
3.965152204848015308e+08
4.250767465754311085e+08
3.990317740454521179e+08
4.140121591317777634e+08
4.239361775159757137e+08
4.324467927149547935e+08
4.112671366597905159e+08
4.285254903808319569e+08
4.562739027305695415e+08
4.235686982639877796e+08
4.274160172432693243e+08
4.347223626091818810e+08
4.547519819857232571e+08
4.468525831043571234e+08
4.470368459970209599e+08
4.365133134853238463e+08
4.424569830460288525e+08
4.468652443444071412e+08
4.514932935257018209e+08
4.502216488993065357e+08
4.422232140386270285e+08
4.354451321688132882e+08
4.368592355044898987e+08
4.399259613786966801e+08
4.342848039216017723e+08
4.412001048430630565e+08
4.289654025059822798e+08
4.327300600310107470e+08
4.221970813841469288e+08
4.335253705538877249e+08
4.255779647058262229e+08
4.324362894702409506e+08
4.353718948752555847e+08
4.135012213216950297e+08
4.336582294863110781e+08
4.126734606249966621e+08
3.982345000092555881e+08
4.082992120159222484e+08
3.985482015537987947e+08
3.945995927853693366e+08
3.950645757998462915e+08
3.857758569111986160e+08
3.874538342041862011e+08
3.774933188272267580e+08
3.576963454320337772e+08
3.774202091665941477e+08
3.586327351771978140e+08
3.645189830607090592e+08
3.482451641224988103e+08
3.350712041748495698e+08
3.278293435344246626e+08
3.395577879883037806e+08
3.259054154464188218e+08
3.099752653668956757e+08
3.321234685369122624e+08
3.086704555017657280e+08
3.067411254724783897e+08
3.023974930289093256e+08
3.083872795583390594e+08
3.084148418664032221e+08
2.977369103697533607e+08
2.829580181581380367e+08
2.898841590912052393e+08
2.843800361720412970e+08
2.872727494604570270e+08
2.764453793030307293e+08
2.880852752650738955e+08
2.617515869728402495e+08
2.845510814235770702e+08
2.791100750444579124e+08
2.671567084874251187e+08
2.662285387143550217e+08
2.674880887740319371e+08
2.745499987199520469e+08
2.700115361636578441e+08
1.783757189304332137e+08
2.360266907118031755e+07
0.000000000000000000e+00
0.000000000000000000e+00
0.000000000000000000e+00
0.000000000000000000e+00
0.000000000000000000e+00
0.000000000000000000e+00
0.000000000000000000e+00
0.000000000000000000e+00
0.000000000000000000e+00
0.000000000000000000e+00
0.000000000000000000e+00
0.000000000000000000e+00
0.000000000000000000e+00
0.000000000000000000e+00
0.000000000000000000e+00
0.000000000000000000e+00
0.000000000000000000e+00
0.000000000000000000e+00
0.000000000000000000e+00
0.000000000000000000e+00
0.000000000000000000e+00
0.000000000000000000e+00
0.000000000000000000e+00
0.000000000000000000e+00
0.000000000000000000e+00
0.000000000000000000e+00
0.000000000000000000e+00
0.000000000000000000e+00
0.000000000000000000e+00
0.000000000000000000e+00
0.000000000000000000e+00
0.000000000000000000e+00
0.000000000000000000e+00
0.000000000000000000e+00
0.000000000000000000e+00
0.000000000000000000e+00
0.000000000000000000e+00
0.000000000000000000e+00
0.000000000000000000e+00
0.000000000000000000e+00
0.000000000000000000e+00
0.000000000000000000e+00
0.000000000000000000e+00
0.000000000000000000e+00
0.000000000000000000e+00
0.000000000000000000e+00
0.000000000000000000e+00
0.000000000000000000e+00
0.000000000000000000e+00
0.000000000000000000e+00
0.000000000000000000e+00
0.000000000000000000e+00
0.000000000000000000e+00
0.000000000000000000e+00
0.000000000000000000e+00
0.000000000000000000e+00
0.000000000000000000e+00
0.000000000000000000e+00
0.000000000000000000e+00
0.000000000000000000e+00
0.000000000000000000e+00
0.000000000000000000e+00
0.000000000000000000e+00
0.000000000000000000e+00
0.000000000000000000e+00
0.000000000000000000e+00
0.000000000000000000e+00
0.000000000000000000e+00
0.000000000000000000e+00
0.000000000000000000e+00
0.000000000000000000e+00
0.000000000000000000e+00
0.000000000000000000e+00
0.000000000000000000e+00
0.000000000000000000e+00
0.000000000000000000e+00
0.000000000000000000e+00
0.000000000000000000e+00
