9.339693343385383970e-04
1.093462851738517946e-03
1.156374044242621229e-03
1.281466369794481263e-03
1.119029474282979110e-03
1.431366529803864297e-03
2.016866464712286852e-03
1.093643704325206710e-03
1.479275765944250247e-03
1.506369352161295591e-03
1.547197802936583913e-03
3.017976381254828828e-03
2.354166827445367850e-03
2.707923072344315535e-03
3.210585841310318028e-03
3.187968847369266993e-03
3.140191758904505286e-03
3.372811320734974468e-03
3.468386114633008332e-03
3.384996399149364527e-03
3.635004809781140420e-03
4.046217707652050195e-03
4.059533517497922704e-03
4.068888338855519704e-03
4.094798795090635012e-03
4.042485617906464018e-03
4.056750959143704156e-03
4.446008631775498661e-03
4.980561012917051646e-03
5.053889404853481246e-03
4.883746112478225959e-03
4.633400292372602015e-03
4.207763332248464633e-03
3.809357688481227518e-03
3.924139109413253730e-03
4.033730663847120632e-03
4.052078236264165974e-03
4.804410258165530030e-03
5.172251861423971322e-03
5.173957649013267469e-03
4.955300758688582601e-03
4.951858150581010289e-03
4.966943576467043944e-03
4.885013331651152403e-03
4.761913555810541251e-03
4.589479354416140140e-03
4.388658582874334010e-03
4.246833899648866026e-03
4.099219883652583697e-03
3.943422561404811774e-03
3.792185619138719026e-03
3.677979958604101970e-03
3.559806885365443280e-03
3.544860021255261812e-03
3.536528031574017860e-03
3.536104933688982016e-03
3.513509442851189910e-03
3.547174725828917095e-03
3.547842064388526465e-03
3.575636179260421703e-03
3.652437000827961095e-03
