2.293553906100997877e-03
2.300951935035822505e-03
2.671363390705120983e-03
2.788849197321006685e-03
3.116291526742011753e-03
3.529187273597994556e-03
3.780637773646140093e-03
4.304583188024537627e-03
4.246322405735054352e-03
4.026535206571243107e-03
3.882747471028175860e-03
3.655181692421041479e-03
3.591365906365846534e-03
3.539135114835520544e-03
3.474230950881318156e-03
3.417119426296074541e-03
3.215025273837474225e-03
3.174781617365671389e-03
3.084428829301104954e-03
3.061628615481518014e-03
2.986445678307446568e-03
2.850207157036082056e-03
2.862995562642812672e-03
2.759410896752266529e-03
2.710496172651285802e-03
2.652185877685347189e-03
2.593655644168971902e-03
