1.126544564297835612e-03
1.184811073242313497e-03
1.652689883050632120e-03
1.985149766385763733e-03
2.077765056654872714e-03
2.775795849020135184e-03
3.077796972633762857e-03
3.666916543613223112e-03
3.801135488769736680e-03
4.330874059887198681e-03
4.745599868427046938e-03
4.943636286106940607e-03
5.141691246858304948e-03
5.017963394334577429e-03
5.129331014005810395e-03
4.920567421059314842e-03
4.870955774453592999e-03
4.795195649510005168e-03
4.794884529929105063e-03
4.515387913418084272e-03
4.292138808176033070e-03
4.185486052923995462e-03
3.976506172581313267e-03
3.969610479132717161e-03
3.944719899032942019e-03
3.827724270379193657e-03
3.763446949697744643e-03
3.650476151525065653e-03
3.599977908888855101e-03
3.606420028357865040e-03
3.501464091374701347e-03
3.550895200090446908e-03
