9.793663625967917452e-04
1.263151780876138174e-03
1.393684734934767409e-03
1.603518654210939502e-03
1.777438482041594900e-03
2.298188851353521588e-03
2.406301021274800944e-03
2.830787567159696351e-03
3.469557427210785260e-03
3.786113483607323263e-03
3.981627316516320701e-03
4.276668430536557756e-03
4.188417470006994964e-03
4.403244868657119060e-03
4.179012685020538735e-03
3.937402370456738639e-03
3.496583766991927158e-03
3.452514164831864147e-03
3.401428580377921247e-03
3.278635515918250625e-03
3.318731238828175664e-03
3.217348180958446661e-03
3.214572605656255359e-03
3.072193465424053003e-03
3.077838245338571348e-03
3.009027164300780502e-03
2.918127791360314478e-03
2.911976341883643939e-03
2.866327118330624490e-03
2.755296322933444269e-03
2.686749284352390587e-03
2.615414242098624935e-03
