1.374672116254927086e-03
1.741413855822491032e-03
1.366289400246761647e-03
2.218755253270198857e-03
2.029162581369320893e-03
2.376707483454322620e-03
2.578613086468688979e-03
3.000242521964254123e-03
3.260729198934967862e-03
3.634917957065667699e-03
4.183686817196987859e-03
4.825760417354033396e-03
4.998290434687035350e-03
4.722292447758278701e-03
4.469984256899575160e-03
4.196558982038276625e-03
4.128134628032111876e-03
4.128779188485778157e-03
4.143445082477079794e-03
4.155271297800878887e-03
4.192556254192516922e-03
4.269144365004760681e-03
4.095413666940489819e-03
3.861334867816171908e-03
3.861285985738634706e-03
3.662309467264511249e-03
3.387032285187995938e-03
3.493991524161420108e-03
3.468091709546445439e-03
3.256442710846984591e-03
3.176474220326571101e-03
