9.992503306179905564e+00
6.978763446203460674e+00
6.290476820318285256e+00
5.989705179534031032e+00
4.992709930031408838e+00
4.583801636517519817e+00
3.997992030072432534e+00
3.614482997006893683e+00
2.997289738968138995e+00
2.976370093319310239e+00
2.518400408645731670e+00
2.170427714957575027e+00
1.999818490540836713e+00
1.895074134490473128e+00
1.670446439518623372e+00
1.482800433229329418e+00
1.323036940097213510e+00
1.184873207345728208e+00
1.063820479766487193e+00
9.994830608855169718e-01
9.565797491900642768e-01
8.606679900454123899e-01
7.741779655287561734e-01
6.956187756336609240e-01
6.238070024548207915e-01
5.577905648863468180e-01
4.995510834031804404e-01
4.967943014319573525e-01
4.401803363898069144e-01
3.874187205833889980e-01
3.380653501351522650e-01
2.917451296885933409e-01
2.497948825052294097e-01
2.481389736884389574e-01
2.069736563048367728e-01
1.680138030367739344e-01
