-5.841987096847366806e-03
-1.997284126956211815e-03
-7.316668959307786333e-04
-4.924200905830375223e-03
-1.026498045503521604e-02
-9.702151964038618903e-03
-8.117830752442732611e-03
-7.980719324309083762e-03
-8.032690477942003998e-03
-7.959290395917821906e-03
-1.146030995819689001e-02
-1.069362267864104772e-02
-1.360494257752066678e-02
-1.481679770882498789e-02
-1.434920275786602181e-02
-1.431758041553922271e-02
-1.161476139196434935e-02
-1.162799548581871026e-02
-3.422540348105564123e-02
-1.650463764878996875e-02
-1.236587743823756684e-02
-1.196861517318769177e-02
