-8.675877042054892796e-02
-4.679459353863463927e-02
-4.180477034592025576e-02
-5.896378163002960471e-02
-5.779308279261547582e-02
-4.623582983714669831e-02
-2.890753847542624003e-02
-1.807253455276685433e-02
-2.164106723117924930e-02
-2.058268923595977379e-02
-1.890812497018596119e-02
-1.451643689752020808e-02
-1.052823094007064586e-02
-8.915566321562371985e-03
-9.092059829680206040e-03
-9.016463668963310696e-03
-2.828948877950736643e-02
-1.542881645499601280e-02
-1.867839316690778767e-02
-1.768282584295547202e-02
-2.161062054280556491e-02
