2.027916333581162578e-01
3.350390116122883288e-01
1.139117401958561343e-01
3.182558209668636534e-02
1.272130076664834686e-02
9.343782853992768991e-03
9.748249426756346037e-03
3.244594176587190654e-02
3.599349460318283789e-02
2.689381470390619228e-02
8.763128454500343847e-03
1.698078177370068720e-02
1.067666979794437351e-02
4.830731600992265069e-03
4.665710131512337475e-03
3.640352382365118211e-03
3.652359492956232245e-03
2.718436625238119814e-03
2.680576773482509431e-03
7.997407476882816002e-03
1.137538098670965066e-02
