2.724455991147393826e+06
4.789593885913200676e+06
4.899185046170358546e+06
6.207555554573828354e+06
1.151652543460788578e+07
2.319920880000634864e+07
3.040643317352944985e+07
2.037068148194567114e+07
3.085908265319833159e+07
3.257129139540273696e+07
3.373678406577577442e+07
6.102848807739453763e+07
1.102349003527528048e+08
1.078802573975216150e+08
1.007232769740682244e+08
1.281921366498882324e+08
1.593449226800465286e+08
1.663871880612698495e+08
1.677607147505942583e+08
2.127017286456426382e+08
1.797848212255603671e+08
1.735431368222781420e+08
1.722518801131812334e+08
1.943931014973352551e+08
2.059043636065522432e+08
2.617849375029406548e+08
2.679114535162382424e+08
1.799346105587164760e+08
1.041572764014544636e+08
1.306911899242188036e+08
1.577673145921184421e+08
1.873917877818351686e+08
2.205943738914757371e+08
2.655208539246934652e+08
2.783378040065758824e+08
2.781396009867907763e+08
2.753122253265823722e+08
1.757548927499361932e+08
1.964832427913538218e+08
2.038947188635753393e+08
2.531136797239491045e+08
2.743449086697508097e+08
2.961626610113574266e+08
3.238566307190441489e+08
3.559831291132733226e+08
3.782775952333920002e+08
4.033194939138832688e+08
4.265300216092132926e+08
4.507495684381228685e+08
4.653356473864474297e+08
4.802446221174432039e+08
4.939744361323412657e+08
4.890795414727015495e+08
4.844973686066477299e+08
4.811257891061140299e+08
4.735159599590402842e+08
4.626344821993249655e+08
4.548764368925046921e+08
4.432338308058359623e+08
4.335819240090851188e+08
4.145100421998256445e+08
