1.352949171165877488e+06
5.049371300281017087e+06
7.199841252948665060e+06
9.047133215232931077e+06
5.084274732783345878e+07
9.881310950598305464e+07
1.015851519824063927e+08
1.140938453090700954e+08
1.513776654421989024e+08
2.026894537257830799e+08
1.514049699988674223e+08
1.621001908522663713e+08
1.691516768495723307e+08
1.691574035568473041e+08
1.787135186266863048e+08
1.738629970779814422e+08
1.763826048622922599e+08
1.858198953017286062e+08
1.866493550516634285e+08
1.845432285819137394e+08
1.865065870825642347e+08
1.936313979765942693e+08
1.950131937110225260e+08
2.038244979861204922e+08
2.043291909112828672e+08
2.135463386723662317e+08
2.474246820563725233e+08
2.292153023532584012e+08
2.649287442545178235e+08
2.429542110213276744e+08
2.395601685441344380e+08
