2.661938114458975178e+04
2.745367442203783867e+04
6.283579219233697222e+04
3.960249955694041273e+04
1.936521681935013039e+05
3.299860956564341905e+05
1.454846083259014878e+06
9.906347937540409621e+05
4.320296157311932766e+05
0.000000000000000000e+00
0.000000000000000000e+00
1.622912068587998692e+04
3.196291641995570972e+05
1.797822934367134585e+05
2.393545478478485893e+05
3.003237079166700714e+05
1.671135556023957324e+05
2.464066625531802129e+04
0.000000000000000000e+00
7.038125494800065644e+04
0.000000000000000000e+00
1.461128820318736834e+05
1.236967544026740798e+05
4.664551386647525942e+04
3.555403757549701550e+04
2.269243655363740800e+03
2.000447295483129346e+04
2.236224441344436491e+04
0.000000000000000000e+00
2.946749731142282690e+04
6.155896089178581315e+04
