1.044678041694002599e+07
2.113759054041293636e+07
2.662867541286320612e+07
3.747972240804711729e+07
5.811014046846458316e+07
6.100552122435270250e+07
1.164303281168899834e+08
1.267734871539665014e+08
1.292582442158085704e+08
1.013936323551779985e+08
5.452350335839078575e+07
3.511165877365902811e+07
2.884035677336098254e+07
3.611910711182046682e+07
3.171149187779611722e+07
4.124446915746960789e+07
3.150411722538398951e+07
2.765287239385590702e+07
2.678555205454983935e+07
1.903725518034851179e+07
1.448294415166499838e+07
9.148485478085562587e+06
1.029330050392130576e+07
9.903908052681956440e+06
9.767797049105310813e+06
9.993484878278590739e+06
1.112054829615911469e+07
1.158010364489318617e+07
1.243841566059324518e+07
1.397685475042556971e+07
1.753357966463201493e+07
