2.170984494600683323e+00
2.601718309536267260e+00
3.032452124470415455e+00
3.288200327087500874e+00
3.463185939405244440e+00
3.893919754340563699e+00
4.324653569275711540e+00
4.755387384211404722e+00
5.186121199149151373e+00
5.616855014083957265e+00
5.869238108771372531e+00
6.047588829018466505e+00
6.478322643953772442e+00
6.909055792822211828e+00
7.339790273825703260e+00
7.770524088762219783e+00
8.201257903699504581e+00
8.611801071060490642e+00
8.631991718635525501e+00
9.062725533570999303e+00
9.493459348506791073e+00
9.924193163441568544e+00
1.035492697837637444e+01
1.076883525366795169e+01
1.078566079331399052e+01
1.121639460825199741e+01
1.164712842319045194e+01
1.207786223812887449e+01
1.250859605306739120e+01
1.293932986800582974e+01
1.337006368294392367e+01
1.380079749788224852e+01
