9.320588654699246399e+05
4.011087312010187190e+06
7.010384442886259407e+06
7.285037629438962787e+06
2.795873246055043116e+07
9.234132747571946681e+07
8.928339175781595707e+07
9.538114882783234119e+07
1.112155435774784237e+08
1.632977617495060563e+08
1.502651558972877860e+08
1.304245237482119799e+08
1.352112780563565493e+08
1.301142253299839646e+08
1.442245604144592881e+08
1.484612093927539289e+08
1.481914629409269392e+08
1.464807908948333561e+08
1.455334224121942520e+08
1.401538630832621753e+08
1.321475204734585285e+08
1.314455368218268901e+08
1.354040036008624732e+08
1.393040931696799099e+08
1.394592806257182062e+08
1.418290107912705541e+08
1.435218605460613370e+08
1.461916204587894380e+08
1.497043272273250520e+08
1.557255818045067787e+08
1.606658851072508693e+08
1.674724046673694253e+08
