8.678613104176402092e+08
1.415244853506814957e+09
1.524549168700259447e+09
2.192911359677280426e+09
4.922515614228574753e+09
5.477815228578084946e+09
6.266314585723245621e+09
8.998287029063589096e+09
1.361211888830973434e+10
1.672712909789866066e+10
1.676756948274008179e+10
1.131224641755796242e+10
3.349889777230472565e+10
3.874700004673159027e+10
3.831778791786160278e+10
3.993441425065082550e+10
4.757842700411884308e+10
5.149738184240007782e+10
5.562512410433826447e+10
6.303393996197716522e+10
6.291441471548934937e+10
6.708302929362322998e+10
6.780554882680652618e+10
7.063391930691589355e+10
7.480726925003373718e+10
7.321115683794535828e+10
7.282853392175416565e+10
7.630269702587138367e+10
8.131111543182633972e+10
8.357777243667445374e+10
8.697376711268885803e+10
8.841175286401885986e+10
9.539063453989231873e+10
9.323167582575057983e+10
9.213948810404057312e+10
8.992266202032698059e+10
8.995091247727108765e+10
9.521881865414961243e+10
9.724930477097872925e+10
9.873213108690663147e+10
9.692130337418205261e+10
9.427077855205265808e+10
9.035294662537934875e+10
8.789526442211724854e+10
8.619049380373652649e+10
8.437742603306907654e+10
8.372571584985281372e+10
8.320822136916197205e+10
8.356078910408483887e+10
8.328226667135087585e+10
8.295514963915447998e+10
8.348657349740719604e+10
8.483173807127702332e+10
8.545011245984826660e+10
8.541065451543463135e+10
8.629631382296153259e+10
8.718218611286163330e+10
8.837629378924346924e+10
8.917217148444058228e+10
9.023815843770239258e+10
9.133406730682073975e+10
