4.445091171569167078e+07
1.082671722341395542e+07
1.871716198086158931e+07
4.320064432625914365e+07
5.605906304954942316e+07
2.672707360853251815e+07
6.772702727823524177e+07
9.423928537564751506e+07
2.294253550078184903e+07
1.587348901194282109e+06
4.410492228788297507e+05
2.161891840811161399e+08
2.212061245264289379e+08
2.304735516650941689e+06
4.372080869535021782e+08
1.366676707726233602e+08
8.563127666302488744e+07
1.892186240858711004e+08
2.725730464119266272e+08
2.195085604979659915e+08
1.216050395502460748e+08
8.119688021940663457e+07
1.697820833009642363e+08
1.253248854081152081e+08
2.383400104545265436e+08
2.749720878010159731e+08
5.322815303188095689e+08
9.842012629452469349e+08
7.612345684411035478e+07
1.353086513992665112e+08
1.543868670438275337e+08
2.010512994678701162e+08
2.074224506698037386e+08
2.874244179601732492e+08
3.487436098634938598e+08
5.836944801629521847e+08
6.011851326880352497e+08
5.695828757354174554e+07
4.722646992288836837e+07
1.011557583978699595e+08
1.813880180385925770e+08
1.909837431453033686e+08
2.233995634692433774e+08
2.561479930129866600e+08
2.063460614219108820e+08
2.655615822190915644e+08
2.936262067295496464e+08
3.065539632552013397e+08
2.553518644954179227e+08
3.013350680222551227e+08
2.866143380779502392e+08
1.782278166105803251e+08
2.668476414908559918e+08
2.493658082654979229e+08
2.142474719656270742e+08
2.021145920896587968e+08
2.349320786792501211e+08
2.118347020513993800e+08
2.448303271220420599e+08
2.748920305185097456e+08
2.470955212110551894e+08
