1.712358294445838213e+09
2.001173190366390705e+09
1.937433626873854160e+09
2.257252009235363007e+09
3.504720617685895920e+09
5.114841417594850540e+09
5.039497402361733437e+09
5.284585010899316788e+09
3.805003658702239037e+09
3.626331175805842400e+09
4.058185449722087860e+09
5.123045388999114990e+09
6.772876664054761887e+09
3.236260457833713055e+09
6.547914860685300827e+09
7.771067348720581055e+09
9.091773983222770691e+09
8.553359181265388489e+09
8.665227725244886398e+09
1.011773410909943771e+10
7.979806490792131424e+09
6.822170875365360260e+09
7.016957487151208878e+09
8.424823194030509949e+09
8.811881646101423264e+09
1.029538849844747543e+10
9.053583456558572769e+09
5.482523859976848602e+09
1.906167735628924608e+09
3.842542222531085014e+09
4.621347917261983871e+09
5.872927826977519989e+09
7.226353754874176025e+09
8.950330751488065720e+09
9.396141933165685654e+09
8.998907314955718994e+09
9.049886541431249619e+09
3.002104669604834557e+09
5.668917732737113953e+09
5.702291923709061623e+09
7.549114600299183846e+09
8.705729298167875290e+09
9.267833215627330780e+09
9.440973033864393234e+09
9.892819564756401062e+09
1.132823130544143677e+10
1.214769814674708366e+10
1.309956808153582382e+10
1.325313674896443176e+10
1.379563709258329010e+10
1.433363227125642776e+10
1.404404914645972252e+10
1.386145277453133965e+10
1.315390481055412292e+10
1.274870411789424324e+10
1.220043443776438713e+10
1.174276022812585068e+10
1.111727182092485046e+10
1.089560802899704742e+10
1.023712869286890602e+10
9.605838600389646530e+09
