0.000000000000000000e+00
1.599284712891111150e+07
3.728968591817381978e+07
5.899573060145303011e+08
1.959674734917681932e+09
2.326323626396210670e+09
3.307727548761545658e+09
5.066851865360712051e+09
7.935233920516919136e+09
1.085262645365137482e+10
1.107948576317291641e+10
8.260513930292227745e+09
2.382806907520831299e+10
2.767549590336519623e+10
3.209464899126951599e+10
3.352914027792199707e+10
4.090540184422418213e+10
4.501320767506541443e+10
4.984478045406721497e+10
5.386029626975424957e+10
5.692762831281648254e+10
6.172707995654824066e+10
6.267281209991712189e+10
6.472467989461423492e+10
6.926256407388066101e+10
6.677287287453376770e+10
6.660567491210002136e+10
7.115933422796330261e+10
7.769162651843415833e+10
7.950910216679312134e+10
8.181839693650648499e+10
8.273994318537631226e+10
8.935159873973693848e+10
8.506796527995272827e+10
8.525250528986457825e+10
8.300998461685852051e+10
8.319560471972181702e+10
8.851579489010777283e+10
9.103423225226292419e+10
9.220692129036514282e+10
8.900460164525616455e+10
8.713511454293957520e+10
8.348737736109417725e+10
8.029221442012596130e+10
7.805786274693000793e+10
7.685186285952201843e+10
7.621695562948800659e+10
7.617445371621424866e+10
7.643942135884103394e+10
7.675721730899548340e+10
7.704967585009405518e+10
7.772066264100437927e+10
7.906226306615994263e+10
8.005592883917163086e+10
8.020864147465106201e+10
8.131165547109356689e+10
8.217272333621487427e+10
8.352786911769749451e+10
8.439629593789819336e+10
8.525149473361174011e+10
8.636100752022917175e+10
