2.535768693147786617e+09
3.389598479520879745e+09
3.405975947675078392e+09
3.817005418571854115e+09
6.411502433947239876e+09
8.239605946168191910e+09
7.930357412045198441e+09
9.121780889226547241e+09
9.458946090994270325e+09
9.499246471151935577e+09
9.745828120066377640e+09
7.958588692183734894e+09
1.622249923662473679e+10
1.430545986568344498e+10
1.233384570032388878e+10
1.403967365067677498e+10
1.567916786645438766e+10
1.484831472451418114e+10
1.417299832910399437e+10
1.907186924082437515e+10
1.384498785391474533e+10
1.209692333222095680e+10
1.197991213073964882e+10
1.420873772092405319e+10
1.411824681179999352e+10
1.645870037405802917e+10
1.474416093589389801e+10
9.641685394939666748e+09
5.449533192177028656e+09
7.775903841013151169e+09
9.622331226400516510e+09
1.134368620615223312e+10
1.305796710435977554e+10
1.682661687932575989e+10
1.593438113747821236e+10
1.532789023826123047e+10
1.520400916629247284e+10
9.648170146073183060e+09
1.183676378152996254e+10
1.212634596185269737e+10
1.528442831118647194e+10
1.565040956413560867e+10
1.591000291644327736e+10
1.678787504284270287e+10
1.781910456014099503e+10
1.858823289676938629e+10
1.936283216038233948e+10
1.982678177122831345e+10
2.011915262971279907e+10
2.001935138691638947e+10
1.995249172223891449e+10
1.963173218625196838e+10
1.936408013815756989e+10
1.829872262296525192e+10
1.773646968671217346e+10
1.698297819754271889e+10
1.651729092609337234e+10
1.575386179041948318e+10
1.542665324841737938e+10
1.494890036644108772e+10
1.433180286577021599e+10
