5.947927611547901761e+05
1.306337947777134134e+06
1.545774099764750805e+06
2.501510398651533294e+06
4.932402743144474924e+06
7.756533923875332810e+06
1.211878437634102255e+07
1.004597386714508384e+07
2.098780462669646740e+07
2.950601142953177169e+07
2.883361381286422908e+07
3.531540015331808478e+07
9.839756713892947137e+07
1.569628768905967176e+08
1.337559671398987621e+08
1.383555192783766091e+08
1.580421937862076461e+08
1.782205993323483765e+08
1.956012484980182946e+08
2.362315523941698670e+08
2.409690964147401750e+08
2.829450979262751341e+08
2.867064120380991101e+08
2.908261561042285562e+08
3.247633205499566793e+08
3.065335603287312388e+08
3.045572753715518713e+08
3.839153953411265016e+08
4.719510965136619806e+08
4.749324742410190701e+08
4.735519606801044345e+08
4.573290749751882553e+08
4.665019874550415874e+08
4.395255050332049131e+08
4.271125894355939627e+08
4.142252957584173083e+08
4.133052876414535642e+08
5.382177686229707003e+08
5.579674763868703842e+08
5.760183156687018871e+08
5.612871485715395212e+08
5.387460645902287960e+08
5.186479425338321924e+08
5.071044193539232612e+08
4.898789005366026759e+08
4.584207188755290508e+08
4.373016161873731017e+08
4.093095922641938925e+08
4.003785602819935083e+08
3.755882202059903145e+08
3.461558686430766582e+08
3.404541071435500979e+08
3.253883971620234251e+08
3.196065049405726790e+08
3.059659570520090461e+08
3.039405964385659695e+08
3.009152579968495369e+08
3.067143651647487283e+08
3.019708023752465844e+08
3.076685850162506700e+08
3.255400526199886203e+08
