2.203877754233654588e+06
3.505211403578471858e+06
3.413420264673473313e+06
4.288352318551912904e+06
8.157484288450073451e+06
1.763001846338534355e+07
2.321960523354887962e+07
1.452382885228777863e+07
1.680932498413620889e+07
1.559007201104746200e+07
1.761761540790885314e+07
4.722466804811162502e+07
6.060912054825141281e+07
2.666159132294682786e+07
6.782367466272893548e+07
8.286110923679786921e+07
1.131640793461614102e+08
1.169932554744172841e+08
1.240880722763876319e+08
1.444507494208499491e+08
1.311728474225788713e+08
1.119223574300507456e+08
1.145728195389575958e+08
1.391556551099276841e+08
1.585117865854647160e+08
1.981313834688712060e+08
2.067279330278315544e+08
1.338695539662353396e+08
4.322495402558909357e+07
7.632459002970716357e+07
9.516246396077637374e+07
1.227228057151926160e+08
1.535460239166957736e+08
1.929824472349803448e+08
2.142276132093562782e+08
2.128323254302489161e+08
2.138971115580060482e+08
6.509751789943857491e+07
1.064654996849373132e+08
1.091033686019034684e+08
1.398065800282627344e+08
1.739294139923322201e+08
2.008501907091831565e+08
2.189917166545860469e+08
2.431537922753413618e+08
2.819621539708812833e+08
3.116835717143234611e+08
3.463129029082312584e+08
3.627015979583600760e+08
3.922922755915318727e+08
4.234775520404577851e+08
4.309287571297992468e+08
4.410233301110225916e+08
4.366005619830291271e+08
4.361743215326256752e+08
4.265085343024835587e+08
4.175969560798459649e+08
4.004303675133834481e+08
3.956942228575449586e+08
3.778707814029655457e+08
3.537584795882596374e+08
