7.421452424105099635e+04
1.616444366566003191e+04
3.624738209266211197e+04
1.003540291119149770e+05
1.674573474213152076e+05
8.409515127943948028e+04
3.937036089440152282e+05
4.168969225335125811e+05
1.285633139359626075e+05
8.275416147219169943e+03
2.293695095636518090e+03
2.663417011664764490e+06
2.648744246580326930e+06
1.814206796844858036e+04
5.968984482738745399e+06
2.064646203321558423e+06
1.281517337114000460e+06
3.328129041686451528e+06
4.948015596215395257e+06
4.186124549692738336e+06
2.096883410486633424e+06
1.531213784142838325e+06
3.342336665520771407e+06
2.735296083362347446e+06
5.535321985391078517e+06
6.244329347105094232e+06
1.549048147313260660e+07
3.056556421010071784e+07
2.039851074747873237e+06
3.649506287594033405e+06
4.223316703147082590e+06
6.016078224273730069e+06
7.029258304663283750e+06
1.007488772444261238e+07
1.308583881409838237e+07
2.110839876736967266e+07
2.254208298866198212e+07
1.750992522211690433e+06
1.230636790301932488e+06
2.630525887651795521e+06
4.575114574923783541e+06
5.369684091042876244e+06
7.270534981916727498e+06
9.675093143717639148e+06
8.488193394164832309e+06
1.177732367536008544e+07
1.372609064890245721e+07
1.496680282996981964e+07
1.270819656756183319e+07
1.523284054371511564e+07
1.487702345684089512e+07
8.734346518078636378e+06
1.424602220053819939e+07
1.450090247364030592e+07
1.300121899392949790e+07
1.260647347078835033e+07
1.479478903908153623e+07
1.340029789545524493e+07
1.534588435815702751e+07
1.709864786104008555e+07
1.531341826048076339e+07
