0.000000000000000000e+00
5.791021776745493298e+03
2.376193617520230328e+04
4.819531335177035071e+05
1.405904249565348262e+06
2.103248435974886641e+06
4.538252827416434884e+06
3.782224314953683876e+06
6.809483643698382191e+06
1.251651662902927212e+07
1.271215145990166999e+07
1.884816311237040907e+07
4.612304308784773201e+07
7.572606874805350602e+07
9.488738034582072496e+07
9.095984566196466982e+07
1.105798331152085215e+08
1.254985377038094252e+08
1.469805904275963008e+08
1.637944486196844876e+08
1.902602392012719810e+08
2.197931047499049604e+08
2.256850147983546853e+08
2.328534136334585547e+08
2.718354215434780121e+08
2.366356769475567341e+08
2.278832734100125432e+08
3.072847745385444760e+08
4.089789230630487204e+08
4.169163680589133501e+08
4.067237933456154466e+08
3.866440146842717528e+08
3.924243791755982637e+08
3.569122106190494299e+08
3.499165598242762089e+08
3.278096214345057607e+08
3.293480908842152357e+08
4.258094012502614856e+08
4.667190964901517630e+08
4.785964395193784237e+08
4.434049343009294271e+08
4.329608858217673302e+08
4.160649372497410774e+08
3.925644121457475424e+08
3.685613703045057654e+08
3.503279539376581907e+08
3.319396033389108777e+08
3.141256707332419157e+08
2.996223932346687913e+08
2.873120078673596382e+08
2.745117751092501283e+08
2.686740816229293942e+08
2.630861635998061895e+08
2.572087958433138728e+08
2.480132704845911562e+08
2.443266973112209141e+08
2.410829428382890224e+08
2.388679978901723623e+08
2.390853100687987506e+08
2.348587945490911305e+08
2.494750717479419112e+08
