4.163210967801145077e+09
8.733000457714014053e+09
1.284204027974862480e+10
1.046416851892241096e+10
3.333544068005481339e+10
4.086483057442242432e+10
5.032565174410959625e+10
5.181357626779814911e+10
5.923964634402333069e+10
6.106852364067579651e+10
3.906376745624496460e+10
3.831170451829457855e+10
3.711463918455570984e+10
3.737751338781095886e+10
4.093813535565779114e+10
4.375186370685624695e+10
4.550081494427711487e+10
4.778093363386312866e+10
4.785665572749034119e+10
4.636465371159091949e+10
4.609499563395098877e+10
4.786118335601049042e+10
4.978542034316136932e+10
5.420762986421768188e+10
5.437422531680454254e+10
5.911247437918801880e+10
6.878986921709878540e+10
6.672656288012773132e+10
7.435664507689726257e+10
7.293882580861828613e+10
7.343468119756735229e+10
