9.700597750188030303e+06
7.449424347998686135e+06
1.349192284718573652e+07
6.014028129421263933e+06
3.107369424172592908e+07
4.077026207003682852e+07
1.334808805104682893e+08
7.477533831454920769e+07
2.785682889311335236e+07
0.000000000000000000e+00
0.000000000000000000e+00
1.229467781951034209e+06
2.662985884384721518e+07
1.589323012826943584e+07
2.107243161132204905e+07
2.631231982157213986e+07
1.504270195179759152e+07
2.149462796041263267e+06
0.000000000000000000e+00
6.380409825294914655e+06
0.000000000000000000e+00
1.485989780205733515e+07
1.329856878892940655e+07
5.602870626017725095e+06
3.996923584966357332e+06
2.541563914833181479e+05
2.602143560521055479e+06
3.533550689267449547e+06
0.000000000000000000e+00
4.684047816309237853e+06
9.241313473972029984e+06
