2.170984494600634029e+00
2.601718309536559914e+00
3.032452124470372823e+00
3.288200327087789976e+00
3.463185939404851421e+00
3.893919754340935402e+00
4.324653569277431053e+00
4.755387384214945889e+00
5.186121199153320482e+00
5.616855014087776432e+00
5.869238108775559404e+00
6.047588829022921608e+00
6.478322643959254279e+00
6.909056458894330177e+00
7.339790273828588951e+00
7.770524088765034421e+00
8.201257903703142560e+00
8.611801071063936774e+00
8.631991718639111966e+00
9.062725533574605308e+00
9.493459348509469820e+00
9.924193163443923993e+00
1.035492697837829290e+01
1.076883525366750582e+01
1.078566079331335104e+01
1.121639460825008072e+01
1.164712842318752983e+01
1.207786223812601989e+01
1.250859605306448685e+01
1.293932986800294493e+01
1.337006368294005831e+01
