2.518326499803435326e+09
2.815431745908718109e+09
3.662723327396787643e+09
3.994798837219655991e+09
4.804634252784544945e+09
4.112961334000080109e+09
7.625410334156867981e+09
6.710341042280719757e+09
7.842571188069608688e+09
4.566220394010066032e+09
2.580865124470863819e+09
1.420246116655424356e+09
1.430049874193958521e+09
1.883153731313244581e+09
1.566661592221669197e+09
2.229302059108663082e+09
1.699725463173459530e+09
1.236052625092299461e+09
1.202627626019908190e+09
1.062434191541146636e+09
7.950466517105484009e+08
4.289736421245385408e+08
3.914849415836699009e+08
3.250825880980052948e+08
3.266214056985423565e+08
3.218824501025352478e+08
2.907180646887592077e+08
3.410679353073399067e+08
4.151850346225828528e+08
4.634610108632848859e+08
6.980537026800612211e+08
