5.160462439886445045e+09
7.121374106998334885e+09
9.025755162404331207e+09
8.439646442517550468e+09
1.321691499452663612e+10
1.047200052244521713e+10
1.466406129929679489e+10
1.293021657781027222e+10
1.250494108168050194e+10
8.513124202374530792e+09
5.112999584944030762e+09
3.633072100405637741e+09
3.232562226296699047e+09
4.148304981719448090e+09
3.659802921079489708e+09
4.527969261705230713e+09
3.641889522981689930e+09
3.067369841612385750e+09
2.965867888949540138e+09
2.113778237580600262e+09
1.673191964397195578e+09
1.064664564907556057e+09
1.297345306484821320e+09
1.337396543248974800e+09
1.317883878176746368e+09
1.388502249445760250e+09
1.581718574726894379e+09
1.680648226107860327e+09
1.891245720631348848e+09
2.154141822148562908e+09
2.732096220467566013e+09
