1.511374429967947006e+09
4.419608672276397705e+09
7.465516521893896103e+09
6.013306885495096207e+09
2.489208624407099152e+10
3.446502112390725708e+10
4.315351989845920563e+10
4.551892539395403290e+10
5.454941962151931763e+10
5.712161983231132507e+10
3.653163299577179718e+10
3.609764906676241302e+10
3.528549697360912323e+10
3.509646890727648163e+10
3.882392159518864441e+10
4.142688418443808746e+10
4.354360818251708984e+10
4.594746695454701233e+10
4.609341546456069946e+10
4.530692925572618103e+10
4.521685032126434326e+10
4.721063253542541504e+10
4.886626140947130585e+10
5.318971303844068146e+10
5.337896592074137115e+10
5.804560042345332336e+10
6.749626656350012207e+10
6.538344903863792419e+10
7.288058439088851929e+10
7.124346094951667786e+10
7.139139736630586243e+10
