5.590935928070446476e+06
1.522622832914938033e+07
2.073495750864937901e+07
2.536637477719052881e+07
8.319579752869252861e+07
1.337468811564625353e+08
1.479030704068846405e+08
1.649383495013263524e+08
1.855259167185553908e+08
2.419472895126209855e+08
1.746695111197031140e+08
1.813018547377717495e+08
1.835484103061522543e+08
1.879732165411876440e+08
1.957058838533666134e+08
1.930918104570833445e+08
1.907910684745382071e+08
2.010338867766571045e+08
2.013199765140093267e+08
1.931450960249715149e+08
1.935463192608703673e+08
1.991378768559980989e+08
2.020009817033514977e+08
2.110496524750007689e+08
2.113918696123125255e+08
2.209676732277236581e+08
2.562877896722679734e+08
2.383146776407173872e+08
2.746070227554084659e+08
2.538998435039955676e+08
2.525899685470620394e+08
