6.235413041180048138e+06
1.098818718596661277e+07
1.315639494935483113e+07
2.120008334564645961e+07
2.595074243579899520e+07
2.640173566952967644e+07
7.156725577567076683e+07
7.691961775546433032e+07
9.554202255518332124e+07
6.213579656834000349e+07
3.125896223755508661e+07
1.592622400883956999e+07
1.476325248098062165e+07
1.748307642091684416e+07
1.495848119896370359e+07
2.231597948628434911e+07
1.726276716874043643e+07
1.246352158518283814e+07
1.211493059220387042e+07
1.050576899223873764e+07
7.443211973358869553e+06
3.788119480713576078e+06
3.429209265995055437e+06
2.725399077668156009e+06
2.740672385651115328e+06
2.574419566576522309e+06
2.277445153218437918e+06
2.503090601847644430e+06
2.760137159702621400e+06
3.060689765069118235e+06
4.565338622596187517e+06
