2.603494132267899036e+09
4.167038944520444870e+09
3.169461986038894653e+09
4.116227025208125114e+09
4.985356036639320374e+09
1.738188183211733818e+09
6.313082813316321373e+09
5.071485082998482704e+09
7.267655422489229202e+09
5.672311382245769501e+09
2.120302282630174398e+09
1.184696098527225018e+09
9.732774450295925140e+08
1.378864044618551493e+09
1.452789225611238480e+09
1.522364688447577238e+09
1.090441150354848146e+09
2.445980478124857545e+08
2.297642457211287618e+08
2.177956726433299184e+08
1.888865685522865653e+08
1.598109572731034756e+08
1.564998844985135794e+08
1.663284117635141611e+08
1.634517718303906322e+08
1.679654224866412282e+08
1.843336307740309238e+08
1.574467715474781096e+08
1.450103382915776372e+08
1.532518527521962225e+08
1.929549623268506527e+08
2.723956447837431431e+08
