3.344407001970120907e+09
7.137174453515736580e+09
1.172697830798337364e+10
9.493566349758523941e+09
3.005420652332944107e+10
3.955094522125219727e+10
4.913084954475885773e+10
4.862463478716548920e+10
5.356364776366342926e+10
6.335165671740068054e+10
5.065671603471858215e+10
3.662848003885037994e+10
3.508707684940150452e+10
3.408504649596726608e+10
3.881708788191516113e+10
4.255740187706414795e+10
4.310833323632958984e+10
4.281285565519297791e+10
4.269084082827284241e+10
4.185486552634284210e+10
4.028796463526325226e+10
4.118797459166979980e+10
4.347876713710628510e+10
4.608290872177483368e+10
4.618995556349685669e+10
4.837025900148838043e+10
5.012443251974784851e+10
5.195319115736651611e+10
5.396900014453511047e+10
5.719818328145873260e+10
6.007118526880227661e+10
6.336876135846769714e+10
