6.792860700080944225e+06
2.967316335095879436e+07
4.138241224396836944e+06
4.487288402326752990e+07
9.124730823244214058e+07
2.077628842935825000e+06
1.051650130048151463e+08
2.485138825167861581e+07
3.152831531542287674e+06
9.505430568689514697e+07
0.000000000000000000e+00
0.000000000000000000e+00
0.000000000000000000e+00
8.100716091557526961e+06
0.000000000000000000e+00
3.168913909423980862e+07
9.818677237528655678e+06
5.235498179217780940e+06
1.764041198136594146e+06
3.943652160777932964e+06
9.875760745498337783e+05
2.636088820458168630e+05
0.000000000000000000e+00
2.720342107910588849e+06
0.000000000000000000e+00
9.577436674957752693e+05
9.212240025509992847e+05
9.580319537714410108e+05
0.000000000000000000e+00
1.486153054466249596e+05
4.835645128685537493e+05
2.389735473294340074e+06
