1.304012189011444569e+09
3.783441464381673813e+09
7.168190431031023979e+09
5.267667562054645538e+09
2.071617613783463669e+10
3.359075729776052475e+10
4.071799296394029236e+10
4.265207947161672211e+10
4.866275880833360291e+10
5.822390928166251373e+10
4.801109799683965302e+10
3.487333080424775696e+10
3.355356940306875610e+10
3.216432158954897690e+10
3.673997536970880127e+10
4.081988580909835815e+10
4.199691959916432190e+10
4.236887170498992920e+10
4.224856853618300629e+10
4.115731057637630463e+10
3.960380990570404053e+10
4.056507515986357880e+10
4.288237979466862488e+10
4.549427296523342896e+10
4.559780979477983093e+10
4.778286877326292419e+10
4.953383047489321899e+10
5.135310374936969757e+10
5.332659329212917328e+10
5.651455719375582886e+10
5.931763618127217102e+10
6.252102004209301758e+10
