4.637096084526494980e+09
7.491098770303548813e+09
7.724111621766848564e+09
8.297252928888734818e+09
1.423213911390168953e+10
7.696298477860488892e+09
1.462077438113008881e+10
1.101918901029558754e+10
1.216539154628750610e+10
1.070500451229705429e+10
4.765920320509119034e+09
2.939845333129848003e+09
2.506784891362332344e+09
3.291488234945278645e+09
3.529901737817597866e+09
3.228191617319124222e+09
2.192036110282589912e+09
6.833464998362990618e+08
6.702724966128242016e+08
9.114069704490976334e+08
8.720537220369482040e+08
7.824467801972900629e+08
7.528872269361816645e+08
7.522438261970005035e+08
7.555975405474376678e+08
7.543979070446190834e+08
7.740144516261250973e+08
7.565761475905210972e+08
7.874171906975017786e+08
8.367293251496685743e+08
9.460204853440811634e+08
1.117747225685111761e+09
