3.575354221592932474e+06
9.619775464083908126e+06
1.716216979247220233e+07
2.069601205516754091e+07
6.510908987410540879e+07
1.205318644135037065e+08
1.409801386853312254e+08
1.377651565764252543e+08
1.441015648511330485e+08
2.080148995176630616e+08
1.760636340703179836e+08
1.453962012332571745e+08
1.481287848155627251e+08
1.430789612492152750e+08
1.602684002394258380e+08
1.605189523750482202e+08
1.562033883134200573e+08
1.493373248102912605e+08
1.483659245584774315e+08
1.438328944909925759e+08
1.352798983291904032e+08
1.343023619714258611e+08
1.378935627758615911e+08
1.415917608849114180e+08
1.417616587072509229e+08
1.441414174619064033e+08
1.459073743600631058e+08
1.486875019110758007e+08
1.524170667008804381e+08
1.586171993621387482e+08
1.639258089653710425e+08
1.709892421105399728e+08
