6.330411404724613763e+06
1.188448935685626976e+07
8.937848199414733797e+06
2.036275870078763738e+07
2.717894506272538379e+07
9.111921603820251301e+06
5.015423119178286940e+07
4.940209185715023428e+07
6.781158875437910855e+07
7.279541471166726947e+07
2.597809441054258123e+07
1.432605933608896285e+07
9.916676333790257573e+06
1.135133574785567448e+07
1.119821951295331120e+07
1.278063215912384354e+07
9.401350733347229660e+06
1.961177524407396326e+06
1.814597856575549114e+06
1.273480041623119731e+06
1.012966191361413337e+06
7.906730599498702213e+05
6.787118296592866536e+05
6.597664722292434890e+05
6.514459599167086417e+05
6.798557899250865448e+05
7.750401084481561556e+05
7.204876061092724558e+05
6.415793736569363391e+05
6.675043096363940276e+05
8.278942551919524558e+05
1.055079394332606811e+06
