8.945448640937786549e+06
1.736982630084966868e+07
1.907522334676048905e+07
3.346008165161872283e+07
6.357019066375351697e+07
3.729032402073813230e+07
1.009286168640029132e+08
9.150601053861688077e+07
1.006636018776743412e+08
1.162847990171755999e+08
5.177657258357285708e+07
2.929773682113414630e+07
2.283418309299644455e+07
2.424115990001570433e+07
2.724205933791987225e+07
2.456835563570683077e+07
1.732400397575454414e+07
4.771475205370381474e+06
4.631091615757655352e+06
4.922203833803409711e+06
4.138567346958051436e+06
3.645752544851259328e+06
3.168271004658385180e+06
2.936750895747111179e+06
2.953824041449480690e+06
2.988227343202853575e+06
3.156475671995098703e+06
3.211627245534372516e+06
3.354318847212318331e+06
3.558264881570131984e+06
4.085801441953022499e+06
4.562066021011894569e+06
