2.825811990983357464e+04
1.233512080803218123e+05
1.441020224018335648e+04
3.136514748974909307e+05
7.591118125268559670e+05
1.213452086635207706e+04
9.223612552952012047e+05
2.800890671263239346e+05
3.400815035940108646e+04
1.227753462648593821e+06
0.000000000000000000e+00
0.000000000000000000e+00
0.000000000000000000e+00
7.491176707130888826e+04
0.000000000000000000e+00
2.700195057113144430e+05
8.927213008578604786e+04
4.623623449494889064e+04
1.600838710104080928e+04
3.030761555014426995e+04
6.776700135265379686e+03
1.745664697570985254e+03
0.000000000000000000e+00
1.068329171362181296e+04
0.000000000000000000e+00
4.035117358082534338e+03
4.078250454825838460e+03
4.741812861248255103e+03
0.000000000000000000e+00
8.569856982062270845e+02
2.016671359170562482e+03
9.850816491301202404e+03
