1.401621496012831666e+07
1.470091711010093093e+08
1.191322167925346375e+09
1.618496794211131573e+09
1.687937479514342070e+09
1.983830149329272270e+09
2.397192737727561951e+09
2.622470608879732609e+09
2.980198513276046753e+09
5.546343235989713669e+09
5.680595070777255058e+09
4.786932037042652130e+09
4.186346582288985729e+09
4.720697143353317261e+09
5.163744078460969925e+09
1.858862503173066139e+09
6.844478387274208069e+09
6.085835157454132080e+09
6.355112455249228477e+09
7.821122058507946968e+09
5.214979047178823471e+09
4.799849056365584373e+09
5.320387005888516426e+09
2.643152267950464249e+09
4.289356498750328064e+09
5.725259776875040054e+09
5.447963170637048721e+09
5.492971651700998306e+09
5.520337746970375061e+09
7.313112191492324829e+09
7.143796907153085709e+09
6.477785828386429787e+09
6.717384372296371460e+09
7.143383650358860016e+09
7.125211383357477188e+09
7.209196929639202118e+09
7.161246726592341423e+09
6.997252699606607437e+09
6.976432337830915451e+09
7.003392846809300423e+09
7.000224234602254868e+09
6.980614931071932793e+09
