0.000000000000000000e+00
0.000000000000000000e+00
0.000000000000000000e+00
2.173270902090464905e+07
1.021541512315671146e+08
3.729418010308889151e+08
7.204989591523388624e+08
1.079655901660119057e+09
1.417082782708132982e+09
4.099675216923475742e+09
4.055553724447240829e+09
4.346508725385938644e+09
9.963833049149293900e+09
1.148435501201986122e+10
1.343809589480182266e+10
2.898049534230886078e+10
2.693214009939315796e+10
3.682560176451605225e+10
3.808211442173462677e+10
4.414614978939792633e+10
4.493842253885490417e+10
4.705132097165550232e+10
5.256153585012703705e+10
5.621972942872622681e+10
6.139265311547145844e+10
6.985571164412023926e+10
6.759871441977317810e+10
7.045713567039576721e+10
7.046445289494874573e+10
7.098460896861122131e+10
6.966434753402355957e+10
7.024495697544682312e+10
7.043081717021437073e+10
7.035862105604859924e+10
7.038946615191888428e+10
7.159282816091333008e+10
7.347840037103388977e+10
7.648476763161149597e+10
7.765977507416668701e+10
7.810702483622320557e+10
7.953280907944448853e+10
8.093072381483074951e+10
