0.000000000000000000e+00
0.000000000000000000e+00
0.000000000000000000e+00
1.018534477035187774e+04
7.002256803348331596e+04
4.981371977598035010e+05
9.890976143266636645e+05
1.899270993245527847e+06
2.636918425966092851e+06
8.361895933730660006e+06
8.301931980113344267e+06
6.388966281710516661e+06
1.519864470500908419e+07
1.576961446513347141e+07
1.630051432614239864e+07
1.546449682399810553e+08
3.249157764341977239e+07
7.899662410302898288e+07
4.553877188672251254e+07
8.649668452078244090e+07
6.452182969636934996e+07
6.786366475868175924e+07
1.078442374876726270e+08
9.967069972874028981e+07
1.138096916797860861e+08
1.682073839055773318e+08
1.186409336188021004e+08
1.217951282310254425e+08
1.218444017285098135e+08
1.397361819669212699e+08
1.140244574150871485e+08
1.041495102751196921e+08
9.322178193213860691e+07
8.227767054118436575e+07
8.204128542749582231e+07
7.473013497110670805e+07
7.004232506054192781e+07
6.842273054003912210e+07
6.541357962398638576e+07
6.090180895441837609e+07
5.897818645694169402e+07
5.673450218720242381e+07
