1.099886121918636491e+03
7.384951584458287107e+04
1.540371046297685709e+06
2.693283739116991870e+06
3.478161663339097053e+06
7.505510097329179756e+06
7.066063620485801250e+06
1.333566043145641871e+07
2.377286495395009220e+07
5.284410043159230798e+07
5.446035399756332487e+07
8.680351544304083288e+07
6.471684844179678708e+07
7.067952088324663043e+07
7.504900593958762288e+07
1.107901600204909965e+07
1.301733421955167353e+08
9.942372710017201304e+07
1.116433155367142260e+08
1.607031665898627639e+08
1.162822467614952028e+08
1.134940721135164797e+08
1.399756745377749205e+08
5.147065208039677888e+07
5.643013855779114366e+07
7.940260303486409783e+07
8.170264268791376054e+07
8.880761858932119608e+07
8.898660404840442538e+07
1.214915698055817187e+08
1.465904800970205069e+08
1.393551698313136995e+08
1.375080062705687881e+08
1.392380329322795570e+08
1.389649709513950944e+08
1.401027629905042946e+08
1.404511009871703386e+08
1.383659686410076618e+08
1.371231257793312967e+08
1.359237771048792303e+08
1.348338398807290196e+08
1.335126207448612154e+08
